3.0 0.261363 0.531107 0.227523 0.194372
0.0 0.598361 0.401456 0.041232 0.126478
0.0 0.531980 0.403259 0.079688 0.129076
0.0 0.539557 0.585354 0.103012 0.120602
0.0 0.642308 0.520444 0.112137 0.084398
0.0 0.814307 0.282412 0.092295 0.090265
0.0 0.608489 0.185384 0.069485 0.066779
0.0 0.245351 0.111682 0.077534 0.118127
0.0 0.375394 0.303036 0.034571 0.044043
0.0 0.493849 0.331474 0.041302 0.067011
0.0 0.804493 0.582789 0.019932 0.036845
0.0 0.782466 0.502025 0.032850 0.054499
0.0 0.740103 0.606109 0.027682 0.037830
0.0 0.835929 0.180417 0.022625 0.028037
0.0 0.757111 0.342085 0.039307 0.039307
0.0 0.607069 0.791602 0.073287 0.078700
0.0 0.293516 0.780115 0.036699 0.042788
0.0 0.136895 0.841331 0.045190 0.073605
0.0 0.745031 0.852445 0.036995 0.045113
0.0 0.196187 0.368470 0.034177 0.040943
0.0 0.723698 0.524484 0.020005 0.025417
0.0 0.683208 0.229529 0.025147 0.029883
0.0 0.336229 0.072039 0.023400 0.028136
0.0 0.703254 0.139935 0.018947 0.029095
0.0 0.659116 0.115426 0.020017 0.031519
