0.0 0.463736 0.692109 0.073460 0.152934
0.0 0.642151 0.719303 0.059830 0.094931
0.0 0.336138 0.062741 0.131566 0.125481
0.0 0.281299 0.885330 0.054333 0.130496
0.0 0.437564 0.517081 0.074508 0.075832
0.0 0.418276 0.607445 0.079350 0.051534
0.0 0.639461 0.930439 0.035279 0.055810
0.0 0.423712 0.888413 0.041457 0.046093
0.0 0.501849 0.855433 0.030968 0.052161
0.0 0.284067 0.563708 0.044919 0.096577
0.0 0.405793 0.447011 0.047663 0.073493
0.0 0.811194 0.091644 0.068788 0.109850
0.0 0.420056 0.276211 0.030087 0.056579
0.0 0.428642 0.015943 0.033506 0.031885
3.0 0.616777 0.351811 0.225498 0.510282
0.0 0.529447 0.575261 0.072341 0.134597
0.0 0.336374 0.809575 0.035401 0.072489
0.0 0.508719 0.043480 0.032740 0.059232
