0.0 0.439062 0.467188 0.071094 0.085156
0.0 0.541406 0.432813 0.054688 0.119531
0.0 0.502344 0.291406 0.058594 0.157031
0.0 0.673438 0.299219 0.049219 0.090625
0.0 0.262500 0.928125 0.093750 0.143750
0.0 0.288281 0.400781 0.044531 0.104687
0.0 0.742188 0.954687 0.060156 0.085938
0.0 0.337500 0.076563 0.039844 0.112500
0.0 0.699219 0.091406 0.027344 0.062500
0.0 0.475781 0.102344 0.031250 0.049219
0.0 0.385938 0.707812 0.025781 0.056250
0.0 0.393750 0.538281 0.040625 0.060938
0.0 0.439844 0.947656 0.021094 0.053125
3.0 0.592969 0.667188 0.157812 0.486719
0.0 0.428906 0.374219 0.076563 0.032031
0.0 0.690625 0.736719 0.022656 0.050000
0.0 0.353906 0.978125 0.021875 0.042969
0.0 0.378125 0.164062 0.028906 0.059375
