0.0 0.282724 0.867850 0.053254 0.098513
0.0 0.467894 0.847549 0.049244 0.049244
0.0 0.488962 0.687234 0.056046 0.157881
0.0 0.747076 0.867176 0.059473 0.051930
0.0 0.703617 0.673405 0.072932 0.103860
0.0 0.556006 0.554272 0.070008 0.132617
0.0 0.369593 0.472910 0.048370 0.069491
0.0 0.421126 0.520777 0.076611 0.074348
0.0 0.416004 0.602682 0.101835 0.036208
0.0 0.238828 0.571661 0.054987 0.080634
0.0 0.364763 0.315625 0.039570 0.062954
0.0 0.285413 0.079104 0.244378 0.158207
0.0 0.327709 0.071260 0.034249 0.044056
0.0 0.812600 0.110368 0.077882 0.111827
3.0 0.557396 0.213499 0.143470 0.252093
