1.0 0.565706 0.213679 0.135945 0.227475
0.0 0.821403 0.113722 0.082066 0.090252
0.0 0.301180 0.107056 0.248143 0.214112
0.0 0.334209 0.062144 0.040034 0.057150
0.0 0.367087 0.313942 0.030307 0.048910
0.0 0.367566 0.471947 0.049472 0.059146
0.0 0.410385 0.610803 0.110689 0.052646
0.0 0.415318 0.538298 0.098346 0.088672
0.0 0.552271 0.553265 0.078546 0.081522
0.0 0.729873 0.888433 0.032284 0.074700
0.0 0.706416 0.686345 0.053609 0.081142
0.0 0.751900 0.296630 0.035823 0.067077
0.0 0.486196 0.679240 0.071593 0.116242
0.0 0.230563 0.575856 0.054735 0.071850
0.0 0.279995 0.875348 0.055695 0.109273
0.0 0.451085 0.845758 0.029019 0.037948
0.0 0.542065 0.823395 0.012775 0.040309
