3.0 0.634185 0.320677 0.267234 0.614628
0.0 0.636560 0.727572 0.060833 0.094101
0.0 0.432127 0.521780 0.079816 0.091332
0.0 0.455520 0.706408 0.076404 0.155096
0.0 0.330944 0.054070 0.098456 0.108140
0.0 0.279552 0.566452 0.051027 0.120121
0.0 0.271764 0.883671 0.055152 0.126806
0.0 0.627264 0.936771 0.039281 0.050797
0.0 0.412788 0.883793 0.041605 0.055679
0.0 0.487215 0.860746 0.032988 0.048983
0.0 0.424448 0.272463 0.035847 0.061437
0.0 0.403818 0.445670 0.050246 0.071359
0.0 0.413006 0.611250 0.084988 0.060037
0.0 0.524196 0.576999 0.076366 0.141622
0.0 0.816919 0.093320 0.075481 0.101072
0.0 0.435058 0.013759 0.029646 0.027518
0.0 0.517283 0.042553 0.035325 0.058356
0.0 0.729931 0.298072 0.031251 0.069637
