0.0 0.721320 0.925411 0.080445 0.094491
0.0 0.608162 0.711090 0.034437 0.044013
0.0 0.645979 0.513068 0.016514 0.022260
0.0 0.624614 0.554593 0.047528 0.046252
0.0 0.583268 0.490458 0.095879 0.075450
0.0 0.604943 0.405394 0.099874 0.050715
0.0 0.463953 0.428053 0.079024 0.121160
0.0 0.133165 0.842296 0.059889 0.057336
0.0 0.503552 0.910374 0.032634 0.042210
1.0 0.403412 0.777536 0.141014 0.247631
0.0 0.768101 0.457065 0.049299 0.069729
0.0 0.836197 0.420359 0.018693 0.021885
0.0 0.829920 0.355087 0.013941 0.020325
0.0 0.793885 0.310882 0.012776 0.017883
0.0 0.761850 0.354546 0.017153 0.021622
0.0 0.697620 0.234188 0.035095 0.047864
0.0 0.533867 0.325081 0.073035 0.129855
0.0 0.315054 0.283709 0.066321 0.090581
0.0 0.315959 0.097606 0.037761 0.041591
0.0 0.496485 0.172854 0.024103 0.027295
0.0 0.550364 0.219317 0.017528 0.019443
0.0 0.585953 0.154861 0.041855 0.039301
0.0 0.532226 0.102876 0.023577 0.024215
0.0 0.841435 0.181102 0.018186 0.023293
0.0 0.825626 0.153036 0.013414 0.017245
0.0 0.793955 0.417101 0.020983 0.017791
0.0 0.764541 0.417620 0.014803 0.012249
0.0 0.777690 0.498334 0.019311 0.016758
0.0 0.789756 0.715187 0.018206 0.027782
0.0 0.614384 0.943588 0.014842 0.021227
0.0 0.774162 0.820313 0.013546 0.018015
0.0 0.702671 0.747062 0.014599 0.024175
0.0 0.689763 0.762292 0.014842 0.021227
0.0 0.764427 0.167936 0.053927 0.101171
0.0 0.225973 0.670320 0.033029 0.044520
0.0 0.793507 0.739606 0.012269 0.019292
0.0 0.272423 0.588699 0.021266 0.023820
0.0 0.776771 0.656694 0.018581 0.025604
0.0 0.695564 0.357480 0.019614 0.027276
0.0 0.486043 0.335927 0.014711 0.020457
0.0 0.622830 0.212684 0.012117 0.014033
0.0 0.613642 0.229342 0.011874 0.016981
