0.0 0.328125 0.064844 0.045313 0.129688
0.0 0.370313 0.137500 0.033594 0.066406
0.0 0.260156 0.057031 0.016406 0.033594
0.0 0.282031 0.028125 0.014063 0.024219
0.0 0.283594 0.387500 0.040625 0.120312
0.0 0.389062 0.538281 0.047656 0.046875
0.0 0.432813 0.468750 0.076563 0.080469
0.0 0.545313 0.419531 0.075781 0.141406
0.0 0.427344 0.364062 0.082031 0.056250
0.0 0.499219 0.288281 0.050781 0.138281
0.0 0.711719 0.065625 0.030469 0.057031
0.0 0.682031 0.281250 0.043750 0.106250
0.0 0.552344 0.120313 0.025781 0.042969
0.0 0.477344 0.079687 0.041406 0.043750
0.0 0.529688 0.030469 0.024219 0.031250
0.0 0.403125 0.114062 0.017969 0.028125
0.0 0.440625 0.150781 0.016406 0.052344
0.0 0.498438 0.146875 0.013281 0.057031
0.0 0.756250 0.968750 0.055469 0.062500
0.0 0.266406 0.949219 0.101562 0.101562
0.0 0.384375 0.717187 0.035937 0.056250
0.0 0.231250 0.701562 0.028125 0.055469
0.0 0.305469 0.742969 0.025781 0.056250
0.0 0.231250 0.325781 0.026563 0.060938
0.0 0.245312 0.261719 0.013281 0.034375
0.0 0.282813 0.214844 0.010938 0.032812
0.0 0.301562 0.277344 0.018750 0.031250
0.0 0.437500 0.974219 0.030469 0.051562
0.0 0.609375 0.950000 0.041406 0.099219
0.0 0.701563 0.751563 0.029688 0.058594
3.0 0.541406 0.841406 0.095312 0.297656
0.0 0.332812 0.230469 0.014844 0.022656
0.0 0.357031 0.292969 0.014844 0.028125
0.0 0.340625 0.990625 0.015625 0.018750
0.0 0.232812 0.825781 0.022656 0.041406
0.0 0.282031 0.867969 0.028906 0.032031
0.0 0.250781 0.620313 0.015625 0.030469
0.0 0.396094 0.170313 0.010156 0.026562
