0.0 0.806174 0.870652 0.055053 0.091624
0.0 0.660540 0.790766 0.031478 0.057156
0.0 0.815540 0.283110 0.028297 0.043081
0.0 0.798875 0.413646 0.025203 0.050881
0.0 0.635273 0.333832 0.037659 0.039994
0.0 0.525946 0.345989 0.033847 0.063415
0.0 0.427681 0.194037 0.070550 0.059656
0.0 0.392987 0.114488 0.008781 0.046909
0.0 0.360859 0.090398 0.011850 0.032859
0.0 0.220517 0.161273 0.012578 0.019581
0.0 0.226376 0.258906 0.082337 0.076890
0.0 0.275854 0.323552 0.030669 0.050122
0.0 0.278121 0.499326 0.018887 0.034450
0.0 0.235805 0.467464 0.028366 0.060268
0.0 0.415203 0.394870 0.023153 0.124308
0.0 0.479325 0.409457 0.048878 0.110349
0.0 0.793162 0.157417 0.088166 0.166755
0.0 0.451016 0.558790 0.087803 0.076131
0.0 0.360926 0.497432 0.094790 0.065222
0.0 0.261215 0.569707 0.022791 0.033684
0.0 0.626591 0.116678 0.035312 0.039203
0.0 0.365890 0.761477 0.059662 0.072112
0.0 0.228535 0.797964 0.028284 0.039956
0.0 0.203306 0.545719 0.017344 0.039131
0.0 0.784233 0.659020 0.057225 0.048665
0.0 0.590853 0.751982 0.014953 0.027403
0.0 0.359816 0.220090 0.019622 0.022734
0.0 0.174432 0.748962 0.018875 0.031325
0.0 0.700047 0.121071 0.020450 0.034456
0.0 0.654363 0.223599 0.031441 0.047781
0.0 0.280930 0.420408 0.024309 0.022753
0.0 0.257308 0.374408 0.014184 0.030525
0.0 0.366400 0.303658 0.014944 0.025059
0.0 0.327966 0.265531 0.014166 0.025837
0.0 0.488368 0.326608 0.011806 0.021922
0.0 0.575145 0.145790 0.012581 0.020362
0.0 0.198764 0.191829 0.018078 0.027415
0.0 0.204779 0.133210 0.013334 0.013334
0.0 0.348562 0.141228 0.014944 0.025059
0.0 0.177434 0.523167 0.016509 0.025847
0.0 0.379892 0.551263 0.008700 0.026597
