0.0 0.464152 0.617176 0.082481 0.141372
0.0 0.472731 0.404503 0.104021 0.143722
0.0 0.387768 0.484598 0.099313 0.095343
0.0 0.390105 0.873290 0.062174 0.074085
0.0 0.812299 0.821653 0.322976 0.356693
0.0 0.920949 0.821209 0.058257 0.115163
0.0 0.744626 0.812348 0.035311 0.055823
0.0 0.751806 0.653149 0.035853 0.049087
0.0 0.870689 0.573210 0.045059 0.076158
1.0 0.703239 0.459069 0.179956 0.187235
0.0 0.592492 0.728833 0.039400 0.057928
0.0 0.492982 0.701847 0.043624 0.076709
0.0 0.207726 0.769624 0.074427 0.069795
0.0 0.120027 0.830380 0.019481 0.030068
0.0 0.144421 0.847318 0.025132 0.042998
0.0 0.182198 0.853558 0.017704 0.022997
0.0 0.194420 0.883737 0.018373 0.027637
0.0 0.260018 0.505635 0.031445 0.055265
0.0 0.139848 0.397525 0.034396 0.033734
0.0 0.201834 0.394628 0.017934 0.029845
0.0 0.243678 0.416451 0.028894 0.048083
0.0 0.303606 0.384051 0.027452 0.043332
0.0 0.312205 0.477644 0.019154 0.033049
0.0 0.427326 0.161151 0.069595 0.088784
0.0 0.314500 0.095146 0.034761 0.057258
0.0 0.254869 0.152848 0.016930 0.022886
0.0 0.836443 0.088353 0.067283 0.093750
0.0 0.990380 0.373516 0.019240 0.046210
0.0 0.410567 0.616549 0.040622 0.139876
0.0 0.305060 0.932061 0.019042 0.032276
0.0 0.339157 0.963818 0.022143 0.038023
0.0 0.326417 0.827792 0.017704 0.022997
0.0 0.272681 0.696903 0.029875 0.039139
0.0 0.539539 0.990109 0.015495 0.019782
0.0 0.550899 0.999507 0.015703 0.000986
0.0 0.607577 0.999161 0.013941 0.001679
0.0 0.693591 0.164833 0.033199 0.046433
0.0 0.891296 0.211509 0.030225 0.052061
0.0 0.627581 0.201092 0.021250 0.031837
0.0 0.069630 0.200322 0.020812 0.034046
0.0 0.101926 0.255499 0.044204 0.096478
0.0 0.138015 0.284386 0.051006 0.064902
0.0 0.081095 0.010485 0.031156 0.020970
0.0 0.082519 0.067205 0.042693 0.044017
0.0 0.112404 0.429086 0.028113 0.042671
0.0 0.056984 0.638159 0.058219 0.088657
0.0 0.015961 0.741959 0.019050 0.037577
0.0 0.011011 0.813209 0.022022 0.047645
0.0 0.050184 0.761894 0.020150 0.034707
0.0 0.028857 0.844065 0.041616 0.062790
0.0 0.005536 0.848228 0.011073 0.017473
0.0 0.002956 0.870318 0.005912 0.028187
0.0 0.142656 0.684460 0.015049 0.020343
0.0 0.205445 0.260172 0.019808 0.027086
0.0 0.186864 0.033319 0.017161 0.029733
