1.0 0.399546 0.567677 0.117001 0.123221
0.0 0.872865 0.770061 0.254271 0.372327
1.0 0.963590 0.682121 0.072820 0.112856
1.0 0.320411 0.199307 0.132485 0.094391
1.0 0.182936 0.204663 0.071484 0.080813
1.0 0.201093 0.082698 0.085603 0.092600
1.0 0.677845 0.281164 0.087101 0.079327
1.0 0.592240 0.510489 0.082444 0.085554
1.0 0.729219 0.563730 0.085645 0.101194
4.0 0.941271 0.310353 0.105965 0.102855
4.0 0.497216 0.409387 0.045540 0.047095
4.0 0.761363 0.426073 0.038490 0.043154
4.0 0.687930 0.427211 0.038478 0.040811
4.0 0.587946 0.430822 0.043169 0.041615
4.0 0.169990 0.434416 0.047007 0.027571
4.0 0.292003 0.301790 0.033726 0.027507
4.0 0.249160 0.327780 0.036840 0.025178
4.0 0.587182 0.112853 0.080642 0.036328
4.0 0.536371 0.106850 0.032228 0.040780
4.0 0.430388 0.162053 0.034542 0.034542
4.0 0.395782 0.114564 0.028265 0.029043
4.0 0.724395 0.053592 0.059621 0.051069
4.0 0.775689 0.158812 0.074503 0.058954
4.0 0.543597 0.307598 0.036920 0.041584
4.0 0.390123 0.718505 0.055764 0.061206
0.0 0.124107 0.799487 0.130911 0.092039
4.0 0.084697 0.888742 0.042388 0.041611
1.0 0.047986 0.890483 0.030708 0.049366
