0.0 0.572656 0.626562 0.021094 0.141406
0.0 0.614062 0.513281 0.073437 0.078125
0.0 0.542969 0.435156 0.068750 0.092188
0.0 0.700781 0.417969 0.018750 0.038281
0.0 0.729688 0.148437 0.026562 0.055469
0.0 0.614844 0.199219 0.050781 0.082812
0.0 0.242969 0.067188 0.042969 0.089844
0.0 0.367188 0.163281 0.022656 0.032813
0.0 0.176563 0.178906 0.014062 0.042188
0.0 0.055469 0.317969 0.032031 0.033594
0.0 0.260938 0.314063 0.048437 0.065625
0.0 0.602344 0.448438 0.011719 0.016406
0.0 0.143750 0.521875 0.032031 0.070312
0.0 0.164844 0.801562 0.252344 0.396094
0.0 0.091406 0.587500 0.032812 0.050000
0.0 0.246094 0.607031 0.031250 0.031250
0.0 0.008594 0.768750 0.012500 0.025000
0.0 0.036719 0.783594 0.015625 0.017969
0.0 0.069531 0.749219 0.047656 0.102344
0.0 0.230469 0.760156 0.025000 0.045313
0.0 0.382031 0.699219 0.021875 0.054688
0.0 0.480469 0.686719 0.031250 0.071094
0.0 0.514063 0.618750 0.043750 0.132812
0.0 0.557813 0.867188 0.061719 0.073437
0.0 0.619531 0.832031 0.021094 0.027344
0.0 0.059375 0.889844 0.013281 0.025781
0.0 0.872656 0.362500 0.036719 0.094531
0.0 0.908594 0.332031 0.030469 0.083594
0.0 0.950000 0.153125 0.039844 0.034375
0.0 0.944531 0.279687 0.012500 0.034375
0.0 0.964063 0.302344 0.011719 0.027344
0.0 0.974219 0.249219 0.014063 0.046875
0.0 0.965625 0.072656 0.017187 0.074219
0.0 0.833594 0.071875 0.010156 0.035938
0.0 0.827344 0.039062 0.011719 0.021875
0.0 0.870313 0.047656 0.009375 0.020312
0.0 0.896875 0.048437 0.017969 0.025781
0.0 0.776563 0.211719 0.010937 0.021094
0.0 0.811719 0.317969 0.017969 0.015625
0.0 0.752344 0.457031 0.014063 0.036719
0.0 0.688281 0.600781 0.023438 0.035938
0.0 0.725000 0.542188 0.017187 0.064844
0.0 0.687500 0.507812 0.020313 0.033594
0.0 0.690625 0.720312 0.035938 0.063281
0.0 0.985156 0.432813 0.009375 0.032031
0.0 0.873438 0.482031 0.015625 0.031250
0.0 0.799219 0.462500 0.016406 0.057031
0.0 0.851562 0.457031 0.025781 0.024219
0.0 0.866406 0.246875 0.012500 0.017188
0.0 0.392188 0.964844 0.034375 0.031250
0.0 0.326562 0.966406 0.025000 0.067188
0.0 0.367969 0.831250 0.025781 0.041406
0.0 0.590625 0.960156 0.019531 0.042969
0.0 0.617969 0.987500 0.013281 0.024219
0.0 0.735937 0.907812 0.022656 0.027344
0.0 0.790625 0.873438 0.017187 0.039062
0.0 0.812500 0.860156 0.015625 0.033594
0.0 0.897656 0.888281 0.027344 0.069531
0.0 0.886719 0.811719 0.014063 0.035938
0.0 0.894531 0.691406 0.047656 0.079687
0.0 0.965625 0.691406 0.017969 0.039844
0.0 0.957031 0.789062 0.012500 0.041406
0.0 0.985156 0.723437 0.019531 0.025781
0.0 0.983594 0.857813 0.020313 0.054688
0.0 0.919531 0.907031 0.014063 0.039062
0.0 0.921094 0.860156 0.028906 0.041406
0.0 0.919531 0.795313 0.014844 0.034375
0.0 0.937500 0.798437 0.011719 0.035156
0.0 0.611719 0.736719 0.014063 0.022656
0.0 0.643750 0.784375 0.011719 0.031250
0.0 0.731250 0.792188 0.070312 0.059375
0.0 0.821875 0.987500 0.011719 0.024219
0.0 0.846094 0.972656 0.023438 0.030469
0.0 0.623438 0.929688 0.011719 0.021875
0.0 0.707812 0.660937 0.015625 0.031250
0.0 0.423438 0.204688 0.016406 0.032031
