0.0 0.722753 0.113897 0.027482 0.050432
0.0 0.603552 0.169278 0.058067 0.085458
0.0 0.338818 0.147618 0.031223 0.047510
0.0 0.210593 0.057176 0.034819 0.087382
3.0 0.302933 0.424813 0.162384 0.192737
0.0 0.537720 0.426884 0.078792 0.095079
0.0 0.618914 0.500175 0.080334 0.079594
0.0 0.737585 0.526178 0.025700 0.061235
0.0 0.691316 0.493342 0.017542 0.023465
0.0 0.578486 0.627407 0.028831 0.137658
0.0 0.522451 0.617757 0.054960 0.131212
0.0 0.517998 0.714204 0.015782 0.019484
0.0 0.488211 0.697735 0.033901 0.069437
0.0 0.431171 0.729597 0.014962 0.018664
0.0 0.385239 0.718648 0.029623 0.046650
0.0 0.239689 0.625963 0.033325 0.042949
0.0 0.672249 0.976979 0.015002 0.019444
0.0 0.654228 0.945828 0.016922 0.026546
0.0 0.610060 0.908192 0.017622 0.025025
0.0 0.572892 0.885060 0.055588 0.067433
0.0 0.681025 0.873271 0.016443 0.017183
0.0 0.643458 0.842337 0.015982 0.023385
0.0 0.760097 0.798039 0.075054 0.067651
0.0 0.767564 0.913433 0.015942 0.022605
0.0 0.786014 0.876505 0.015742 0.018704
0.0 0.718132 0.742298 0.011881 0.019284
0.0 0.708853 0.713828 0.034025 0.041428
0.0 0.759563 0.435875 0.016700 0.037429
0.0 0.706852 0.399457 0.024662 0.040949
0.0 0.399691 0.190658 0.020282 0.031387
0.0 0.236527 0.793531 0.011939 0.035629
0.0 0.267619 0.927273 0.062181 0.135473
0.0 0.341152 0.986178 0.020322 0.027643
0.0 0.416794 0.983789 0.015942 0.022605
0.0 0.403509 0.996375 0.013902 0.007250
0.0 0.453309 0.948283 0.017981 0.032047
0.0 0.620253 0.985115 0.011841 0.018504
0.0 0.616214 0.967329 0.014922 0.017883
0.0 0.726225 0.655834 0.017423 0.021124
0.0 0.707707 0.599675 0.011921 0.020065
0.0 0.695405 0.588570 0.011841 0.018504
0.0 0.667351 0.789485 0.013481 0.020144
0.0 0.380139 0.863629 0.011642 0.014603
0.0 0.369557 0.855566 0.012041 0.022405
0.0 0.312487 0.963310 0.023004 0.023744
0.0 0.629106 0.745287 0.018163 0.020384
0.0 0.604598 0.434414 0.017582 0.024245
0.0 0.384523 0.842284 0.015122 0.021785
0.0 0.319215 0.911335 0.012661 0.019324
0.0 0.701423 0.935591 0.015742 0.018704
0.0 0.702193 0.858889 0.012621 0.018544
0.0 0.473717 0.781398 0.012502 0.016203
0.0 0.622737 0.804283 0.013282 0.016243
0.0 0.554857 0.807756 0.014062 0.016283
0.0 0.544867 0.704225 0.010981 0.016904
0.0 0.603724 0.860797 0.011420 0.025486
0.0 0.666831 0.473474 0.013402 0.018584
