0.0 0.861194 0.244337 0.277613 0.416879
0.0 0.802539 0.276395 0.037882 0.046436
0.0 0.958873 0.322136 0.082254 0.158128
0.0 0.644640 0.318499 0.046956 0.051562
0.0 0.503829 0.128563 0.092588 0.084034
0.0 0.310604 0.185166 0.066742 0.077928
0.0 0.075892 0.590235 0.036030 0.069588
0.0 0.448814 0.366027 0.045128 0.135932
0.0 0.505709 0.387114 0.077041 0.142183
0.0 0.112067 0.601927 0.062075 0.071945
0.0 0.137785 0.247958 0.068357 0.109153
0.0 0.349284 0.780906 0.065342 0.083766
0.0 0.384750 0.462347 0.097003 0.103583
0.0 0.284986 0.421466 0.025035 0.056619
0.0 0.009372 0.776657 0.018743 0.052702
0.0 0.691859 0.950241 0.075350 0.099518
0.0 0.908528 0.748653 0.036856 0.059886
0.0 0.856486 0.530041 0.043444 0.073712
0.0 0.153395 0.063089 0.069328 0.105518
0.0 0.223444 0.819873 0.037599 0.054706
0.0 0.922218 0.491625 0.046796 0.081011
