0.0 0.749144 0.065834 0.109929 0.131667
0.0 0.203038 0.110051 0.304890 0.187338
0.0 0.334723 0.328356 0.063973 0.072806
0.0 0.349521 0.492626 0.069549 0.105562
0.0 0.269526 0.100257 0.053997 0.066228
0.0 0.246621 0.628150 0.061979 0.112261
0.0 0.338992 0.897760 0.070037 0.103332
0.0 0.513758 0.859623 0.038473 0.076525
0.0 0.515147 0.692565 0.077810 0.160028
0.0 0.424534 0.628196 0.119414 0.076606
0.0 0.422222 0.545826 0.086711 0.102339
0.0 0.556340 0.541841 0.089404 0.117942
0.0 0.728088 0.657581 0.085177 0.089934
0.0 0.784721 0.841869 0.055043 0.080864
0.0 0.591640 0.808273 0.041226 0.049379
3.0 0.522014 0.200505 0.184375 0.274748
