0.0 0.681712 0.148519 0.162438 0.217859
0.0 0.310310 0.153174 0.434811 0.306347
0.0 0.141358 0.449317 0.250681 0.238858
0.0 0.445690 0.789987 0.263491 0.230977
0.0 0.650357 0.873057 0.245099 0.251011
0.0 0.871418 0.681994 0.257163 0.407703
0.0 0.573807 0.386574 0.481736 0.268179
0.0 0.672845 0.587879 0.172609 0.160047
0.0 0.227464 0.657565 0.107685 0.123942
0.0 0.237914 0.766540 0.117898 0.066911
0.0 0.219222 0.927608 0.234404 0.144784
0.0 0.435783 0.938470 0.206151 0.123061
0.0 0.049801 0.715455 0.096067 0.345832
