0.0 0.257812 0.125781 0.025000 0.049219
0.0 0.379687 0.175000 0.053906 0.082813
0.0 0.642969 0.139844 0.028906 0.046094
0.0 0.766406 0.042969 0.030469 0.085938
3.0 0.692969 0.414844 0.153125 0.185156
0.0 0.458594 0.428906 0.074219 0.091406
0.0 0.381250 0.506250 0.076563 0.075781
0.0 0.264062 0.538281 0.022656 0.060156
0.0 0.308594 0.503125 0.016406 0.022656
0.0 0.428125 0.631250 0.021875 0.136719
0.0 0.483594 0.618750 0.048437 0.128906
0.0 0.492969 0.714844 0.014844 0.018750
0.0 0.521875 0.696875 0.030469 0.067969
0.0 0.580469 0.725781 0.014063 0.017969
0.0 0.625781 0.712500 0.027344 0.045313
0.0 0.766406 0.612500 0.031250 0.041406
0.0 0.352344 0.985156 0.014063 0.018750
0.0 0.368750 0.953125 0.015625 0.025781
0.0 0.410937 0.913281 0.016406 0.024219
0.0 0.446875 0.888281 0.052344 0.064844
0.0 0.338281 0.882031 0.015625 0.016406
0.0 0.374219 0.849219 0.014844 0.022656
0.0 0.255469 0.810938 0.071875 0.064062
0.0 0.253906 0.926562 0.014844 0.021875
0.0 0.233594 0.890625 0.014844 0.017969
0.0 0.294531 0.753125 0.010938 0.018750
0.0 0.302344 0.724219 0.032031 0.039844
0.0 0.237500 0.449219 0.014844 0.036719
0.0 0.288281 0.410156 0.022656 0.039844
0.0 0.584375 0.185937 0.018750 0.030469
0.0 0.778125 0.779688 0.010156 0.035156
0.0 0.753906 0.914844 0.055469 0.132812
0.0 0.683594 0.979688 0.018750 0.031250
0.0 0.607813 0.978906 0.014844 0.021875
0.0 0.621875 0.993750 0.013281 0.012500
0.0 0.569531 0.945312 0.016406 0.031250
0.0 0.404687 0.990625 0.010938 0.017969
0.0 0.407813 0.972656 0.014063 0.017187
0.0 0.282031 0.667188 0.016406 0.020313
0.0 0.297656 0.610156 0.010938 0.019531
0.0 0.309375 0.598437 0.010938 0.017969
0.0 0.347656 0.797656 0.012500 0.019531
0.0 0.638281 0.857031 0.010937 0.014063
0.0 0.648438 0.848437 0.010937 0.021875
0.0 0.710938 0.953125 0.021875 0.022656
0.0 0.383594 0.751562 0.017187 0.019531
0.0 0.392188 0.439844 0.016406 0.023438
0.0 0.632812 0.835938 0.014063 0.021094
0.0 0.701563 0.901563 0.011719 0.018750
0.0 0.321094 0.945312 0.014844 0.017969
0.0 0.316406 0.868750 0.011719 0.017969
0.0 0.540625 0.779688 0.011719 0.015625
0.0 0.392969 0.810156 0.012500 0.015625
0.0 0.460938 0.810156 0.013281 0.015625
0.0 0.465625 0.706250 0.010156 0.016406
0.0 0.414844 0.865625 0.010156 0.025000
0.0 0.332031 0.482031 0.012500 0.017969
