0.0 0.438255 0.537456 0.059437 0.088323
0.0 0.492039 0.709369 0.047760 0.146909
0.0 0.672514 0.700903 0.046939 0.089877
0.0 0.542916 0.575030 0.060251 0.133636
0.0 0.392210 0.467893 0.050047 0.066442
0.0 0.433501 0.631203 0.082857 0.062559
0.0 0.355026 0.021772 0.027370 0.036738
0.0 0.268279 0.060873 0.101649 0.121747
0.0 0.440163 0.048395 0.022689 0.046110
0.0 0.744857 0.040017 0.055525 0.079727
0.0 0.692358 0.258730 0.021907 0.045328
0.0 0.666505 0.360274 0.012514 0.020321
0.0 0.386870 0.286639 0.024251 0.046111
0.0 0.315010 0.264713 0.021904 0.040640
0.0 0.246311 0.192789 0.017207 0.028137
0.0 0.229134 0.177933 0.011733 0.020321
0.0 0.246222 0.318570 0.009390 0.021100
0.0 0.234522 0.292000 0.011733 0.020321
0.0 0.698150 0.906390 0.024248 0.040642
0.0 0.664498 0.989118 0.014859 0.021764
0.0 0.546624 0.854721 0.018775 0.035951
0.0 0.525470 0.939862 0.020335 0.031264
0.0 0.441948 0.839022 0.013295 0.019541
0.0 0.445088 0.817930 0.016419 0.018762
0.0 0.495869 0.817966 0.016424 0.025012
0.0 0.477845 0.896078 0.030496 0.039084
0.0 0.336430 0.908478 0.030557 0.125022
0.0 0.380235 0.831165 0.023471 0.047673
0.0 0.273925 0.915465 0.012519 0.027353
0.0 0.292653 0.946728 0.014080 0.024229
0.0 0.256094 0.720140 0.017983 0.020325
0.0 0.312353 0.708461 0.016428 0.030480
0.0 0.291342 0.590477 0.036782 0.089088
0.0 0.225637 0.703712 0.017207 0.027356
0.0 0.233481 0.659968 0.009387 0.017194
0.0 0.247547 0.653728 0.014857 0.018760
0.0 0.278022 0.645156 0.014076 0.018760
0.0 0.303807 0.640486 0.013291 0.014072
0.0 0.409899 0.863218 0.014075 0.017979
0.0 0.607473 0.979764 0.012512 0.017196
0.0 0.261022 0.381081 0.016423 0.023449
