0.0 0.572656 0.368750 0.024219 0.145312
0.0 0.518750 0.381250 0.064062 0.130469
0.0 0.541406 0.588281 0.085156 0.139063
0.0 0.615625 0.499219 0.089844 0.084375
0.0 0.625781 0.146094 0.018750 0.032813
0.0 0.556250 0.111719 0.055469 0.062500
3.0 0.310156 0.589063 0.175000 0.184375
0.0 0.145312 0.190625 0.265625 0.381250
0.0 0.214063 0.225781 0.025781 0.048438
0.0 0.039062 0.242188 0.051563 0.114062
0.0 0.375000 0.289844 0.027344 0.051562
0.0 0.477344 0.297656 0.036719 0.085938
0.0 0.750000 0.192969 0.064062 0.065625
0.0 0.930469 0.688281 0.035938 0.088281
0.0 0.891406 0.662500 0.041406 0.064844
0.0 0.714063 0.586719 0.021875 0.043750
0.0 0.765625 0.550000 0.017969 0.035156
0.0 0.734375 0.461719 0.021875 0.057813
0.0 0.946875 0.117188 0.021875 0.039062
0.0 0.990625 0.303906 0.015625 0.032812
0.0 0.895313 0.516406 0.017188 0.036719
0.0 0.871875 0.550781 0.027344 0.032031
0.0 0.921094 0.088281 0.030469 0.060156
0.0 0.621094 0.828906 0.059375 0.082813
0.0 0.743750 0.874219 0.029688 0.057812
0.0 0.987500 0.957812 0.024219 0.081250
0.0 0.975781 0.864844 0.044531 0.043750
0.0 0.225000 0.953125 0.050000 0.090625
0.0 0.028125 0.694531 0.032812 0.050781
0.0 0.123438 0.480469 0.036719 0.075781
0.0 0.921094 0.298438 0.049219 0.082031
0.0 0.919531 0.977344 0.025000 0.028906
0.0 0.356250 0.860937 0.030469 0.044531
0.0 0.910156 0.175781 0.021875 0.031250
0.0 0.698438 0.274219 0.032031 0.043750
0.0 0.803906 0.107031 0.021094 0.042187
0.0 0.764844 0.105469 0.016406 0.025000
0.0 0.749219 0.075000 0.020312 0.028125
0.0 0.155469 0.836719 0.024219 0.057812
0.0 0.392187 0.021875 0.020313 0.035156
0.0 0.317969 0.024219 0.021875 0.031250
