0.0 0.522819 0.669565 0.070245 0.126531
0.0 0.726809 0.638961 0.065809 0.087922
0.0 0.431491 0.541539 0.088829 0.089499
0.0 0.555358 0.554037 0.077154 0.121379
0.0 0.369209 0.482916 0.055031 0.053021
0.0 0.738150 0.073017 0.076903 0.085614
0.0 0.230512 0.120047 0.257169 0.204903
0.0 0.274035 0.121285 0.034215 0.039576
0.0 0.378844 0.126888 0.032577 0.049999
0.0 0.344305 0.338857 0.038101 0.051502
0.0 0.779363 0.806889 0.035510 0.043551
0.0 0.594776 0.788374 0.025028 0.039100
0.0 0.597063 0.928382 0.021812 0.026503
0.0 0.582116 0.864177 0.027753 0.031104
0.0 0.518732 0.832503 0.040201 0.038861
0.0 0.533520 0.766662 0.018507 0.024538
0.0 0.434457 0.815466 0.019073 0.023093
0.0 0.397829 0.795170 0.028289 0.046381
0.0 0.354660 0.872714 0.047807 0.095383
0.0 0.305910 0.902923 0.017167 0.025878
0.0 0.280226 0.881942 0.017584 0.028975
0.0 0.325382 0.991147 0.017837 0.017706
0.0 0.312117 0.954903 0.027337 0.028007
0.0 0.749252 0.881888 0.017837 0.025208
0.0 0.683150 0.355533 0.020830 0.024850
0.0 0.698326 0.269143 0.032473 0.049225
0.0 0.207926 0.438403 0.022438 0.031149
0.0 0.179369 0.390219 0.022125 0.028826
0.0 0.167518 0.366588 0.016750 0.022781
0.0 0.255086 0.331944 0.036240 0.048971
0.0 0.167983 0.282179 0.025073 0.033784
0.0 0.270187 0.608179 0.052022 0.081505
0.0 0.365270 0.682096 0.018671 0.031402
0.0 0.305308 0.705142 0.020681 0.029392
0.0 0.286653 0.648531 0.019788 0.017108
0.0 0.257544 0.654813 0.014889 0.020250
0.0 0.242190 0.722307 0.019490 0.026191
0.0 0.202271 0.712702 0.026056 0.035437
0.0 0.221629 0.669106 0.021038 0.026399
0.0 0.684271 0.937930 0.018820 0.026861
0.0 0.433125 0.612266 0.091765 0.043519
0.0 0.647907 0.001274 0.038072 0.002547
0.0 0.460074 0.988883 0.022646 0.022235
0.0 0.417565 0.976974 0.018611 0.025312
0.0 0.871629 0.941884 0.018820 0.026861
0.0 0.473485 0.771588 0.019490 0.026191
