0.0 0.742188 0.870312 0.034375 0.064063
0.0 0.617969 0.821094 0.059375 0.095313
0.0 0.224219 0.951563 0.050781 0.096875
0.0 0.157812 0.841406 0.023438 0.066406
0.0 0.028125 0.694531 0.036719 0.062500
0.0 0.126562 0.481250 0.050000 0.083594
0.0 0.135938 0.194531 0.271094 0.388281
0.0 0.060156 0.409375 0.037500 0.076563
0.0 0.041406 0.236719 0.051563 0.112500
0.0 0.212500 0.222656 0.029688 0.038281
0.0 0.374219 0.285156 0.031250 0.063281
0.0 0.478906 0.300781 0.036719 0.071875
0.0 0.571094 0.363281 0.031250 0.153125
0.0 0.515625 0.383594 0.050000 0.128906
0.0 0.623437 0.495313 0.086719 0.095312
0.0 0.544531 0.578906 0.076563 0.103906
0.0 0.928125 0.680469 0.026562 0.097656
0.0 0.887500 0.657813 0.049219 0.067969
0.0 0.975000 0.867969 0.043750 0.065625
0.0 0.925000 0.976563 0.032813 0.034375
0.0 0.918750 0.299219 0.060937 0.100000
0.0 0.988281 0.300781 0.023438 0.036719
0.0 0.930469 0.095312 0.049219 0.102344
0.0 0.803125 0.105469 0.012500 0.053125
0.0 0.749219 0.185938 0.064062 0.067969
0.0 0.698438 0.264844 0.025781 0.072656
0.0 0.558594 0.104688 0.064844 0.067188
0.0 0.590625 0.015625 0.026563 0.031250
0.0 0.632031 0.042969 0.015625 0.051563
0.0 0.660937 0.111719 0.019531 0.019531
0.0 0.625000 0.135938 0.018750 0.037500
0.0 0.864844 0.007812 0.010938 0.015625
0.0 0.831250 0.118750 0.020312 0.031250
0.0 0.756250 0.089844 0.032031 0.065625
0.0 0.382812 0.014844 0.038281 0.029688
0.0 0.317187 0.017187 0.018750 0.034375
0.0 0.232031 0.385938 0.035156 0.052344
0.0 0.240625 0.696875 0.055469 0.073438
0.0 0.354688 0.863281 0.031250 0.054688
0.0 0.764062 0.559375 0.014844 0.060156
0.0 0.711719 0.586719 0.035156 0.038281
0.0 0.736719 0.458594 0.032031 0.066406
0.0 0.690625 0.489844 0.021875 0.035156
0.0 0.885937 0.515625 0.030469 0.033594
0.0 0.871094 0.550000 0.027344 0.028906
0.0 0.989063 0.597656 0.021875 0.038281
0.0 0.846875 0.963281 0.026563 0.073437
0.0 0.989844 0.954687 0.020312 0.089844
0.0 0.909375 0.175000 0.016406 0.037500
0.0 0.970313 0.189844 0.032031 0.042187
0.0 0.944531 0.189844 0.018750 0.032812
0.0 0.830469 0.264844 0.017969 0.028906
0.0 0.357031 0.149219 0.028125 0.062500
0.0 0.848438 0.333594 0.020312 0.028906
0.0 0.829688 0.700000 0.017188 0.037500
0.0 0.790625 0.810156 0.014844 0.025000
0.0 0.887500 0.765625 0.012500 0.025781
0.0 0.967969 0.733594 0.014063 0.042188
0.0 0.995312 0.784375 0.009375 0.047656
1.0 0.306250 0.576562 0.160156 0.180469
