0.0 0.210156 0.110156 0.069531 0.085938
0.0 0.717969 0.117969 0.248438 0.235938
0.0 0.632031 0.338281 0.025781 0.064062
0.0 0.630469 0.456250 0.043750 0.046094
0.0 0.675781 0.101562 0.036719 0.049219
0.0 0.581250 0.610937 0.095312 0.050000
0.0 0.575781 0.528125 0.078906 0.078906
0.0 0.500000 0.672656 0.048437 0.127344
0.0 0.449219 0.563281 0.055469 0.131250
0.0 0.743750 0.592188 0.052344 0.114063
0.0 0.691406 0.852344 0.042188 0.097656
0.0 0.289844 0.669531 0.055469 0.092969
0.0 0.263281 0.850781 0.037500 0.034375
0.0 0.441406 0.802344 0.024219 0.024219
0.0 0.535156 0.838281 0.043750 0.040625
