0.0 0.736933 0.114669 0.168222 0.147130
0.0 0.636216 0.087446 0.037725 0.039834
0.0 0.177547 0.149511 0.095065 0.115454
0.0 0.453599 0.556252 0.053774 0.110721
0.0 0.616970 0.312187 0.038291 0.053758
0.0 0.593659 0.600890 0.098545 0.063392
0.0 0.576566 0.520907 0.069751 0.084515
0.0 0.622445 0.459211 0.048998 0.060949
0.0 0.750577 0.551300 0.049394 0.097202
0.0 0.521606 0.676085 0.050152 0.121161
0.0 0.310737 0.686902 0.056519 0.067065
0.0 0.298051 0.865493 0.044245 0.043542
0.0 0.466292 0.803043 0.033719 0.030204
0.0 0.566935 0.829488 0.041315 0.037097
0.0 0.732038 0.832481 0.050459 0.084205
