0.0 0.664286 0.940136 0.159122 0.119727
0.0 0.571935 0.980860 0.038846 0.038280
0.0 0.186652 0.909839 0.082237 0.099685
0.0 0.581788 0.722987 0.036033 0.050896
0.0 0.567487 0.484028 0.078716 0.082594
0.0 0.472439 0.425886 0.077522 0.144728
0.0 0.364625 0.270703 0.069063 0.111067
0.0 0.535704 0.299220 0.072998 0.149251
0.0 0.729959 0.111471 0.054743 0.120010
0.0 0.724386 0.443765 0.052450 0.115133
0.0 0.601925 0.545010 0.053267 0.078469
0.0 0.379840 0.054731 0.057437 0.067130
0.0 0.514304 0.138254 0.030052 0.037160
0.0 0.555271 0.051503 0.034076 0.029552
0.0 0.594212 0.114007 0.043120 0.048289
3.0 0.391862 0.644721 0.228451 0.515368
