0.0 0.577344 0.536719 0.078906 0.087500
1.0 0.454687 0.213281 0.135937 0.253906
0.0 0.507812 0.692969 0.062500 0.143750
0.0 0.281250 0.677344 0.058594 0.087500
0.0 0.585156 0.614844 0.100000 0.057812
0.0 0.705469 0.866406 0.049219 0.108594
0.0 0.786719 0.131250 0.089063 0.108594
0.0 0.194531 0.100000 0.058594 0.050000
0.0 0.258594 0.285937 0.028906 0.043750
0.0 0.642188 0.309375 0.031250 0.047656
0.0 0.632812 0.465625 0.047656 0.045313
0.0 0.453906 0.566406 0.059375 0.114844
0.0 0.441406 0.816406 0.025781 0.037500
0.0 0.466406 0.896875 0.028125 0.028125
0.0 0.526563 0.857031 0.039062 0.034375
0.0 0.500781 0.782031 0.017969 0.021094
0.0 0.648438 0.797656 0.025000 0.039844
0.0 0.760156 0.895312 0.013281 0.022656
0.0 0.784375 0.873438 0.014844 0.028125
0.0 0.757812 0.739062 0.013281 0.026562
0.0 0.802344 0.698438 0.016406 0.023438
0.0 0.758594 0.580469 0.043750 0.081250
0.0 0.733594 0.688281 0.014063 0.021094
0.0 0.743750 0.624219 0.018750 0.016406
0.0 0.776562 0.629687 0.016406 0.024219
0.0 0.816406 0.636719 0.015625 0.020313
0.0 0.573438 0.097656 0.029688 0.040625
0.0 0.817969 0.225781 0.023438 0.032031
0.0 0.797656 0.398438 0.017188 0.027344
0.0 0.820312 0.339844 0.014844 0.018750
0.0 0.729688 0.287500 0.033594 0.043750
0.0 0.827344 0.315625 0.014062 0.019531
0.0 0.668750 0.675000 0.011719 0.022656
0.0 0.571875 0.803906 0.015625 0.021094
0.0 0.246875 0.862500 0.037500 0.042969
0.0 0.288281 0.375781 0.024219 0.028906
0.0 0.689063 0.085938 0.017187 0.016406
0.0 0.668750 0.810156 0.012500 0.024219
