0.0 0.335793 0.686459 0.047458 0.072212
0.0 0.476906 0.802260 0.057312 0.103909
0.0 0.853875 0.203927 0.205075 0.261136
0.0 0.799509 0.612169 0.070837 0.085398
0.0 0.867183 0.630732 0.062210 0.084052
0.0 0.186165 0.415071 0.032072 0.074300
0.0 0.152901 0.491952 0.033962 0.044155
0.0 0.099648 0.515838 0.037183 0.045920
0.0 0.331381 0.611004 0.048605 0.066078
0.0 0.412675 0.553737 0.026733 0.052215
0.0 0.455352 0.488439 0.153087 0.120324
0.0 0.194540 0.596486 0.039964 0.088016
0.0 0.139905 0.653165 0.029594 0.048524
