0.0 0.500000 0.671094 0.054688 0.120312
0.0 0.706250 0.667969 0.055469 0.081250
0.0 0.426562 0.532031 0.078906 0.079687
0.0 0.547656 0.560938 0.062500 0.114063
0.0 0.372656 0.465625 0.049219 0.046875
0.0 0.792969 0.108594 0.067187 0.077344
0.0 0.283594 0.087500 0.235937 0.175000
0.0 0.326563 0.094531 0.029688 0.035938
0.0 0.429688 0.114063 0.026562 0.046875
0.0 0.367188 0.319531 0.032031 0.047656
0.0 0.735938 0.841406 0.030469 0.039844
0.0 0.555469 0.798437 0.020312 0.036719
0.0 0.539062 0.937500 0.018750 0.024219
0.0 0.532813 0.871875 0.024219 0.028125
0.0 0.474219 0.832031 0.035938 0.034375
0.0 0.497656 0.768750 0.015625 0.022656
0.0 0.392969 0.803906 0.016406 0.021094
0.0 0.359375 0.778906 0.022656 0.043750
0.0 0.306250 0.850000 0.035938 0.091406
0.0 0.253906 0.873438 0.014063 0.024219
0.0 0.231250 0.849219 0.014063 0.027344
0.0 0.260938 0.967188 0.014844 0.023438
0.0 0.253125 0.925781 0.024219 0.025000
0.0 0.175781 0.981250 0.019531 0.025000
0.0 0.696094 0.911719 0.014844 0.023438
0.0 0.700781 0.381250 0.017969 0.022656
0.0 0.727344 0.297656 0.026563 0.046094
0.0 0.218750 0.400000 0.018750 0.028906
0.0 0.196875 0.348437 0.018750 0.026563
0.0 0.188281 0.323438 0.014063 0.021094
0.0 0.279688 0.300781 0.030469 0.045313
0.0 0.200000 0.239844 0.021094 0.031250
0.0 0.257812 0.576563 0.042187 0.076563
0.0 0.342188 0.662500 0.014844 0.029688
0.0 0.279688 0.677344 0.017187 0.027344
0.0 0.268750 0.618750 0.017969 0.014844
0.0 0.239062 0.621094 0.012500 0.018750
0.0 0.214844 0.685938 0.016406 0.024219
0.0 0.176562 0.671094 0.021875 0.032812
0.0 0.201563 0.630469 0.017969 0.024219
0.0 0.624219 0.958594 0.015625 0.025000
0.0 0.418750 0.602344 0.088281 0.032031
0.0 0.714844 0.012500 0.035156 0.024219
0.0 0.394531 0.984375 0.018750 0.030469
0.0 0.354688 0.961719 0.015625 0.023438
0.0 0.809375 0.987500 0.015625 0.025000
0.0 0.437500 0.765625 0.016406 0.024219
