0.0 0.530020 0.573887 0.081128 0.092636
0.0 0.528081 0.390157 0.063842 0.124767
0.0 0.619762 0.505713 0.091989 0.100112
0.0 0.184742 0.182182 0.333217 0.364364
0.0 0.585662 0.376972 0.055847 0.151972
0.0 0.571790 0.816209 0.065725 0.091449
0.0 0.901426 0.893379 0.051921 0.060721
0.0 0.681867 0.879756 0.031082 0.052744
0.0 0.880081 0.726092 0.041993 0.090732
0.0 0.846106 0.702103 0.046603 0.066911
0.0 0.971217 0.634469 0.019338 0.038292
0.0 0.865898 0.564436 0.025637 0.039852
0.0 0.843568 0.591534 0.030562 0.030562
0.0 0.741063 0.580131 0.021663 0.038587
0.0 0.687819 0.608827 0.026893 0.037723
0.0 0.725701 0.489988 0.031769 0.058170
0.0 0.264308 0.209503 0.032622 0.046838
0.0 0.098130 0.203426 0.058475 0.100445
0.0 0.262509 0.366772 0.031847 0.046740
0.0 0.147759 0.439655 0.040305 0.065351
0.0 0.406634 0.285796 0.030493 0.048094
0.0 0.502525 0.312111 0.036439 0.070963
0.0 0.677882 0.519371 0.017670 0.025116
0.0 0.765343 0.239074 0.076056 0.070640
0.0 0.677391 0.094066 0.019034 0.029865
0.0 0.675351 0.035534 0.022919 0.036458
0.0 0.643916 0.059903 0.023822 0.055638
0.0 0.631897 0.123743 0.017287 0.028118
0.0 0.596302 0.143649 0.056483 0.066637
0.0 0.657865 0.186092 0.019514 0.027638
0.0 0.443293 0.021116 0.015149 0.023272
0.0 0.385035 0.033428 0.023890 0.038106
0.0 0.484881 0.072056 0.020780 0.031611
0.0 0.409550 0.157017 0.031847 0.046740
0.0 0.456636 0.040130 0.020191 0.026961
0.0 0.783535 0.132704 0.023684 0.030454
0.0 0.855840 0.183595 0.023007 0.031130
0.0 0.830087 0.169309 0.020211 0.039166
0.0 0.794139 0.167121 0.019711 0.029188
0.0 0.966263 0.151113 0.026039 0.049055
0.0 0.961249 0.196940 0.025352 0.043630
0.0 0.920856 0.248525 0.020496 0.035388
0.0 0.952417 0.266695 0.020398 0.034613
0.0 0.940754 0.165996 0.031583 0.062722
0.0 0.903592 0.073880 0.023880 0.032004
0.0 0.879585 0.058241 0.020868 0.026284
0.0 0.917086 0.365383 0.059427 0.089889
0.0 0.983163 0.372174 0.024950 0.034427
0.0 0.843023 0.384356 0.018259 0.029767
0.0 0.834783 0.325039 0.016414 0.027245
0.0 0.711832 0.313410 0.032622 0.046838
0.0 0.736025 0.825189 0.019132 0.030640
0.0 0.783080 0.727198 0.019230 0.031415
0.0 0.836819 0.992636 0.024165 0.014729
0.0 0.903700 0.973284 0.036263 0.053431
0.0 0.909552 0.779434 0.020702 0.043041
0.0 0.935757 0.815039 0.023989 0.038881
0.0 0.943750 0.907399 0.019809 0.029963
0.0 0.806003 0.991838 0.020201 0.016323
0.0 0.802315 0.942255 0.014482 0.030051
0.0 0.766170 0.994688 0.023488 0.010624
0.0 0.783377 0.600451 0.016807 0.030345
0.0 0.923399 0.601641 0.017866 0.026666
0.0 0.386756 0.784908 0.021075 0.033936
0.0 0.323808 0.821825 0.031268 0.048192
0.0 0.186659 0.903685 0.058770 0.102770
0.0 0.136655 0.782381 0.027501 0.054579
0.0 0.033987 0.629210 0.032142 0.049065
0.0 0.883894 0.459616 0.020878 0.032386
