0.0 0.385810 0.508606 0.083244 0.090950
0.0 0.463395 0.433872 0.076309 0.097885
0.0 0.428798 0.622482 0.031478 0.132422
0.0 0.480536 0.609902 0.053160 0.118658
0.0 0.515441 0.686164 0.048671 0.075641
0.0 0.766878 0.064523 0.062481 0.114880
0.0 0.615252 0.700803 0.026426 0.048002
0.0 0.946246 0.319327 0.027967 0.046461
0.0 0.832559 0.805532 0.256075 0.388936
0.0 0.910598 0.585273 0.036645 0.052827
0.0 0.855181 0.523577 0.033743 0.069189
0.0 0.751680 0.608116 0.026299 0.038628
0.0 0.764421 0.762991 0.027914 0.042555
0.0 0.930317 0.744149 0.044408 0.106824
0.0 0.638979 0.162013 0.029530 0.046482
0.0 0.581380 0.203422 0.016787 0.028345
0.0 0.390140 0.189885 0.057349 0.082007
0.0 0.275954 0.140673 0.029678 0.057419
0.0 0.056358 0.143941 0.045100 0.042789
0.0 0.134209 0.337203 0.043011 0.061505
0.0 0.096175 0.318716 0.033111 0.080115
0.0 0.015854 0.422322 0.015331 0.036136
0.0 0.300373 0.413686 0.026363 0.043315
0.0 0.274511 0.534440 0.025013 0.058917
0.0 0.320308 0.499121 0.017547 0.026794
0.0 0.252275 0.445849 0.018477 0.037741
0.0 0.207865 0.436651 0.017557 0.027575
0.0 0.151503 0.444480 0.031757 0.037921
0.0 0.127633 0.476189 0.021548 0.033877
0.0 0.098282 0.681278 0.055765 0.080423
0.0 0.101888 0.875877 0.024231 0.058907
0.0 0.184199 0.855899 0.026246 0.034722
0.0 0.109970 0.798635 0.018413 0.033054
0.0 0.265594 0.788249 0.073488 0.062700
0.0 0.036611 0.677315 0.035705 0.041099
0.0 0.170783 0.980728 0.017589 0.029918
0.0 0.148330 0.965578 0.020746 0.032304
0.0 0.077385 0.896639 0.022435 0.041700
0.0 0.074866 0.852070 0.023259 0.044835
0.0 0.442652 0.868005 0.049324 0.066277
0.0 0.377067 0.979624 0.019141 0.029158
0.0 0.261015 0.895227 0.019901 0.027607
0.0 0.208267 0.867165 0.021633 0.040127
0.0 0.665757 0.951512 0.026278 0.037066
0.0 0.594638 0.952890 0.019975 0.033075
0.0 0.629895 0.830701 0.033425 0.045754
0.0 0.404780 0.952654 0.024115 0.050314
0.0 0.410337 0.888662 0.013567 0.021272
0.0 0.377585 0.826492 0.016744 0.025221
0.0 0.309694 0.705246 0.024019 0.043283
0.0 0.368446 0.924033 0.023892 0.033909
0.0 0.229016 0.202541 0.023079 0.031555
0.0 0.108483 0.045421 0.022340 0.034669
0.0 0.043422 0.060945 0.026904 0.083155
0.0 0.194752 0.309117 0.018339 0.027585
0.0 0.077404 0.780223 0.018508 0.040084
0.0 0.830166 0.179456 0.023312 0.048741
0.0 0.182928 0.029243 0.018286 0.023679
