0.0 0.588034 0.936895 0.059544 0.126211
0.0 0.647682 0.952864 0.021594 0.029872
0.0 0.689654 0.636643 0.057254 0.115200
0.0 0.453959 0.894802 0.034130 0.046228
0.0 0.233729 0.866250 0.039576 0.056132
0.0 0.294529 0.665865 0.059002 0.108034
0.0 0.445816 0.561197 0.070826 0.133229
0.0 0.391327 0.844334 0.027809 0.039908
0.0 0.397105 0.930166 0.028076 0.041448
0.0 0.444379 0.821791 0.025633 0.040279
0.0 0.332075 0.037107 0.068906 0.074213
0.0 0.351870 0.228618 0.031107 0.054668
0.0 0.465142 0.059502 0.048937 0.097332
0.0 0.724254 0.051168 0.026669 0.041951
0.0 0.633080 0.069501 0.031982 0.051085
0.0 0.799944 0.108650 0.131643 0.143741
0.0 0.605829 0.479443 0.053908 0.052634
0.0 0.558735 0.536316 0.084663 0.092305
0.0 0.548527 0.632070 0.085604 0.058860
0.0 0.469281 0.696070 0.058566 0.140072
0.0 0.726900 0.700957 0.030566 0.029929
0.0 0.736651 0.745456 0.023694 0.037703
0.0 0.565452 0.850646 0.037694 0.062528
0.0 0.646153 0.736949 0.027201 0.045031
0.0 0.256605 0.949487 0.028418 0.034785
0.0 0.647050 0.309766 0.035964 0.052520
0.0 0.790125 0.353524 0.032039 0.060057
0.0 0.808915 0.240225 0.040536 0.066006
0.0 0.720327 0.298647 0.031877 0.054801
0.0 0.610987 0.775269 0.010711 0.031725
0.0 0.495692 0.832246 0.020881 0.038710
0.0 0.436958 0.667491 0.019284 0.029472
0.0 0.702531 0.759379 0.019522 0.026526
