0.0 0.110937 0.603906 0.092188 0.113281
0.0 0.203906 0.616406 0.068750 0.071094
0.0 0.069531 0.925000 0.067969 0.083594
0.0 0.154687 0.889063 0.082031 0.085938
0.0 0.035937 0.748438 0.050781 0.057812
0.0 0.036719 0.560156 0.050000 0.043750
0.0 0.738281 0.748438 0.037500 0.067969
0.0 0.826563 0.675781 0.029688 0.050000
0.0 0.942187 0.623438 0.060156 0.075781
0.0 0.681250 0.603906 0.039062 0.052344
0.0 0.664062 0.650000 0.043750 0.033594
0.0 0.581250 0.485156 0.028906 0.035938
0.0 0.739062 0.846875 0.037500 0.045313
0.0 0.560938 0.771094 0.023438 0.035156
0.0 0.575000 0.739844 0.028125 0.031250
0.0 0.753906 0.214844 0.049219 0.053906
0.0 0.900000 0.131250 0.042187 0.091406
0.0 0.136719 0.810938 0.026563 0.030469
0.0 0.193750 0.662500 0.050000 0.060156
0.0 0.188281 0.745313 0.028906 0.031250
0.0 0.308594 0.835156 0.025781 0.032812
