0.0 0.131802 0.271284 0.263604 0.457157
0.0 0.179238 0.278956 0.059880 0.068279
0.0 0.022572 0.316219 0.045145 0.120177
0.0 0.500322 0.106596 0.072197 0.074782
0.0 0.870905 0.045450 0.084285 0.090900
0.0 0.694282 0.160625 0.069300 0.089330
0.0 0.911847 0.599429 0.051750 0.101503
0.0 0.957909 0.610164 0.046144 0.090081
0.0 0.996867 0.801585 0.006266 0.076095
0.0 0.804981 0.833614 0.040746 0.061423
0.0 0.671881 0.813248 0.067257 0.113779
0.0 0.292458 0.969991 0.075406 0.060017
0.0 0.550062 0.593981 0.108087 0.157193
0.0 0.072804 0.764753 0.053564 0.071010
0.0 0.047820 0.488630 0.060129 0.097605
0.0 0.614948 0.471865 0.107171 0.105232
0.0 0.734773 0.415239 0.041621 0.094604
0.0 0.723848 0.562638 0.028991 0.044499
0.0 0.447919 0.310581 0.051104 0.102149
0.0 0.502838 0.380822 0.079783 0.130828
0.0 0.561593 0.367338 0.059439 0.162822
0.0 0.340684 0.308182 0.041267 0.060005
1.0 0.331631 0.613567 0.188830 0.219845
