0.0 0.285395 0.075492 0.073258 0.150984
0.0 0.363573 0.014841 0.027297 0.029682
0.0 0.433384 0.012087 0.029329 0.024174
0.0 0.635429 0.028441 0.025093 0.037800
0.0 0.676056 0.055738 0.014980 0.036864
0.0 0.775470 0.032768 0.021104 0.019692
0.0 0.786408 0.092624 0.016522 0.028523
0.0 0.598930 0.117645 0.071348 0.087585
0.0 0.774055 0.209169 0.079603 0.076780
0.0 0.396104 0.274625 0.034658 0.049483
0.0 0.495305 0.296357 0.036039 0.072749
0.0 0.394064 0.135564 0.027729 0.049613
0.0 0.472225 0.045508 0.012776 0.029719
0.0 0.528271 0.381005 0.057343 0.127937
0.0 0.586356 0.372257 0.033615 0.146566
0.0 0.618677 0.506273 0.085049 0.077283
0.0 0.537374 0.570933 0.088274 0.103805
0.0 0.599694 0.567284 0.013972 0.025973
0.0 0.704312 0.606779 0.028147 0.045795
0.0 0.757411 0.575601 0.022571 0.052221
0.0 0.741155 0.479946 0.027756 0.066583
0.0 0.692018 0.510706 0.019445 0.043448
0.0 0.720671 0.285827 0.037078 0.058962
0.0 0.592694 0.829473 0.062863 0.087571
0.0 0.708450 0.892751 0.031272 0.054568
0.0 0.193972 0.924390 0.045632 0.101402
0.0 0.328490 0.844256 0.033952 0.050189
0.0 0.229035 0.672644 0.058743 0.076392
0.0 0.242614 0.364773 0.030206 0.051385
0.0 0.658271 0.163150 0.015672 0.027673
0.0 0.699172 0.416433 0.009233 0.024764
0.0 0.714110 0.407615 0.013698 0.031347
0.0 0.702350 0.331207 0.008527 0.025469
0.0 0.734577 0.347527 0.011508 0.032687
0.0 0.641005 0.256487 0.020124 0.025771
0.0 0.678558 0.215240 0.012129 0.022718
0.0 0.803107 0.132614 0.015600 0.026895
0.0 0.529418 0.283822 0.015240 0.023006
0.0 0.694256 0.130388 0.013698 0.031347
0.0 0.443154 0.266425 0.013410 0.028235
1.0 0.301086 0.555346 0.177429 0.183782
