0.0 0.559131 0.626399 0.084823 0.047913
0.0 0.698338 0.607343 0.042458 0.084434
0.0 0.606310 0.469983 0.042628 0.065064
0.0 0.633093 0.929300 0.041563 0.115383
0.0 0.488006 0.701219 0.050856 0.136979
1.0 0.420100 0.324343 0.190740 0.500493
0.0 0.454869 0.572756 0.063826 0.134027
0.0 0.313950 0.692728 0.051530 0.092059
0.0 0.273903 0.891947 0.026933 0.051540
0.0 0.480453 0.818165 0.013300 0.023432
0.0 0.427300 0.849622 0.021258 0.037180
0.0 0.493823 0.894309 0.032890 0.048088
0.0 0.442008 0.939959 0.018253 0.027662
0.0 0.627993 0.297651 0.026433 0.044526
0.0 0.595287 0.844366 0.028936 0.057885
0.0 0.723461 0.738367 0.012910 0.028831
0.0 0.669689 0.723569 0.014357 0.027384
0.0 0.744547 0.673296 0.028828 0.034618
0.0 0.286859 0.037914 0.064054 0.075829
0.0 0.590442 0.055305 0.037843 0.052318
0.0 0.679665 0.034252 0.032834 0.047309
0.0 0.758378 0.083724 0.112307 0.139809
0.0 0.774706 0.217254 0.023984 0.042801
0.0 0.697829 0.933131 0.021983 0.025602
0.0 0.561789 0.534167 0.074967 0.072796
0.0 0.326800 0.248768 0.023705 0.049759
0.0 0.771549 0.327465 0.021812 0.055827
0.0 0.456330 0.673114 0.008624 0.023099
