0.0 0.490733 0.622346 0.307347 0.368111
0.0 0.215112 0.320337 0.151042 0.245330
0.0 0.483572 0.352276 0.129664 0.133157
0.0 0.344573 0.189765 0.069320 0.107035
0.0 0.181705 0.046528 0.068880 0.093056
0.0 0.121963 0.665826 0.062145 0.089384
0.0 0.772536 0.894357 0.083377 0.154617
0.0 0.601631 0.148304 0.050453 0.065120
0.0 0.570036 0.227551 0.031562 0.060896
0.0 0.578985 0.387081 0.040022 0.053292
0.0 0.474801 0.067123 0.066392 0.070583
0.0 0.208549 0.896050 0.041498 0.052673
0.0 0.280486 0.930045 0.045102 0.073039
0.0 0.316928 0.942379 0.039718 0.057877
0.0 0.265834 0.625449 0.057380 0.072746
0.0 0.516079 0.233073 0.068994 0.096232
0.0 0.435542 0.018309 0.043278 0.036619
0.0 0.415662 0.108240 0.031382 0.043954
0.0 0.311723 0.111048 0.043311 0.070550
0.0 0.401236 0.250480 0.029907 0.044574
