0.0 0.449006 0.131926 0.068448 0.078437
0.0 0.355217 0.133511 0.007492 0.028237
0.0 0.381995 0.073005 0.015995 0.022910
0.0 0.392382 0.012444 0.019965 0.024888
0.0 0.423102 0.043988 0.024409 0.059752
0.0 0.159447 0.016999 0.016892 0.029953
0.0 0.188516 0.009963 0.013690 0.019926
0.0 0.085185 0.114231 0.023206 0.081598
0.0 0.110335 0.105267 0.024576 0.069907
0.0 0.088332 0.208045 0.019414 0.040927
0.0 0.070597 0.193689 0.016072 0.027597
0.0 0.117632 0.184304 0.013076 0.035357
0.0 0.107038 0.306021 0.052838 0.078961
0.0 0.042882 0.311219 0.021771 0.041747
0.0 0.019333 0.270202 0.014574 0.031477
0.0 0.387448 0.169201 0.015137 0.018210
0.0 0.679382 0.044290 0.019018 0.064349
0.0 0.571749 0.080028 0.016648 0.015111
0.0 0.616890 0.043264 0.023102 0.027712
0.0 0.638144 0.176443 0.023243 0.036305
0.0 0.623593 0.301221 0.033488 0.041939
0.0 0.433273 0.376231 0.022503 0.133909
0.0 0.487044 0.384928 0.041046 0.121719
0.0 0.522543 0.316752 0.027611 0.064490
0.0 0.460569 0.569674 0.074147 0.092587
0.0 0.386785 0.495015 0.078488 0.071573
0.0 0.854089 0.491750 0.037036 0.067769
0.0 0.911409 0.427058 0.035281 0.056026
0.0 0.755604 0.398715 0.024844 0.038674
0.0 0.840857 0.203213 0.259582 0.399415
0.0 0.776059 0.247468 0.021041 0.044859
0.0 0.938267 0.266540 0.046257 0.106186
0.0 0.970167 0.227215 0.013575 0.018184
0.0 0.946173 0.118212 0.018313 0.021386
0.0 0.941367 0.696336 0.027290 0.044961
0.0 0.818890 0.827155 0.019735 0.060456
0.0 0.751362 0.942468 0.048575 0.104662
0.0 0.632682 0.842068 0.025651 0.040249
0.0 0.704685 0.073616 0.015111 0.016648
0.0 0.296472 0.332573 0.013857 0.035370
0.0 0.315297 0.280531 0.025062 0.051953
0.0 0.279616 0.454969 0.022053 0.058932
0.0 0.273540 0.206398 0.069076 0.069076
0.0 0.194288 0.131649 0.022513 0.039416
0.0 0.221769 0.123506 0.017878 0.042464
0.0 0.254565 0.124826 0.012832 0.020515
0.0 0.270611 0.099304 0.023819 0.023819
0.0 0.030398 0.690752 0.010732 0.035318
0.0 0.054190 0.716928 0.011449 0.031425
0.0 0.091674 0.670662 0.033335 0.080203
0.0 0.126493 0.643886 0.035781 0.086490
0.0 0.128687 0.510311 0.019184 0.026867
0.0 0.148458 0.543452 0.020016 0.030004
0.0 0.206096 0.554556 0.010476 0.019695
0.0 0.250007 0.545120 0.013882 0.036932
0.0 0.297848 0.581848 0.022372 0.030824
0.0 0.010669 0.559942 0.015380 0.033052
0.0 0.382448 0.806705 0.057346 0.068102
0.0 0.262215 0.848486 0.028110 0.047318
0.0 0.031121 0.932203 0.022540 0.088616
0.0 0.045940 0.838684 0.034935 0.034935
0.0 0.023878 0.754716 0.021796 0.043309
0.0 0.315676 0.495410 0.019286 0.033116
0.0 0.176021 0.339971 0.012947 0.027545
0.0 0.192722 0.274612 0.007377 0.021206
0.0 0.094983 0.944972 0.016200 0.035408
0.0 0.126164 0.949391 0.012858 0.022077
0.0 0.163852 0.938290 0.022027 0.057370
0.0 0.137281 0.890972 0.006621 0.022756
0.0 0.220214 0.789195 0.018236 0.016699
0.0 0.131753 0.751800 0.008055 0.014970
0.0 0.185550 0.758934 0.017480 0.018249
0.0 0.186845 0.680039 0.015137 0.018210
0.0 0.315678 0.400085 0.017685 0.030747
0.0 0.739076 0.691451 0.055771 0.067295
0.0 0.396746 0.554562 0.009643 0.016558
0.0 0.391402 0.261466 0.018287 0.019824
