0.0 0.551141 0.567273 0.086510 0.104793
0.0 0.623448 0.483727 0.093587 0.081154
0.0 0.716927 0.577333 0.037256 0.062122
0.0 0.768075 0.859081 0.032583 0.049404
0.0 0.639002 0.809952 0.059369 0.093011
0.0 0.262277 0.962003 0.040704 0.075995
0.0 0.540028 0.110835 0.070974 0.079750
0.0 0.604586 0.142051 0.017924 0.025968
0.0 0.724162 0.176897 0.074345 0.058987
0.0 0.722166 0.056477 0.023135 0.034836
0.0 0.740375 0.097615 0.018703 0.026017
0.0 0.566969 0.018128 0.026689 0.036256
0.0 0.603020 0.041173 0.017628 0.033718
0.0 0.358631 0.025817 0.034928 0.037122
0.0 0.404572 0.059754 0.024791 0.036492
0.0 0.466652 0.303251 0.035837 0.076792
0.0 0.362709 0.293265 0.029755 0.053889
0.0 0.218298 0.097931 0.075034 0.157676
0.0 0.205619 0.234134 0.019381 0.036933
0.0 0.224796 0.404367 0.034729 0.046430
0.0 0.380303 0.866714 0.035363 0.044139
0.0 0.257510 0.717003 0.057229 0.083557
0.0 0.667914 0.317371 0.024737 0.048140
0.0 0.690839 0.384047 0.028297 0.042924
0.0 0.734236 0.440060 0.028631 0.060810
0.0 0.691039 0.488141 0.024452 0.031034
0.0 0.765287 0.536759 0.022253 0.045656
0.0 0.686020 0.255975 0.037014 0.058223
0.0 0.566724 0.364355 0.030008 0.145560
0.0 0.507458 0.380558 0.057498 0.137946
0.0 0.337132 0.158654 0.036772 0.054325
0.0 0.631125 0.191283 0.022602 0.026259
0.0 0.598306 0.242634 0.021043 0.026162
0.0 0.286211 0.031878 0.024253 0.040343
0.0 0.705196 0.312708 0.019768 0.043171
0.0 0.608165 0.552775 0.016999 0.023581
0.0 0.632232 0.108242 0.011245 0.030991
0.0 0.658980 0.123020 0.015294 0.021145
0.0 0.494535 0.285865 0.013681 0.032696
3.0 0.312586 0.582864 0.180828 0.185216
