0.0 0.733160 0.926848 0.028439 0.057417
0.0 0.347887 0.945738 0.036739 0.108524
0.0 0.302596 0.984203 0.014722 0.031068
0.0 0.280145 0.956338 0.018848 0.035937
0.0 0.285127 0.618996 0.045916 0.113532
0.0 0.239192 0.067435 0.095822 0.115141
0.0 0.217366 0.183454 0.020188 0.047680
0.0 0.218469 0.304634 0.022417 0.045451
0.0 0.369486 0.289589 0.029257 0.058235
0.0 0.292149 0.258874 0.025355 0.058049
0.0 0.414171 0.030127 0.024833 0.047124
0.0 0.692173 0.233483 0.022678 0.050913
0.0 0.589793 0.041858 0.049441 0.083716
0.0 0.546578 0.574422 0.064278 0.139325
0.0 0.434158 0.529742 0.074189 0.086077
0.0 0.385874 0.468698 0.048729 0.058388
0.0 0.431431 0.636244 0.081018 0.049811
0.0 0.508517 0.710771 0.045886 0.145452
0.0 0.692794 0.704303 0.048440 0.101196
0.0 0.567934 0.873744 0.018552 0.046045
0.0 0.513489 0.847409 0.014240 0.037274
0.0 0.548928 0.966946 0.022122 0.055558
0.0 0.345881 0.777211 0.007512 0.026831
0.0 0.311871 0.736602 0.016320 0.031924
0.0 0.295049 0.793721 0.017171 0.017171
0.0 0.253717 0.747205 0.016320 0.031924
0.0 0.237129 0.678388 0.022790 0.053254
0.0 0.315656 0.014503 0.017728 0.012527
0.0 0.420151 0.890980 0.019400 0.014942
0.0 0.389636 0.858026 0.031378 0.070015
0.0 0.458009 0.848498 0.018108 0.053030
0.0 0.367792 0.712027 0.009297 0.031588
0.0 0.242827 0.388722 0.010783 0.030102
0.0 0.543331 0.686424 0.015984 0.024900
0.0 0.495965 0.922550 0.035982 0.052328
0.0 0.732707 0.024462 0.055121 0.048923
3.0 0.522113 0.161056 0.110948 0.301164
