0.0 0.871875 0.640625 0.085156 0.221875
0.0 0.581250 0.542188 0.071875 0.122656
0.0 0.876562 0.170313 0.049219 0.089844
0.0 0.953906 0.596875 0.032812 0.075781
0.0 0.289062 0.410937 0.043750 0.118750
0.0 0.296875 0.528125 0.081250 0.100781
0.0 0.282031 0.707812 0.014063 0.061719
0.0 0.309375 0.595313 0.032031 0.071094
0.0 0.337500 0.576562 0.021094 0.096094
0.0 0.246875 0.453125 0.028125 0.042969
0.0 0.939844 0.475000 0.017188 0.031250
0.0 0.835938 0.196875 0.027344 0.067969
0.0 0.978125 0.185938 0.034375 0.067969
0.0 0.928125 0.250000 0.025781 0.057031
0.0 0.523438 0.871875 0.035156 0.052344
0.0 0.910938 0.435156 0.027344 0.060938
0.0 0.842187 0.444531 0.014844 0.029688
0.0 0.861719 0.285937 0.029687 0.046875
0.0 0.584375 0.278906 0.034375 0.042187
0.0 0.538281 0.385938 0.014063 0.043750
0.0 0.506250 0.392969 0.016406 0.035938
0.0 0.537500 0.185938 0.021875 0.036719
0.0 0.512500 0.265625 0.019531 0.037500
0.0 0.638281 0.540625 0.020312 0.031250
0.0 0.415625 0.673438 0.017969 0.034375
0.0 0.434375 0.940625 0.021094 0.042969
0.0 0.401563 0.885937 0.031250 0.061719
0.0 0.339063 0.947656 0.021875 0.067188
0.0 0.581250 0.792187 0.019531 0.037500
0.0 0.958594 0.542188 0.048437 0.156250
0.0 0.984375 0.459375 0.021875 0.036719
0.0 0.984375 0.409375 0.031250 0.065625
0.0 0.983594 0.123438 0.032812 0.096875
0.0 0.851562 0.117969 0.031250 0.085938
