0.0 0.327974 0.709065 0.051809 0.067189
0.0 0.482492 0.871647 0.039968 0.109177
0.0 0.184406 0.595878 0.029606 0.095739
0.0 0.272065 0.335493 0.042764 0.088134
0.0 0.161205 0.379866 0.039542 0.081836
0.0 0.074095 0.404294 0.024250 0.052702
0.0 0.233558 0.600551 0.039150 0.106821
0.0 0.425325 0.478522 0.164305 0.119704
0.0 0.615192 0.428348 0.034490 0.058329
0.0 0.836695 0.604475 0.063536 0.118134
0.0 0.599309 0.344496 0.030058 0.074660
0.0 0.572511 0.459718 0.028326 0.063699
0.0 0.546504 0.524165 0.038262 0.049797
0.0 0.339051 0.599849 0.062429 0.047049
0.0 0.577354 0.650442 0.056508 0.068043
0.0 0.105444 0.498543 0.080101 0.078563
