0.0 0.191544 0.803223 0.318159 0.393555
0.0 0.282039 0.804602 0.037126 0.037764
0.0 0.113610 0.820866 0.078427 0.112859
0.0 0.030794 0.394355 0.041012 0.069068
0.0 0.179110 0.108858 0.100960 0.130929
0.0 0.563176 0.166512 0.086668 0.095595
0.0 0.518841 0.415906 0.071233 0.110128
0.0 0.588821 0.615531 0.039700 0.135345
0.0 0.530340 0.607350 0.074757 0.121942
0.0 0.619485 0.863133 0.054474 0.069140
0.0 0.772889 0.745608 0.064243 0.073808
0.0 0.958160 0.808890 0.053067 0.069645
0.0 0.868272 0.253592 0.050107 0.091553
0.0 0.833743 0.283307 0.049878 0.072833
0.0 0.879835 0.076417 0.045909 0.049734
0.0 0.668336 0.109596 0.034612 0.070957
0.0 0.723024 0.510817 0.040940 0.055605
0.0 0.670282 0.393049 0.048519 0.034491
0.0 0.505797 0.681326 0.051948 0.076178
0.0 0.415832 0.720569 0.031713 0.032350
0.0 0.605617 0.482641 0.085958 0.082770
0.0 0.107223 0.649946 0.081712 0.079799
