3.0 0.586408 0.164109 0.159122 0.323336
0.0 0.328214 0.058118 0.143901 0.116236
0.0 0.808866 0.089027 0.091233 0.111259
0.0 0.400790 0.269492 0.034403 0.062440
0.0 0.423580 0.528133 0.077785 0.101816
0.0 0.391442 0.446430 0.055514 0.066862
0.0 0.263610 0.573166 0.039754 0.095827
0.0 0.399760 0.621067 0.089684 0.050299
0.0 0.531200 0.571322 0.078762 0.125490
0.0 0.645522 0.755015 0.057488 0.130917
0.0 0.266150 0.910249 0.050425 0.107166
0.0 0.458861 0.724615 0.074980 0.169770
0.0 0.497944 0.887709 0.032623 0.043971
0.0 0.415574 0.918967 0.035535 0.037538
0.0 0.640644 0.962535 0.054149 0.073508
0.0 0.732861 0.280457 0.032053 0.067432
