3.0 0.453906 0.158594 0.125781 0.301563
0.0 0.663281 0.942969 0.058594 0.103906
0.0 0.287500 0.939844 0.038281 0.035156
0.0 0.521875 0.913281 0.039844 0.052344
0.0 0.447656 0.875000 0.023438 0.041406
0.0 0.317969 0.705469 0.054688 0.106250
0.0 0.495312 0.710156 0.043750 0.153125
0.0 0.560937 0.528125 0.074219 0.085938
0.0 0.571094 0.624219 0.079687 0.055469
0.0 0.714063 0.599219 0.039844 0.111719
0.0 0.610938 0.464063 0.048437 0.079687
0.0 0.622656 0.279688 0.032031 0.069531
0.0 0.752344 0.048437 0.100781 0.096875
0.0 0.251562 0.032031 0.077344 0.064062
0.0 0.455469 0.577344 0.065625 0.153906
