0.0 0.539062 0.430469 0.071094 0.084375
0.0 0.514063 0.612500 0.049219 0.119531
0.0 0.619531 0.509375 0.081250 0.090625
0.0 0.143750 0.803906 0.286719 0.388281
0.0 0.569531 0.632812 0.037500 0.148438
0.0 0.610938 0.195312 0.055469 0.085156
0.0 0.947656 0.160156 0.045313 0.055469
0.0 0.728125 0.146094 0.025000 0.050000
0.0 0.905469 0.323438 0.031250 0.087500
0.0 0.868750 0.342969 0.039062 0.062500
0.0 0.984375 0.425781 0.014844 0.036719
0.0 0.871094 0.482031 0.021094 0.037500
0.0 0.852344 0.452344 0.027344 0.027344
0.0 0.749219 0.450781 0.017187 0.036719
0.0 0.700000 0.415625 0.022656 0.035156
0.0 0.722656 0.538281 0.025000 0.055469
0.0 0.229688 0.758594 0.027344 0.043750
0.0 0.064062 0.743750 0.046875 0.095312
0.0 0.247656 0.602344 0.026562 0.043750
0.0 0.142969 0.515625 0.032812 0.061719
0.0 0.380469 0.700781 0.025000 0.045313
0.0 0.478906 0.686719 0.028125 0.067969
0.0 0.678906 0.503125 0.014844 0.023438
0.0 0.730469 0.792188 0.068750 0.062500
0.0 0.625000 0.925000 0.015625 0.028125
0.0 0.615625 0.982813 0.018750 0.034375
0.0 0.587500 0.954687 0.017187 0.053906
0.0 0.583594 0.889844 0.014063 0.026562
0.0 0.550781 0.865625 0.049219 0.060938
0.0 0.617188 0.831250 0.016406 0.025781
0.0 0.383594 0.967969 0.012500 0.021875
0.0 0.327344 0.948438 0.019531 0.035938
0.0 0.431250 0.922656 0.017187 0.029688
0.0 0.367188 0.828906 0.026562 0.043750
0.0 0.399219 0.950781 0.017187 0.025000
0.0 0.735156 0.900000 0.020312 0.028125
0.0 0.813281 0.858594 0.019531 0.028906
0.0 0.785938 0.869531 0.015625 0.037500
0.0 0.750000 0.867188 0.016406 0.027344
0.0 0.918750 0.904688 0.020313 0.046875
0.0 0.919531 0.858594 0.020313 0.041406
0.0 0.885937 0.802344 0.016406 0.033594
0.0 0.919531 0.788281 0.016406 0.032812
0.0 0.895313 0.886719 0.024219 0.060156
0.0 0.846875 0.973437 0.020312 0.029688
0.0 0.821094 0.985937 0.017969 0.024219
0.0 0.896875 0.685938 0.049219 0.084375
0.0 0.963281 0.687500 0.021094 0.032031
0.0 0.825781 0.657812 0.014844 0.028125
0.0 0.810156 0.715625 0.013281 0.025781
0.0 0.686719 0.711719 0.027344 0.043750
0.0 0.775000 0.207031 0.015625 0.028906
0.0 0.809375 0.310156 0.015625 0.029688
0.0 0.896875 0.046875 0.021094 0.025781
0.0 0.961719 0.067188 0.026563 0.078906
0.0 0.941406 0.274219 0.015625 0.041406
0.0 0.971875 0.242187 0.019531 0.036719
0.0 0.991406 0.151562 0.016406 0.028125
0.0 0.866406 0.042188 0.016406 0.031250
0.0 0.855469 0.099219 0.010938 0.028906
0.0 0.827344 0.033594 0.020312 0.026562
0.0 0.793750 0.435937 0.013281 0.028906
0.0 0.932812 0.452344 0.014844 0.025000
0.0 0.423437 0.203125 0.017187 0.032031
0.0 0.365625 0.158594 0.025781 0.045312
0.0 0.239844 0.060156 0.046875 0.097656
0.0 0.175000 0.174219 0.021094 0.052344
0.0 0.053906 0.313281 0.026562 0.046094
0.0 0.875781 0.588281 0.017188 0.030469
