0.0 0.192891 0.732287 0.097198 0.071510
0.0 0.846444 0.143995 0.044843 0.083375
0.0 0.631612 0.688948 0.029850 0.042694
0.0 0.300267 0.732627 0.013953 0.028224
0.0 0.327443 0.782718 0.019921 0.025630
0.0 0.375322 0.800826 0.014408 0.033674
0.0 0.368244 0.838650 0.019531 0.020958
0.0 0.413532 0.822048 0.071052 0.073193
0.0 0.260941 0.790493 0.010902 0.019465
0.0 0.283646 0.809636 0.021025 0.029587
0.0 0.313417 0.866215 0.015900 0.033025
0.0 0.356493 0.894899 0.015770 0.031468
0.0 0.156419 0.802935 0.021218 0.022646
0.0 0.175878 0.832782 0.028940 0.031794
0.0 0.215503 0.508392 0.023818 0.053787
0.0 0.233199 0.615704 0.019858 0.034129
0.0 0.251097 0.673644 0.036145 0.053270
0.0 0.360056 0.495373 0.099663 0.073262
0.0 0.378231 0.437308 0.024594 0.035297
0.0 0.452972 0.434140 0.098693 0.089416
0.0 0.375799 0.212890 0.070599 0.077021
0.0 0.237420 0.161356 0.031667 0.045938
0.0 0.254771 0.404266 0.032316 0.044446
0.0 0.189953 0.429430 0.017524 0.043211
0.0 0.268383 0.485367 0.033937 0.036077
0.0 0.346206 0.698832 0.014733 0.037566
0.0 0.512691 0.667261 0.037445 0.068841
0.0 0.468194 0.599261 0.074887 0.119127
0.0 0.680561 0.919601 0.024335 0.041461
0.0 0.549640 0.882017 0.011357 0.024915
0.0 0.593169 0.914658 0.014537 0.025953
0.0 0.607700 0.928414 0.016029 0.025305
0.0 0.773350 0.841112 0.087030 0.190494
0.0 0.692735 0.210343 0.038414 0.043409
0.0 0.816892 0.357119 0.063592 0.076436
0.0 0.810365 0.613715 0.032382 0.054502
0.0 0.643856 0.805214 0.037441 0.041008
0.0 0.260585 0.569385 0.029135 0.034130
0.0 0.405131 0.603403 0.033366 0.121845
0.0 0.619935 0.246600 0.022583 0.038995
0.0 0.719816 0.900144 0.021348 0.024203
1.0 0.735713 0.456177 0.197317 0.159499
