0.0 0.965064 0.856324 0.069872 0.128064
0.0 0.597381 0.882803 0.076139 0.076139
0.0 0.178036 0.803848 0.333546 0.392304
0.0 0.399606 0.719740 0.075982 0.074584
0.0 0.248994 0.799270 0.063393 0.079474
0.0 0.073313 0.809084 0.102685 0.148830
0.0 0.024141 0.350076 0.048281 0.072791
0.0 0.589236 0.630006 0.042136 0.151206
0.0 0.528904 0.615657 0.060622 0.128442
0.0 0.493893 0.704763 0.041723 0.108843
0.0 0.618389 0.490451 0.094104 0.094104
0.0 0.534624 0.414859 0.087520 0.135763
0.0 0.736795 0.512308 0.032378 0.077125
0.0 0.581127 0.158922 0.066811 0.075201
0.0 0.912425 0.267729 0.039769 0.089410
0.0 0.871005 0.293094 0.047690 0.076356
0.0 0.938990 0.086820 0.043725 0.075188
0.0 0.706564 0.102339 0.032131 0.051708
0.0 0.696769 0.387562 0.028166 0.050539
0.0 0.888340 0.434255 0.067115 0.062920
0.0 0.776276 0.780014 0.074350 0.073650
0.0 0.192871 0.092747 0.077641 0.121689
1.0 0.309754 0.458670 0.181460 0.212922
0.0 0.076402 0.628965 0.054217 0.072396
