0.0 0.440628 0.366689 0.035403 0.142820
0.0 0.387886 0.475157 0.081021 0.085206
0.0 0.450643 0.560124 0.077792 0.098717
0.0 0.291901 0.561131 0.022556 0.039994
0.0 0.235662 0.826309 0.032080 0.057888
0.0 0.355085 0.787503 0.058961 0.087559
0.0 0.711559 0.954943 0.051906 0.090113
0.0 0.597786 0.848506 0.025884 0.034952
0.0 0.789011 0.852400 0.018291 0.043402
0.0 0.923653 0.726410 0.035290 0.036685
0.0 0.718857 0.709345 0.054877 0.070222
0.0 0.392932 0.540858 0.013331 0.017516
0.0 0.856624 0.514565 0.039034 0.073212
0.0 0.859225 0.234184 0.281550 0.419760
0.0 0.915386 0.454619 0.037740 0.053085
0.0 0.763497 0.419417 0.034274 0.034274
0.0 0.989784 0.265124 0.017376 0.019468
0.0 0.953637 0.295974 0.057844 0.106670
0.0 0.794654 0.268683 0.029490 0.047626
0.0 0.637668 0.313849 0.027337 0.056633
0.0 0.538469 0.316246 0.038336 0.073910
0.0 0.498119 0.380435 0.057064 0.136581
0.0 0.479930 0.128831 0.068885 0.079348
0.0 0.414948 0.157511 0.023772 0.029352
0.0 0.978080 0.157118 0.015841 0.027001
0.0 0.115266 0.598785 0.046166 0.097783
0.0 0.076409 0.625430 0.038834 0.086265
0.0 0.019273 0.799182 0.038546 0.038259
0.0 0.035321 0.673836 0.015940 0.035470
0.0 0.018202 0.649307 0.014446 0.028396
0.0 0.006033 0.701119 0.012066 0.048065
0.0 0.002780 0.877638 0.005560 0.075584
0.0 0.124490 0.891878 0.013768 0.036786
0.0 0.127362 0.925157 0.013888 0.022956
0.0 0.085493 0.912226 0.011397 0.021163
0.0 0.059149 0.908741 0.020504 0.027479
0.0 0.195484 0.758578 0.013031 0.022099
0.0 0.171345 0.649297 0.019468 0.017376
0.0 0.244590 0.517014 0.017733 0.037961
0.0 0.322977 0.380545 0.026980 0.038140
0.0 0.280475 0.435090 0.023710 0.066258
0.0 0.314274 0.473109 0.023632 0.035490
0.0 0.332833 0.261398 0.042203 0.066616
0.0 0.010522 0.517367 0.012592 0.032820
0.0 0.126677 0.479797 0.018730 0.032680
0.0 0.198517 0.506794 0.022136 0.058407
0.0 0.145889 0.506897 0.028116 0.026721
0.0 0.109693 0.714444 0.014187 0.018373
0.0 0.654649 0.048573 0.037382 0.034592
0.0 0.720092 0.053710 0.031721 0.069387
0.0 0.665120 0.183939 0.029869 0.043819
0.0 0.456768 0.033001 0.023811 0.044736
0.0 0.432355 0.007868 0.015682 0.015735
0.0 0.306876 0.070255 0.025326 0.029511
0.0 0.248968 0.098875 0.021081 0.040611
0.0 0.225853 0.109856 0.018969 0.035012
0.0 0.144008 0.073195 0.034291 0.071957
0.0 0.147082 0.150473 0.017654 0.037184
0.0 0.127042 0.269362 0.055533 0.084132
0.0 0.056319 0.262113 0.021938 0.041468
0.0 0.074826 0.165842 0.016657 0.042465
0.0 0.040156 0.228257 0.022058 0.027638
0.0 0.055412 0.094742 0.025783 0.056474
0.0 0.124159 0.052312 0.017972 0.040293
0.0 0.117825 0.098783 0.032978 0.044138
0.0 0.112768 0.163448 0.018272 0.035709
0.0 0.095211 0.158507 0.015242 0.036168
0.0 0.413001 0.253123 0.016299 0.023972
0.0 0.385996 0.202449 0.014844 0.032282
0.0 0.299749 0.185755 0.076000 0.066235
0.0 0.203906 0.005433 0.026422 0.010867
0.0 0.421020 0.059966 0.013888 0.022956
0.0 0.309681 0.318711 0.018730 0.032680
0.0 0.546051 0.801580 0.019587 0.033537
