0.0 0.805280 0.059548 0.057555 0.063087
0.0 0.404666 0.265560 0.039363 0.051118
0.0 0.395618 0.448475 0.048161 0.054384
0.0 0.431010 0.519945 0.080641 0.091704
0.0 0.531519 0.578118 0.072185 0.147555
0.0 0.658920 0.735123 0.060418 0.110204
0.0 0.662084 0.950029 0.033586 0.047416
0.0 0.509617 0.878300 0.025310 0.041905
0.0 0.432541 0.914650 0.040906 0.058193
0.0 0.403617 0.841531 0.025725 0.052692
0.0 0.462203 0.844810 0.025129 0.047256
0.0 0.479551 0.966172 0.020139 0.036735
0.0 0.282168 0.917028 0.048397 0.126533
0.0 0.336404 0.838093 0.025268 0.069522
0.0 0.188497 0.932696 0.014884 0.030788
0.0 0.214519 0.910399 0.011352 0.026564
0.0 0.270369 0.580143 0.046599 0.117129
0.0 0.314161 0.043933 0.102439 0.087866
0.0 0.332134 0.224600 0.027278 0.052862
0.0 0.661896 0.062693 0.047577 0.098055
0.0 0.490918 0.019318 0.040927 0.038636
0.0 0.269211 0.146183 0.026948 0.042852
0.0 0.249548 0.268204 0.020800 0.056756
0.0 0.216101 0.637855 0.024203 0.031809
0.0 0.224141 0.707898 0.024554 0.028011
0.0 0.254406 0.754441 0.013947 0.022245
0.0 0.281248 0.703155 0.023512 0.032501
0.0 0.472441 0.708394 0.066664 0.146183
0.0 0.414592 0.619530 0.086906 0.057864
0.0 0.727508 0.267154 0.031151 0.060192
0.0 0.364404 0.869456 0.020416 0.025256
0.0 0.304343 0.743411 0.017129 0.030266
0.0 0.337047 0.688837 0.013937 0.029149
0.0 0.229837 0.942729 0.013692 0.019915
0.0 0.263992 0.351524 0.015374 0.049256
3.0 0.580510 0.159873 0.132200 0.296078
