0.0 0.790625 0.182812 0.038281 0.042969
0.0 0.731250 0.503125 0.021094 0.033594
0.0 0.754687 0.425000 0.028125 0.032031
0.0 0.778906 0.534375 0.027344 0.053906
0.0 0.796094 0.756250 0.075781 0.059375
0.0 0.586719 0.611719 0.028125 0.130469
0.0 0.642187 0.504687 0.096875 0.073437
0.0 0.473437 0.664062 0.036719 0.073437
0.0 0.519531 0.601562 0.057031 0.117969
0.0 0.273438 0.442187 0.193750 0.140625
0.0 0.645312 0.223438 0.075000 0.085156
0.0 0.353906 0.680469 0.034375 0.041406
0.0 0.183594 0.112500 0.039844 0.081250
0.0 0.332031 0.196094 0.032812 0.046875
0.0 0.202344 0.868750 0.069531 0.097656
0.0 0.814844 0.453125 0.018750 0.037500
0.0 0.739062 0.694531 0.038281 0.056250
0.0 0.550781 0.435937 0.096094 0.089844
0.0 0.285937 0.903125 0.023438 0.035156
0.0 0.798437 0.858594 0.025781 0.028906
0.0 0.603906 0.848437 0.016406 0.026562
0.0 0.647656 0.795313 0.020313 0.019531
0.0 0.353906 0.912500 0.012500 0.021875
0.0 0.371875 0.905469 0.014844 0.020313
0.0 0.415625 0.874219 0.014844 0.021875
0.0 0.328906 0.797656 0.023438 0.029688
0.0 0.616406 0.917188 0.014063 0.016406
0.0 0.608594 0.896875 0.014063 0.015625
0.0 0.657031 0.882031 0.014063 0.028906
0.0 0.678906 0.747656 0.015625 0.020313
0.0 0.636719 0.709375 0.014844 0.020313
0.0 0.401563 0.232031 0.012500 0.025000
0.0 0.182812 0.592188 0.028125 0.039844
0.0 0.816406 0.830469 0.010937 0.021875
0.0 0.563281 0.828906 0.061719 0.056250
