0.0 0.564738 0.524476 0.081719 0.093800
0.0 0.467160 0.572946 0.070203 0.127256
0.0 0.354912 0.724254 0.061945 0.099533
0.0 0.606303 0.451944 0.049920 0.049249
0.0 0.588506 0.276981 0.030301 0.050438
0.0 0.719484 0.893205 0.060137 0.114505
0.0 0.195180 0.075606 0.065663 0.081773
3.0 0.387777 0.343924 0.215296 0.513986
0.0 0.527966 0.698041 0.059257 0.136447
0.0 0.585226 0.613172 0.075889 0.044342
0.0 0.500591 0.859320 0.023900 0.036654
0.0 0.531508 0.943474 0.024211 0.027567
0.0 0.573433 0.891386 0.032161 0.041557
0.0 0.356392 0.930553 0.031799 0.044552
0.0 0.669888 0.052302 0.116409 0.104603
0.0 0.580577 0.012754 0.029166 0.025507
0.0 0.499985 0.044448 0.026275 0.043055
0.0 0.278694 0.288314 0.028184 0.051677
0.0 0.717239 0.568784 0.045270 0.082859
0.0 0.662546 0.814883 0.026120 0.047598
0.0 0.543547 0.814976 0.012750 0.021476
0.0 0.767410 0.685051 0.015589 0.025658
0.0 0.770358 0.618453 0.013731 0.023128
0.0 0.400630 0.999571 0.016106 0.000857
0.0 0.777926 0.882265 0.015693 0.026432
