3.0 0.300000 0.578906 0.198438 0.197656
0.0 0.227344 0.957031 0.083594 0.085938
0.0 0.625781 0.817188 0.090625 0.100781
0.0 0.756250 0.865625 0.052344 0.078125
0.0 0.975781 0.866406 0.048437 0.060937
0.0 0.885156 0.646875 0.046875 0.103906
0.0 0.934375 0.678125 0.060156 0.088281
0.0 0.575781 0.355469 0.042969 0.160938
0.0 0.628125 0.486719 0.091406 0.080469
0.0 0.546094 0.566406 0.085156 0.106250
0.0 0.481250 0.300000 0.044531 0.088281
0.0 0.515625 0.386719 0.049219 0.119531
0.0 0.378906 0.272656 0.023438 0.059375
0.0 0.147656 0.191406 0.248437 0.382812
0.0 0.217969 0.213281 0.034375 0.039844
0.0 0.038281 0.238281 0.054687 0.142187
0.0 0.556250 0.094531 0.077344 0.106250
0.0 0.748438 0.193750 0.079687 0.097656
0.0 0.929688 0.094531 0.064844 0.128125
0.0 0.739844 0.448438 0.028125 0.084375
0.0 0.711719 0.592187 0.019531 0.046094
0.0 0.035156 0.703125 0.038281 0.078906
0.0 0.065625 0.416406 0.040625 0.068750
