0.0 0.551861 0.630379 0.036430 0.129488
0.0 0.500900 0.616892 0.077225 0.128407
0.0 0.552341 0.430840 0.091826 0.124396
0.0 0.607653 0.519890 0.101176 0.093865
0.0 0.690686 0.821127 0.068729 0.068064
0.0 0.867217 0.917776 0.031738 0.047691
0.0 0.839749 0.939155 0.036019 0.061943
0.0 0.858687 0.961546 0.018489 0.039759
0.0 0.926354 0.385668 0.038622 0.085816
0.0 0.885832 0.398898 0.045314 0.057943
0.0 0.984790 0.220797 0.030419 0.041686
0.0 0.778005 0.184111 0.032947 0.050894
0.0 0.655754 0.211869 0.058976 0.079582
3.0 0.427064 0.328784 0.311777 0.302471
0.0 0.453854 0.682063 0.038111 0.066029
0.0 0.501970 0.872664 0.049618 0.061582
0.0 0.355638 0.684803 0.030408 0.049020
0.0 0.137577 0.749461 0.275155 0.411389
0.0 0.195949 0.720703 0.030529 0.044487
0.0 0.036658 0.680920 0.057493 0.101364
0.0 0.717248 0.570823 0.025756 0.053673
0.0 0.934501 0.753679 0.025789 0.037754
0.0 0.871304 0.535708 0.020167 0.030138
0.0 0.852234 0.503043 0.029451 0.031445
0.0 0.709374 0.447427 0.021376 0.033341
0.0 0.233652 0.570587 0.033950 0.047244
0.0 0.085515 0.255451 0.032838 0.050120
0.0 0.306147 0.044068 0.063224 0.088136
