3.0 0.694531 0.563281 0.162500 0.178125
0.0 0.753906 0.701562 0.058594 0.071875
0.0 0.972656 0.692187 0.027344 0.058594
0.0 0.774219 0.950000 0.054688 0.100000
0.0 0.843750 0.835156 0.031250 0.067188
0.0 0.642969 0.860156 0.026562 0.045312
0.0 0.257031 0.872656 0.028125 0.056250
0.0 0.379687 0.825781 0.054688 0.095313
0.0 0.008594 0.797656 0.017188 0.076562
0.0 0.026563 0.863281 0.046094 0.050000
0.0 0.008594 0.954687 0.016406 0.090625
0.0 0.078906 0.981250 0.020313 0.037500
0.0 0.110937 0.978125 0.010156 0.039844
0.0 0.152344 0.958594 0.017969 0.082813
0.0 0.070313 0.682813 0.032813 0.093750
0.0 0.108594 0.646875 0.041406 0.085938
0.0 0.107813 0.518750 0.021875 0.032812
0.0 0.126563 0.547656 0.030469 0.026563
0.0 0.078125 0.303906 0.049219 0.092188
0.0 0.264062 0.449219 0.026563 0.076563
0.0 0.382031 0.494531 0.080469 0.090625
0.0 0.455469 0.564844 0.079687 0.097656
0.0 0.483594 0.378906 0.053125 0.128125
0.0 0.426562 0.366406 0.027344 0.146094
0.0 0.522656 0.297656 0.032812 0.077344
0.0 0.625000 0.282031 0.035938 0.058594
0.0 0.852344 0.196094 0.267969 0.391406
0.0 0.785156 0.221094 0.025000 0.045313
0.0 0.957812 0.238281 0.047656 0.106250
0.0 0.680469 0.024219 0.026562 0.048437
0.0 0.617969 0.014063 0.034375 0.027344
0.0 0.403906 0.019531 0.026563 0.039062
0.0 0.369531 0.040625 0.016406 0.035156
0.0 0.250781 0.071094 0.025781 0.021094
0.0 0.300000 0.266406 0.027344 0.074219
0.0 0.169531 0.112500 0.018750 0.032812
0.0 0.196875 0.107031 0.011719 0.039062
0.0 0.257031 0.184375 0.075781 0.072656
0.0 0.010937 0.296875 0.021094 0.046094
0.0 0.236719 0.548438 0.018750 0.040625
0.0 0.289844 0.583594 0.025000 0.044531
0.0 0.187500 0.557813 0.017188 0.028906
0.0 0.765625 0.389063 0.032812 0.047656
0.0 0.875000 0.479688 0.039844 0.080469
0.0 0.938281 0.411719 0.038281 0.067969
0.0 0.439844 0.103906 0.065625 0.078906
0.0 0.374219 0.148438 0.011719 0.017187
0.0 0.014063 0.042188 0.021094 0.044531
0.0 0.052344 0.088281 0.026562 0.107031
0.0 0.083594 0.088281 0.025000 0.088281
0.0 0.017969 0.195312 0.018750 0.035156
0.0 0.037500 0.189062 0.012500 0.035156
0.0 0.057031 0.190625 0.017188 0.044531
0.0 0.090625 0.174219 0.016406 0.039844
0.0 0.132812 0.009375 0.024219 0.017969
0.0 0.168750 0.271875 0.017188 0.027344
0.0 0.152344 0.332031 0.020312 0.032031
0.0 0.300781 0.382031 0.025781 0.053125
0.0 0.207031 0.807812 0.016406 0.035156
0.0 0.031250 0.729688 0.013281 0.039844
0.0 0.007813 0.600781 0.014844 0.026563
0.0 0.640625 0.150781 0.025781 0.034375
0.0 0.350000 0.200000 0.017969 0.027344
0.0 0.384375 0.246875 0.020312 0.029688
0.0 0.172656 0.695312 0.016406 0.025781
