0.0 0.504153 0.717931 0.052193 0.142944
0.0 0.681747 0.934741 0.050869 0.107780
0.0 0.455062 0.878084 0.031959 0.046572
0.0 0.528277 0.913675 0.048303 0.042920
0.0 0.297224 0.928188 0.041563 0.061559
0.0 0.319691 0.713752 0.051038 0.118716
0.0 0.458100 0.569406 0.060029 0.144627
0.0 0.566028 0.525544 0.069628 0.108851
0.0 0.725727 0.595738 0.033035 0.116095
0.0 0.574750 0.634797 0.105098 0.028960
0.0 0.618264 0.467698 0.044615 0.056920
0.0 0.620615 0.266075 0.039988 0.060753
0.0 0.239981 0.056313 0.055507 0.104728
0.0 0.729069 0.056355 0.090840 0.112710
1.0 0.451022 0.162436 0.142003 0.294279
