0.0 0.632812 0.338281 0.094531 0.242188
0.0 0.482031 0.290625 0.039062 0.095312
0.0 0.563281 0.371094 0.031250 0.079687
0.0 0.530469 0.493750 0.046094 0.101562
0.0 0.437500 0.599219 0.059375 0.125781
0.0 0.228906 0.458594 0.042969 0.097656
0.0 0.279688 0.586719 0.054688 0.101562
0.0 0.207812 0.790625 0.050000 0.085156
0.0 0.300000 0.842969 0.035156 0.143750
0.0 0.261719 0.952344 0.059375 0.088281
0.0 0.046875 0.718750 0.089844 0.128125
0.0 0.063281 0.614844 0.041406 0.064844
0.0 0.139844 0.733594 0.064062 0.143750
0.0 0.042969 0.957812 0.085938 0.083594
0.0 0.747656 0.599219 0.053125 0.089062
0.0 0.830469 0.574219 0.055469 0.085938
0.0 0.908594 0.134375 0.056250 0.132031
0.0 0.649219 0.027344 0.078906 0.053906
0.0 0.771094 0.294531 0.039844 0.057031
0.0 0.667969 0.524219 0.035937 0.051563
0.0 0.368750 0.839063 0.045313 0.085156
0.0 0.189062 0.367969 0.058594 0.045313
0.0 0.377344 0.537500 0.048437 0.100781
