0.0 0.351632 0.921648 0.048527 0.097567
0.0 0.705670 0.896416 0.046323 0.055377
0.0 0.490712 0.896632 0.029759 0.026741
0.0 0.560501 0.856757 0.026978 0.036786
0.0 0.507076 0.686586 0.046230 0.145064
0.0 0.396160 0.457383 0.040736 0.074686
0.0 0.438484 0.530216 0.058519 0.093224
0.0 0.435293 0.621001 0.078643 0.042429
0.0 0.298827 0.607625 0.030638 0.075906
0.0 0.542815 0.564218 0.053801 0.138301
0.0 0.681512 0.690082 0.041078 0.084837
0.0 0.722219 0.047536 0.079943 0.095072
0.0 0.378811 0.290686 0.025759 0.046884
0.0 0.255069 0.075204 0.119283 0.137390
0.0 0.340992 0.026967 0.022372 0.038971
