0.0 0.852344 0.159375 0.295313 0.318750
0.0 0.753125 0.220313 0.053906 0.062500
0.0 0.791406 0.445312 0.039062 0.034375
0.0 0.626562 0.193750 0.100781 0.136719
0.0 0.515625 0.050000 0.038281 0.043750
0.0 0.425000 0.020312 0.034375 0.025000
0.0 0.643750 0.014063 0.014844 0.013281
0.0 0.667188 0.021875 0.009375 0.013281
0.0 0.693750 0.007031 0.009375 0.014062
0.0 0.624219 0.028125 0.004688 0.025000
0.0 0.590625 0.026563 0.016406 0.011719
0.0 0.565625 0.048437 0.013281 0.016406
0.0 0.639063 0.056250 0.011719 0.008594
0.0 0.585938 0.101562 0.014844 0.012500
0.0 0.654688 0.109375 0.012500 0.008594
0.0 0.521875 0.139062 0.009375 0.009375
0.0 0.546875 0.132812 0.000781 0.008594
0.0 0.475781 0.162500 0.010938 0.028906
0.0 0.550000 0.212500 0.013281 0.019531
0.0 0.406250 0.235938 0.046875 0.084375
0.0 0.476563 0.358594 0.063281 0.054688
0.0 0.554688 0.376563 0.012500 0.032031
0.0 0.600000 0.384375 0.018750 0.024219
0.0 0.479688 0.435937 0.027344 0.021875
0.0 0.396875 0.393750 0.018750 0.021094
0.0 0.448438 0.483594 0.064844 0.098438
0.0 0.387500 0.485937 0.024219 0.035156
0.0 0.323438 0.545313 0.019531 0.036719
0.0 0.298438 0.529688 0.021094 0.014844
0.0 0.403125 0.617188 0.015625 0.021875
0.0 0.450781 0.745313 0.067187 0.191406
0.0 0.279687 0.671094 0.028906 0.051563
0.0 0.171875 0.851562 0.052344 0.062500
0.0 0.235156 0.939844 0.029687 0.039062
0.0 0.266406 0.820312 0.032812 0.028906
0.0 0.346875 0.946094 0.021875 0.023438
0.0 0.318750 0.721875 0.039844 0.072656
0.0 0.353125 0.688281 0.025000 0.029688
0.0 0.401563 0.677344 0.017969 0.010937
0.0 0.392969 0.700000 0.020312 0.028906
0.0 0.406250 0.716406 0.005469 0.023438
0.0 0.316406 0.655469 0.014063 0.032812
0.0 0.333594 0.648438 0.014063 0.024219
0.0 0.317187 0.601562 0.008594 0.013281
0.0 0.334375 0.623438 0.008594 0.015625
0.0 0.225000 0.590625 0.012500 0.021094
0.0 0.083594 0.805469 0.017188 0.039062
0.0 0.182812 0.925000 0.009375 0.038281
0.0 0.268750 0.948438 0.028125 0.021094
0.0 0.282031 0.918750 0.032812 0.024219
0.0 0.318750 0.904688 0.017969 0.016406
0.0 0.215625 0.829687 0.015625 0.016406
0.0 0.228125 0.762500 0.017969 0.058594
0.0 0.359375 0.560938 0.016406 0.021094
0.0 0.431250 0.565625 0.019531 0.030469
0.0 0.482812 0.312500 0.012500 0.016406
0.0 0.529688 0.232813 0.030469 0.037500
