0.0 0.471269 0.613032 0.072532 0.142516
0.0 0.463489 0.411126 0.097955 0.140522
3.0 0.703631 0.426543 0.190261 0.204691
0.0 0.381689 0.489680 0.101884 0.088898
0.0 0.837358 0.816677 0.302149 0.366646
0.0 0.763540 0.792116 0.029458 0.052545
0.0 0.928409 0.617868 0.042673 0.063596
0.0 0.874095 0.547262 0.040364 0.074273
0.0 0.760842 0.627405 0.039038 0.056353
0.0 0.609875 0.719643 0.033787 0.048216
0.0 0.939880 0.791061 0.055423 0.110256
0.0 0.414020 0.624464 0.040010 0.153282
0.0 0.506453 0.698674 0.037651 0.079496
0.0 0.231808 0.789595 0.076521 0.070749
0.0 0.305047 0.487927 0.026977 0.039964
0.0 0.259428 0.522154 0.033151 0.060567
0.0 0.294535 0.397060 0.030988 0.041810
0.0 0.065470 0.666048 0.062898 0.096087
0.0 0.193512 0.417788 0.028939 0.045533
0.0 0.131442 0.420246 0.030960 0.030960
0.0 0.108418 0.456145 0.031103 0.043369
0.0 0.241010 0.432269 0.026659 0.046139
0.0 0.188796 0.280346 0.027323 0.044639
0.0 0.121650 0.309064 0.049886 0.077302
0.0 0.082692 0.285030 0.040304 0.094415
0.0 0.282909 0.109481 0.032141 0.057393
0.0 0.402840 0.161440 0.063361 0.081398
0.0 0.983462 0.340815 0.033076 0.057681
0.0 0.868551 0.188061 0.029197 0.059499
0.0 0.666930 0.149643 0.035085 0.055286
0.0 0.603913 0.196684 0.026920 0.039185
0.0 0.807798 0.066842 0.057099 0.091008
0.0 0.049779 0.094583 0.045243 0.045964
0.0 0.191367 0.003900 0.022563 0.007799
0.0 0.116774 0.006384 0.031479 0.012769
0.0 0.231811 0.175421 0.022360 0.040397
0.0 0.045818 0.028217 0.027723 0.056435
0.0 0.046819 0.229890 0.020369 0.044899
0.0 0.155418 0.053829 0.024497 0.027383
0.0 0.005364 0.657138 0.010727 0.051478
0.0 0.049849 0.877190 0.031620 0.071302
0.0 0.065309 0.795295 0.021466 0.038781
0.0 0.033248 0.773338 0.020080 0.041003
0.0 0.024540 0.848682 0.027178 0.053151
0.0 0.026478 0.896612 0.018319 0.048622
0.0 0.221488 0.907906 0.021726 0.031827
0.0 0.206163 0.871520 0.019216 0.029316
0.0 0.167091 0.870196 0.021466 0.038781
0.0 0.139792 0.857993 0.022014 0.035722
0.0 0.385907 0.866800 0.016388 0.032982
0.0 0.381178 0.909537 0.019043 0.026979
0.0 0.333050 0.945929 0.022793 0.035780
0.0 0.347613 0.844383 0.023139 0.040455
0.0 0.417477 0.884804 0.057331 0.073204
0.0 0.644642 0.987725 0.020110 0.024550
0.0 0.534754 0.951451 0.027150 0.042301
0.0 0.578129 0.985824 0.032922 0.028352
0.0 0.613754 0.857806 0.037797 0.050063
0.0 0.287176 0.708303 0.036643 0.055401
0.0 0.096280 0.567271 0.022563 0.032664
0.0 0.153082 0.710133 0.023227 0.031163
0.0 0.143957 0.642870 0.026747 0.036847
0.0 0.369497 0.972127 0.021581 0.040339
0.0 0.366966 0.741624 0.023255 0.042013
0.0 0.025612 0.251822 0.019735 0.036329
0.0 0.019822 0.361851 0.021899 0.034164
