0.0 0.842188 0.196875 0.296094 0.392969
0.0 0.446094 0.105469 0.064062 0.079687
0.0 0.778125 0.214844 0.032031 0.064844
0.0 0.952344 0.232813 0.067188 0.112500
0.0 0.972656 0.702344 0.025781 0.066406
0.0 0.778125 0.953906 0.066406 0.092188
0.0 0.378906 0.817969 0.058594 0.113281
0.0 0.255469 0.875000 0.038281 0.060156
0.0 0.109375 0.671094 0.042969 0.096875
0.0 0.066406 0.675781 0.031250 0.083594
0.0 0.019531 0.860938 0.039062 0.046875
0.0 0.425781 0.354688 0.026563 0.164062
0.0 0.374219 0.493750 0.105469 0.075781
0.0 0.453125 0.568750 0.083594 0.121094
0.0 0.525000 0.303906 0.042187 0.081250
0.0 0.486719 0.385156 0.056250 0.121875
0.0 0.614062 0.261719 0.045313 0.082031
0.0 0.250000 0.178125 0.058594 0.087500
0.0 0.060156 0.092969 0.061719 0.095312
0.0 0.263281 0.454687 0.021875 0.067188
1.0 0.696094 0.570312 0.168750 0.196094
0.0 0.083594 0.292969 0.064062 0.099219
