0.0 0.510467 0.393654 0.067279 0.130072
0.0 0.549295 0.573586 0.088268 0.118204
0.0 0.268300 0.951739 0.059506 0.096522
0.0 0.560255 0.376400 0.055794 0.144873
0.0 0.531264 0.141829 0.058367 0.087573
0.0 0.608561 0.483710 0.095742 0.089171
0.0 0.718698 0.196463 0.070334 0.068143
0.0 0.145518 0.502164 0.037613 0.090914
0.0 0.070588 0.715154 0.031139 0.050123
0.0 0.973572 0.819841 0.045569 0.057252
0.0 0.885700 0.286839 0.056424 0.093662
0.0 0.633495 0.802302 0.064072 0.091818
0.0 0.150497 0.223162 0.282800 0.417878
0.0 0.054215 0.284858 0.053665 0.111347
0.0 0.085419 0.443355 0.035211 0.077560
0.0 0.215397 0.258963 0.030991 0.047784
0.0 0.878805 0.646594 0.045162 0.087511
0.0 0.919014 0.651085 0.033962 0.094565
0.0 0.198744 0.847140 0.028182 0.064689
0.0 0.723297 0.453720 0.027279 0.087151
0.0 0.883405 0.090496 0.059394 0.091521
0.0 0.467743 0.312605 0.035843 0.075271
3.0 0.416690 0.667337 0.306978 0.285074
0.0 0.369392 0.304762 0.033230 0.046373
0.0 0.751611 0.837854 0.034419 0.065086
