0.0 0.136739 0.803207 0.007055 0.010631
0.0 0.346883 0.160548 0.010678 0.017114
0.0 0.381257 0.091900 0.013396 0.021977
0.0 0.309826 0.129083 0.007707 0.009137
0.0 0.332139 0.056716 0.009836 0.016272
0.0 0.370850 0.031609 0.011982 0.014127
0.0 0.355134 0.040730 0.005307 0.008168
0.0 0.364002 0.014923 0.008676 0.011537
0.0 0.311815 0.028588 0.009010 0.006150
0.0 0.386754 0.140050 0.006849 0.017575
0.0 0.414593 0.212243 0.007246 0.012967
0.0 0.363455 0.257960 0.011791 0.011791
0.0 0.324666 0.214879 0.009709 0.014715
0.0 0.309689 0.511611 0.012299 0.018020
0.0 0.300408 0.513152 0.005244 0.007389
0.0 0.335609 0.454627 0.005244 0.007389
0.0 0.333016 0.528520 0.007770 0.009916
0.0 0.301049 0.328896 0.007119 0.011410
0.0 0.269807 0.349474 0.007437 0.015303
0.0 0.287873 0.407572 0.005752 0.013618
0.0 0.302652 0.415772 0.004910 0.012776
