0.0 0.722500 0.185193 0.175160 0.300947
0.0 0.506815 0.168978 0.064982 0.121886
0.0 0.851875 0.462177 0.106753 0.190611
0.0 0.650465 0.489166 0.079400 0.150529
0.0 0.584463 0.385522 0.050804 0.080004
0.0 0.741622 0.768492 0.128498 0.207864
0.0 0.809280 0.836101 0.067515 0.126665
0.0 0.602039 0.796866 0.091683 0.203244
0.0 0.582904 0.615464 0.057702 0.115354
0.0 0.885405 0.076895 0.044319 0.054802
0.0 0.943475 0.407614 0.112345 0.270328
0.0 0.921798 0.815087 0.093164 0.182263
0.0 0.855461 0.645777 0.117777 0.193399
0.0 0.929315 0.614553 0.141370 0.214746
0.0 0.741716 0.617581 0.170523 0.206462
0.0 0.365694 0.944912 0.053671 0.073887
0.0 0.277645 0.914103 0.064090 0.100029
0.0 0.340880 0.049866 0.041452 0.060919
0.0 0.634513 0.041006 0.057478 0.071704
0.0 0.658059 0.081485 0.039206 0.063165
0.0 0.593637 0.150577 0.085628 0.093115
0.0 0.625435 0.239979 0.076755 0.162111
0.0 0.548889 0.261088 0.117857 0.214443
0.0 0.782210 0.383704 0.195695 0.326723
0.0 0.915260 0.202565 0.162082 0.405130
0.0 0.462925 0.108999 0.018448 0.031925
0.0 0.457796 0.174888 0.026605 0.040830
0.0 0.552857 0.454056 0.122142 0.223970
0.0 0.294618 0.104142 0.082697 0.135857
0.0 0.807537 0.129591 0.196586 0.259183
0.0 0.626028 0.580082 0.062513 0.080482
0.0 0.648443 0.650320 0.025219 0.064153
0.0 0.664359 0.791194 0.050103 0.139202
0.0 0.960018 0.739767 0.079964 0.267970
0.0 0.635638 0.949529 0.091092 0.093338
0.0 0.914947 0.911324 0.170105 0.150769
0.0 0.806287 0.954290 0.083923 0.070446
0.0 0.730568 0.919068 0.163545 0.150068
0.0 0.458705 0.254605 0.036720 0.040464
0.0 0.470113 0.342494 0.106529 0.146961
0.0 0.395859 0.228241 0.042949 0.059422
0.0 0.389854 0.330133 0.094167 0.111388
0.0 0.461288 0.471086 0.116900 0.152839
0.0 0.180511 0.430944 0.034299 0.057510
0.0 0.354682 0.579432 0.042663 0.052396
0.0 0.402807 0.513351 0.072517 0.134662
0.0 0.456382 0.542440 0.030301 0.055009
0.0 0.410631 0.647518 0.048112 0.109507
0.0 0.329479 0.498361 0.083987 0.110193
0.0 0.770612 0.329444 0.075337 0.108281
0.0 0.276811 0.357423 0.022112 0.045323
0.0 0.251115 0.360036 0.015787 0.024024
0.0 0.244392 0.386895 0.013254 0.019244
0.0 0.310186 0.389682 0.063517 0.124164
0.0 0.321862 0.273484 0.016951 0.033423
0.0 0.338573 0.318934 0.032929 0.062130
0.0 0.349792 0.708645 0.046996 0.044001
0.0 0.274409 0.739089 0.031957 0.057414
0.0 0.301092 0.684048 0.049290 0.062018
0.0 0.262906 0.648858 0.068312 0.107994
0.0 0.226553 0.716022 0.042058 0.075750
0.0 0.267636 0.515742 0.050342 0.087778
0.0 0.318854 0.563692 0.088623 0.090120
0.0 0.331169 0.616359 0.057510 0.072485
0.0 0.262539 0.582412 0.029106 0.044829
0.0 0.226456 0.560428 0.030284 0.035526
0.0 0.274836 0.423966 0.038585 0.067036
0.0 0.228590 0.459475 0.067149 0.136781
0.0 0.237894 0.534158 0.024852 0.036083
0.0 0.180910 0.498171 0.041229 0.055455
0.0 0.194197 0.555489 0.039333 0.066288
0.0 0.144556 0.527022 0.017317 0.023307
0.0 0.159404 0.545963 0.014035 0.019276
0.0 0.233291 0.593770 0.014943 0.022430
0.0 0.210733 0.615803 0.015692 0.021682
0.0 0.212135 0.650149 0.034857 0.052077
0.0 0.140686 0.566275 0.026079 0.047043
0.0 0.173726 0.609495 0.053273 0.083222
0.0 0.088401 0.549644 0.027417 0.041643
0.0 0.129407 0.596448 0.021538 0.031272
0.0 0.104587 0.601371 0.006388 0.022860
0.0 0.085264 0.606851 0.011725 0.019961
0.0 0.181389 0.663133 0.061174 0.047697
0.0 0.187087 0.113224 0.306348 0.212008
0.0 0.039872 0.088740 0.030428 0.058131
0.0 0.017854 0.207758 0.035708 0.077933
0.0 0.224897 0.790370 0.040831 0.064790
0.0 0.210289 0.834753 0.012378 0.016871
0.0 0.195012 0.862743 0.024693 0.032180
0.0 0.156205 0.869801 0.010945 0.019929
0.0 0.144847 0.878866 0.012187 0.012187
0.0 0.167229 0.833383 0.026859 0.047075
0.0 0.184943 0.807639 0.016919 0.032642
0.0 0.174763 0.692334 0.014131 0.021618
0.0 0.147378 0.691888 0.027991 0.055694
0.0 0.196142 0.718045 0.016855 0.031081
0.0 0.183748 0.759210 0.047347 0.090773
0.0 0.156459 0.799419 0.009511 0.022988
0.0 0.157478 0.747772 0.025043 0.040767
0.0 0.135478 0.764309 0.029074 0.044048
0.0 0.133758 0.798782 0.019467 0.018719
0.0 0.132325 0.840282 0.019324 0.034299
0.0 0.122718 0.739027 0.021825 0.038297
0.0 0.137500 0.641468 0.027640 0.047107
0.0 0.123561 0.625617 0.020535 0.025776
0.0 0.105894 0.633375 0.011550 0.034761
0.0 0.113922 0.561894 0.010785 0.016026
0.0 0.056668 0.615055 0.005815 0.008810
0.0 0.103696 0.656140 0.067897 0.059661
0.0 0.048751 0.631799 0.008507 0.017492
0.0 0.062085 0.671131 0.024135 0.037612
0.0 0.081728 0.711770 0.077742 0.071752
0.0 0.119708 0.875982 0.028803 0.056506
0.0 0.088755 0.826423 0.052396 0.042663
0.0 0.094680 0.780048 0.062448 0.040735
0.0 0.086970 0.744396 0.014194 0.023179
0.0 0.067709 0.751437 0.025298 0.047011
0.0 0.033347 0.694980 0.016011 0.029488
0.0 0.052432 0.779428 0.028198 0.079860
0.0 0.027580 0.745257 0.032085 0.060537
0.0 0.040166 0.823715 0.015883 0.026365
0.0 0.037697 0.782375 0.018623 0.017126
0.0 0.023885 0.807960 0.025043 0.040767
0.0 0.115933 0.917577 0.039795 0.020328
0.0 0.112875 0.957579 0.034777 0.031033
0.0 0.090763 0.952227 0.009909 0.013653
0.0 0.107602 0.996994 0.009128 0.006012
0.0 0.094141 0.994167 0.006914 0.011667
0.0 0.093678 0.889555 0.023323 0.036800
0.0 0.053405 0.860706 0.072325 0.053607
0.0 0.070228 0.928044 0.041086 0.071035
0.0 0.043226 0.898652 0.009192 0.015182
0.0 0.074419 0.973223 0.011502 0.014497
0.0 0.072635 0.998305 0.008571 0.003391
0.0 0.057309 0.975486 0.010036 0.016775
0.0 0.046859 0.987641 0.018034 0.021777
0.0 0.046014 0.947798 0.009033 0.011279
0.0 0.029653 0.910935 0.028899 0.058848
0.0 0.030832 0.978130 0.006420 0.023641
0.0 0.022102 0.955812 0.007727 0.017460
0.0 0.034337 0.949057 0.014322 0.026302
0.0 0.043561 0.964318 0.015007 0.023992
