3.0 0.441300 0.158176 0.134820 0.316166
0.0 0.708740 0.063589 0.133835 0.127178
0.0 0.225712 0.065185 0.083584 0.105699
0.0 0.617696 0.278360 0.029782 0.060744
0.0 0.573868 0.534277 0.070673 0.097212
0.0 0.612569 0.455471 0.050930 0.063462
0.0 0.729628 0.592219 0.032407 0.094330
0.0 0.590023 0.628845 0.087173 0.043679
0.0 0.463082 0.568537 0.069663 0.121265
0.0 0.334146 0.742284 0.047513 0.128602
0.0 0.699580 0.927969 0.042326 0.104985
0.0 0.522666 0.727223 0.062053 0.166732
0.0 0.470400 0.886583 0.029533 0.042065
0.0 0.549943 0.924461 0.033047 0.035259
0.0 0.322069 0.949510 0.048976 0.070354
0.0 0.285838 0.262181 0.026962 0.066033
