0.0 0.391835 0.144501 0.077409 0.086034
0.0 0.299459 0.160795 0.010921 0.028835
0.0 0.316403 0.096835 0.018659 0.024631
0.0 0.316994 0.034411 0.023077 0.029048
0.0 0.352443 0.061723 0.031564 0.062084
0.0 0.087821 0.076474 0.020423 0.031702
0.0 0.115009 0.062349 0.016669 0.026621
0.0 0.029749 0.184161 0.033098 0.083521
0.0 0.053180 0.171360 0.032994 0.072139
0.0 0.047591 0.276317 0.024283 0.042860
0.0 0.027821 0.264925 0.019319 0.029271
0.0 0.072799 0.248270 0.017326 0.036566
0.0 0.081451 0.370140 0.062049 0.084607
0.0 0.018907 0.385349 0.026714 0.043964
0.0 0.336895 0.190981 0.017226 0.019880
0.0 0.605590 0.027376 0.026810 0.054751
0.0 0.504905 0.073971 0.018333 0.017006
0.0 0.543713 0.030574 0.026281 0.030261
0.0 0.585617 0.158764 0.027491 0.038770
0.0 0.590843 0.284278 0.038316 0.045614
0.0 0.414664 0.388246 0.038921 0.135123
0.0 0.469133 0.388391 0.055724 0.125388
0.0 0.493486 0.315485 0.035318 0.067164
0.0 0.472001 0.575002 0.084803 0.100726
0.0 0.387407 0.512857 0.086474 0.080502
0.0 0.848400 0.436245 0.045040 0.071578
0.0 0.894849 0.363354 0.041843 0.059756
0.0 0.736526 0.359830 0.029368 0.041310
0.0 0.790019 0.183437 0.306266 0.366874
0.0 0.732975 0.207248 0.026380 0.046948
0.0 0.896166 0.200610 0.058938 0.110688
0.0 0.921494 0.156763 0.015679 0.019660
0.0 0.880679 0.052881 0.020760 0.023414
0.0 0.966724 0.624586 0.032568 0.047828
0.0 0.866311 0.773016 0.027034 0.062197
0.0 0.817730 0.897503 0.061039 0.109471
0.0 0.684756 0.816987 0.030361 0.042967
0.0 0.635184 0.046762 0.017006 0.018333
0.0 0.272704 0.366613 0.018099 0.036676
0.0 0.283123 0.312261 0.031238 0.054459
0.0 0.275279 0.490138 0.029134 0.060980
0.0 0.230242 0.245605 0.076862 0.076862
0.0 0.140235 0.184230 0.027157 0.041753
0.0 0.166096 0.171872 0.022957 0.044187
0.0 0.198692 0.168025 0.015236 0.021870
0.0 0.210531 0.140300 0.026504 0.026504
0.0 0.066182 0.762133 0.015005 0.036236
0.0 0.093789 0.784248 0.015229 0.032479
0.0 0.123542 0.732669 0.042933 0.083404
0.0 0.153724 0.700758 0.046133 0.089922
0.0 0.134913 0.568495 0.022303 0.028938
0.0 0.159644 0.598121 0.023517 0.032142
0.0 0.218310 0.600035 0.012805 0.020767
0.0 0.260194 0.583820 0.018319 0.038223
0.0 0.313210 0.612579 0.025947 0.033245
0.0 0.026154 0.636045 0.019316 0.034576
0.0 0.432073 0.821360 0.065150 0.074439
0.0 0.319893 0.881505 0.033672 0.050258
0.0 0.104814 0.977644 0.033314 0.044711
0.0 0.104762 0.905788 0.038873 0.038873
0.0 0.069788 0.826328 0.026934 0.045511
0.0 0.317242 0.524414 0.023183 0.035126
0.0 0.154910 0.392836 0.016226 0.028831
0.0 0.161139 0.325664 0.009931 0.021874
0.0 0.169888 0.992277 0.020420 0.015447
0.0 0.201377 0.995407 0.015456 0.009185
0.0 0.236853 0.977962 0.028914 0.044076
0.0 0.203182 0.943083 0.009378 0.023311
0.0 0.269102 0.829545 0.020100 0.018773
0.0 0.175866 0.806506 0.009825 0.015796
0.0 0.230115 0.805104 0.019546 0.020210
0.0 0.219005 0.726983 0.017226 0.019880
0.0 0.302274 0.430271 0.021306 0.032585
0.0 0.766176 0.651531 0.063493 0.073445
0.0 0.406596 0.570100 0.011592 0.017563
0.0 0.355289 0.281480 0.020540 0.021867
