0.0 0.434375 0.534375 0.071094 0.090625
0.0 0.491406 0.714063 0.050781 0.149219
0.0 0.542188 0.571875 0.067969 0.130469
0.0 0.428906 0.637500 0.085156 0.068750
0.0 0.386719 0.462500 0.050781 0.063281
0.0 0.284375 0.599219 0.035937 0.091406
0.0 0.379687 0.275000 0.021094 0.053125
3.0 0.540625 0.154687 0.092188 0.272656
0.0 0.757031 0.027344 0.047656 0.053906
0.0 0.702344 0.245312 0.026562 0.049219
0.0 0.280469 0.970312 0.011719 0.030469
0.0 0.328906 0.944531 0.033594 0.110937
0.0 0.477344 0.921875 0.033594 0.037500
0.0 0.550781 0.875781 0.019531 0.041406
0.0 0.710938 0.929688 0.029688 0.050000
0.0 0.267188 0.048438 0.070312 0.096094
0.0 0.436719 0.022656 0.024219 0.044531
0.0 0.682813 0.716406 0.048437 0.092188
0.0 0.497656 0.847656 0.013281 0.037500
0.0 0.528906 0.970312 0.015625 0.028906
0.0 0.262500 0.941406 0.010156 0.031250
0.0 0.232812 0.662500 0.014844 0.025000
0.0 0.243750 0.733594 0.015625 0.022656
0.0 0.302344 0.724219 0.012500 0.028125
0.0 0.228125 0.305469 0.015625 0.024219
0.0 0.226562 0.177344 0.010156 0.027344
0.0 0.675000 0.350781 0.015625 0.025000
0.0 0.373437 0.851562 0.022656 0.046094
0.0 0.293750 0.824219 0.012500 0.018750
0.0 0.359375 0.707812 0.014063 0.028906
