0.0 0.510105 0.383812 0.074452 0.143255
0.0 0.550381 0.581813 0.099788 0.141637
3.0 0.310900 0.605370 0.192824 0.207011
0.0 0.618425 0.491083 0.102954 0.090187
0.0 0.133549 0.226776 0.267098 0.400905
0.0 0.192755 0.254265 0.030159 0.052857
0.0 0.058182 0.452845 0.043506 0.064076
0.0 0.123182 0.513756 0.041358 0.074695
0.0 0.222011 0.416379 0.039774 0.056797
0.0 0.356105 0.300978 0.034415 0.048601
0.0 0.023677 0.283776 0.047354 0.110817
0.0 0.564758 0.363287 0.042161 0.153521
0.0 0.461556 0.304974 0.038728 0.079867
0.0 0.717918 0.170905 0.077383 0.071708
0.0 0.694345 0.480440 0.027501 0.040268
0.0 0.733839 0.439296 0.033961 0.060915
0.0 0.719389 0.568418 0.031529 0.042169
0.0 0.902021 0.265976 0.064161 0.096789
0.0 0.815741 0.531652 0.029539 0.045853
0.0 0.876599 0.519204 0.031343 0.031343
0.0 0.893525 0.480059 0.031667 0.043725
0.0 0.766527 0.525029 0.027274 0.046425
0.0 0.842584 0.666528 0.027914 0.044937
0.0 0.904213 0.627347 0.050903 0.077857
0.0 0.946540 0.644775 0.041593 0.094791
0.0 0.777292 0.850347 0.032908 0.057733
0.0 0.650546 0.818432 0.064408 0.082141
0.0 0.047120 0.735390 0.036798 0.058078
0.0 0.186646 0.867349 0.030001 0.059792
0.0 0.391825 0.872712 0.035814 0.055674
0.0 0.446421 0.816113 0.027432 0.039490
0.0 0.266173 0.965675 0.058300 0.068650
0.0 0.993431 0.827411 0.013138 0.046522
0.0 0.886686 0.952033 0.022989 0.032920
0.0 0.959927 0.937705 0.031963 0.038347
0.0 0.817074 0.777021 0.022900 0.040633
0.0 0.990178 0.693401 0.019645 0.045095
0.0 0.912096 0.884686 0.024842 0.027679
0.0 0.970069 0.263872 0.026200 0.051734
0.0 0.883348 0.055082 0.032591 0.071603
0.0 0.881313 0.138399 0.021984 0.039008
0.0 0.916499 0.154891 0.020635 0.041204
0.0 0.912928 0.079129 0.027894 0.053429
0.0 0.903277 0.032141 0.018989 0.048780
0.0 0.709002 0.052480 0.022142 0.032073
0.0 0.730001 0.085914 0.019601 0.029531
0.0 0.768773 0.080912 0.021984 0.039008
0.0 0.797685 0.088549 0.022487 0.035964
0.0 0.553377 0.119591 0.016833 0.033147
0.0 0.551143 0.076652 0.019394 0.027197
0.0 0.592765 0.032967 0.023265 0.036033
0.0 0.594788 0.135532 0.023679 0.040702
0.0 0.519314 0.106921 0.058272 0.073877
0.0 0.277997 0.038876 0.020517 0.031157
0.0 0.392815 0.060083 0.027707 0.042603
0.0 0.343800 0.029129 0.033382 0.036928
0.0 0.329971 0.165254 0.038444 0.050502
0.0 0.676402 0.260070 0.037370 0.055812
0.0 0.887563 0.368431 0.022989 0.032920
0.0 0.808441 0.236614 0.023630 0.031432
0.0 0.828306 0.301522 0.027225 0.037155
0.0 0.552566 0.016640 0.022122 0.033279
0.0 0.592279 0.240067 0.023816 0.042258
0.0 0.999061 0.668332 0.001878 0.036535
0.0 0.992504 0.558812 0.014992 0.034407
