0.0 0.280719 0.260398 0.085018 0.126403
0.0 0.202847 0.252565 0.102853 0.208903
0.0 0.072226 0.639815 0.121826 0.270556
0.0 0.027031 0.430188 0.054062 0.156250
0.0 0.012423 0.754594 0.024846 0.078899
0.0 0.143288 0.621223 0.090494 0.137052
0.0 0.602135 0.298871 0.063796 0.125228
0.0 0.502715 0.297054 0.064497 0.138861
0.0 0.599442 0.609448 0.071949 0.189639
0.0 0.062112 0.207670 0.063079 0.139383
0.0 0.447080 0.499364 0.059822 0.147120
0.0 0.594356 0.748701 0.055313 0.123857
0.0 0.484005 0.873321 0.055106 0.187669
0.0 0.435953 0.328211 0.058320 0.114579
0.0 0.155840 0.381880 0.106400 0.170418
0.0 0.380884 0.463346 0.048068 0.106914
0.0 0.413045 0.783511 0.045007 0.101912
0.0 0.521475 0.582607 0.071872 0.179862
0.0 0.354128 0.790611 0.059714 0.118560
