0.0 0.635938 0.300781 0.274219 0.271875
0.0 0.835156 0.335938 0.096875 0.248438
0.0 0.837500 0.528125 0.112500 0.121875
0.0 0.776562 0.651563 0.055469 0.132812
0.0 0.814063 0.938281 0.121094 0.103125
0.0 0.135156 0.185156 0.230469 0.222656
0.0 0.271875 0.265625 0.247656 0.357813
0.0 0.115625 0.898438 0.127344 0.127344
0.0 0.185938 0.726562 0.367188 0.234375
0.0 0.424219 0.499219 0.171875 0.378906
0.0 0.440625 0.821875 0.282031 0.339063
0.0 0.609375 0.753125 0.063281 0.231250
0.0 0.689844 0.782813 0.046875 0.114062
0.0 0.724219 0.933594 0.130469 0.096875
0.0 0.602344 0.521875 0.069531 0.121875
0.0 0.134375 0.528906 0.250000 0.167188
0.0 0.285156 0.434375 0.112500 0.117188
