1.0 0.699331 0.531741 0.187890 0.196882
0.0 0.846487 0.901652 0.063826 0.099792
0.0 0.987508 0.610499 0.024984 0.058950
0.0 0.018602 0.164481 0.037203 0.100052
0.0 0.009258 0.173598 0.018515 0.101721
0.0 0.062967 0.077790 0.030823 0.027612
0.0 0.327677 0.045576 0.033904 0.050602
0.0 0.294282 0.073315 0.020676 0.029668
0.0 0.602023 0.007772 0.029281 0.015545
0.0 0.535620 0.013035 0.041354 0.026070
0.0 0.495416 0.044563 0.020290 0.036347
0.0 0.087801 0.985535 0.031587 0.028930
0.0 0.088836 0.941530 0.050087 0.048803
0.0 0.138946 0.714586 0.049827 0.087720
0.0 0.103366 0.748234 0.047898 0.112124
0.0 0.320153 0.908542 0.044691 0.065886
0.0 0.434468 0.834058 0.073458 0.103645
0.0 0.378498 0.512319 0.087717 0.085790
0.0 0.470196 0.577830 0.094651 0.104927
0.0 0.465460 0.387743 0.066135 0.131646
0.0 0.406508 0.380931 0.041088 0.138712
0.0 0.287572 0.427672 0.033519 0.048291
0.0 0.257897 0.496768 0.036214 0.064474
0.0 0.487431 0.296170 0.038782 0.079886
0.0 0.371982 0.121357 0.080653 0.088360
0.0 0.795949 0.177538 0.311557 0.355077
0.0 0.907302 0.168412 0.063181 0.127407
0.0 0.740590 0.180342 0.042637 0.062547
0.0 0.590696 0.269464 0.038142 0.058052
0.0 0.747383 0.344742 0.033133 0.054970
0.0 0.868749 0.417190 0.041865 0.075904
0.0 0.914864 0.342187 0.042251 0.064730
0.0 0.305022 0.622769 0.029537 0.046878
0.0 0.246330 0.588985 0.026711 0.047906
0.0 0.195725 0.594246 0.022343 0.057668
0.0 0.142551 0.612608 0.036730 0.040584
0.0 0.117894 0.583451 0.033776 0.045336
0.0 0.047786 0.367029 0.068064 0.102746
0.0 0.000965 0.387573 0.001930 0.053171
0.0 0.206545 0.236037 0.075773 0.077057
0.0 0.260740 0.299875 0.041352 0.063831
0.0 0.307214 0.526570 0.028638 0.050475
0.0 0.314822 0.177608 0.026712 0.038915
0.0 0.186262 0.123782 0.026070 0.039557
0.0 0.133600 0.159482 0.026326 0.050089
0.0 0.108553 0.175535 0.022987 0.039044
0.0 0.041760 0.245270 0.020676 0.034163
0.0 0.011190 0.270955 0.017721 0.038916
0.0 0.002383 0.266843 0.004767 0.041356
0.0 0.697892 0.832155 0.043022 0.055868
0.0 0.896588 0.779256 0.027995 0.055612
0.0 0.237045 0.992060 0.040581 0.015880
0.0 0.256840 0.842263 0.028381 0.048933
0.0 0.579278 0.129595 0.034161 0.047648
0.0 0.208556 0.742592 0.019776 0.046751
0.0 0.161284 0.829668 0.018365 0.024787
0.0 0.075618 0.809881 0.017078 0.053044
0.0 0.782419 0.654919 0.061772 0.082967
0.0 0.051602 0.789329 0.025941 0.038787
