0.0 0.341054 0.813949 0.014149 0.021610
0.0 0.418689 0.615016 0.029469 0.131884
0.0 0.311050 0.392907 0.018705 0.033626
0.0 0.257170 0.420810 0.016282 0.032560
0.0 0.277695 0.634384 0.012599 0.021416
0.0 0.305973 0.842629 0.008334 0.011726
0.0 0.195474 0.064302 0.009207 0.018703
0.0 0.169686 0.201223 0.013084 0.025292
0.0 0.216871 0.277198 0.014343 0.017056
0.0 0.262617 0.175842 0.016282 0.026455
0.0 0.157053 0.616932 0.013374 0.021513
0.0 0.165285 0.677012 0.012502 0.020641
0.0 0.303476 0.573048 0.025971 0.024615
0.0 0.317438 0.480313 0.020351 0.022386
0.0 0.342628 0.537003 0.009691 0.010369
0.0 0.205389 0.834772 0.010951 0.014342
0.0 0.324004 0.761427 0.013277 0.014633
0.0 0.361314 0.721216 0.013083 0.013083
0.0 0.078364 0.673225 0.009885 0.011920
0.0 0.030004 0.738824 0.014052 0.014730
0.0 0.216182 0.402299 0.011339 0.017443
0.0 0.207748 0.438249 0.010951 0.014342
0.0 0.076255 0.400542 0.010370 0.015796
0.0 0.105616 0.411301 0.006881 0.012307
0.0 0.121462 0.945524 0.011824 0.021319
0.0 0.028485 0.367010 0.012406 0.032075
0.0 0.050678 0.346953 0.007463 0.016958
0.0 0.065324 0.179508 0.018609 0.051165
0.0 0.089546 0.225054 0.010080 0.025679
