0.0 0.434302 0.468109 0.072631 0.091647
0.0 0.486547 0.283871 0.056339 0.155219
0.0 0.266159 0.941507 0.078832 0.116985
0.0 0.682038 0.288150 0.055552 0.095103
0.0 0.541121 0.428591 0.072726 0.125209
0.0 0.422982 0.363681 0.086078 0.068584
0.0 0.387694 0.538879 0.053338 0.070071
0.0 0.768467 0.965033 0.052991 0.056794
1.0 0.551938 0.843294 0.102532 0.280516
0.0 0.386376 0.728040 0.026377 0.053759
0.0 0.236985 0.273969 0.015572 0.028503
0.0 0.229528 0.347626 0.015572 0.028503
0.0 0.280401 0.410383 0.041433 0.092394
0.0 0.268218 0.033229 0.016251 0.024618
0.0 0.315953 0.065589 0.042967 0.121311
0.0 0.467953 0.080380 0.030879 0.046852
0.0 0.516775 0.034561 0.021820 0.028666
0.0 0.542588 0.125325 0.022723 0.033372
0.0 0.701284 0.067260 0.031742 0.049997
0.0 0.365896 0.152598 0.027878 0.051457
0.0 0.449989 0.978884 0.027674 0.042231
0.0 0.712101 0.751586 0.027939 0.053800
0.0 0.297488 0.286458 0.014112 0.032367
0.0 0.250330 0.066519 0.016516 0.034771
0.0 0.490439 0.163416 0.015511 0.026160
0.0 0.235633 0.701493 0.014771 0.027701
0.0 0.235728 0.824970 0.013087 0.022975
0.0 0.261691 0.352258 0.016129 0.019932
0.0 0.325923 0.238044 0.013949 0.026119
0.0 0.353284 0.298288 0.013929 0.025338
