1.0 0.309523 0.401853 0.190363 0.204373
0.0 0.615917 0.510689 0.097633 0.099735
0.0 0.560067 0.630772 0.038715 0.157799
0.0 0.501750 0.617148 0.068128 0.136076
0.0 0.456583 0.692754 0.050456 0.081978
0.0 0.133822 0.763687 0.267645 0.423743
0.0 0.189996 0.744872 0.041919 0.065736
0.0 0.356769 0.693865 0.040141 0.055552
0.0 0.026674 0.702371 0.053347 0.133189
0.0 0.125446 0.484906 0.047038 0.078560
0.0 0.054915 0.539159 0.048208 0.074827
0.0 0.051060 0.260864 0.034753 0.078884
0.0 0.268802 0.041517 0.060924 0.083034
0.0 0.189767 0.128571 0.038340 0.068461
0.0 0.394605 0.129221 0.038279 0.052289
0.0 0.262673 0.272390 0.058384 0.084302
0.0 0.988793 0.173152 0.022415 0.055460
0.0 0.779189 0.146093 0.033991 0.063412
0.0 0.651272 0.185245 0.069260 0.093077
0.0 0.550302 0.428043 0.090852 0.116770
0.0 0.731643 0.562968 0.028010 0.057431
0.0 0.718215 0.428962 0.028180 0.043591
0.0 0.766456 0.472991 0.024139 0.041651
0.0 0.874368 0.485243 0.035339 0.038141
0.0 0.891196 0.521452 0.023361 0.041574
0.0 0.943658 0.356285 0.047407 0.097842
0.0 0.902084 0.371797 0.051787 0.072102
0.0 0.988311 0.309676 0.019089 0.037302
0.0 0.821788 0.223321 0.014355 0.028365
0.0 0.889577 0.069878 0.037716 0.069939
0.0 0.899422 0.739730 0.067390 0.097511
0.0 0.889989 0.946054 0.068860 0.104585
0.0 0.911809 0.844585 0.017526 0.044845
0.0 0.931330 0.853583 0.016226 0.023931
0.0 0.872013 0.850067 0.022891 0.044607
0.0 0.967829 0.738651 0.019073 0.052697
0.0 0.791845 0.906507 0.019097 0.029604
0.0 0.763634 0.913920 0.020644 0.037456
0.0 0.713798 0.830480 0.081485 0.076581
0.0 0.724530 0.912405 0.012031 0.020437
0.0 0.702408 0.945543 0.018635 0.024940
0.0 0.676556 0.746717 0.037101 0.063719
0.0 0.521616 0.892319 0.072532 0.087242
0.0 0.585430 0.961441 0.029265 0.046777
0.0 0.547050 0.980317 0.027787 0.039366
0.0 0.335199 0.967289 0.025078 0.035585
0.0 0.273773 0.953358 0.024831 0.048648
0.0 0.219835 0.578251 0.038433 0.053843
0.0 0.690091 0.522742 0.026155 0.046469
0.0 0.845222 0.335550 0.020806 0.031313
0.0 0.325659 0.833668 0.031351 0.060071
0.0 0.588753 0.864421 0.022884 0.052304
0.0 0.957632 0.492700 0.021183 0.042898
