0.0 0.539844 0.431250 0.074219 0.085938
0.0 0.516406 0.614062 0.050000 0.117188
0.0 0.612500 0.505469 0.078906 0.071875
0.0 0.162500 0.803906 0.247656 0.386719
0.0 0.610938 0.191406 0.057031 0.078906
0.0 0.570312 0.626562 0.027344 0.135156
0.0 0.947656 0.159375 0.046875 0.057031
0.0 0.775000 0.212500 0.021094 0.035156
0.0 0.733594 0.143750 0.028906 0.054688
0.0 0.479688 0.685938 0.025781 0.066406
0.0 0.381250 0.700000 0.028125 0.048437
0.0 0.421875 0.203906 0.014844 0.032031
0.0 0.366406 0.155469 0.031250 0.043750
0.0 0.239062 0.057813 0.048437 0.094531
0.0 0.057031 0.312500 0.034375 0.054688
0.0 0.146094 0.513281 0.044531 0.074219
0.0 0.732031 0.789062 0.070312 0.061719
0.0 0.176562 0.174219 0.025000 0.053906
0.0 0.067187 0.742969 0.042969 0.103906
0.0 0.230469 0.759375 0.026562 0.046094
0.0 0.246094 0.603125 0.028125 0.043750
0.0 0.089063 0.580469 0.035938 0.057031
0.0 0.750000 0.449219 0.018750 0.041406
0.0 0.699219 0.417188 0.025000 0.035937
0.0 0.722656 0.534375 0.027344 0.056250
0.0 0.873437 0.481250 0.025781 0.034375
0.0 0.851562 0.450781 0.026563 0.035937
0.0 0.905469 0.324219 0.030469 0.080469
0.0 0.868750 0.343750 0.042188 0.059375
0.0 0.984375 0.428125 0.020312 0.031250
0.0 0.964844 0.067188 0.025000 0.082031
0.0 0.898438 0.049219 0.021094 0.026562
0.0 0.896094 0.684375 0.049219 0.082813
0.0 0.962500 0.688281 0.021094 0.034375
0.0 0.917969 0.903125 0.015625 0.042187
0.0 0.920313 0.859375 0.019531 0.041406
0.0 0.896094 0.885156 0.028906 0.057812
0.0 0.733594 0.900000 0.017969 0.028125
0.0 0.616406 0.982813 0.019531 0.031250
0.0 0.625781 0.927344 0.014063 0.025000
0.0 0.846094 0.971094 0.017969 0.028125
0.0 0.821094 0.986719 0.016406 0.021094
0.0 0.591406 0.968750 0.010938 0.020313
0.0 0.585938 0.946094 0.014844 0.019531
0.0 0.617969 0.829687 0.015625 0.020313
0.0 0.398438 0.950781 0.013281 0.025781
0.0 0.384375 0.967188 0.013281 0.023438
0.0 0.323438 0.977344 0.019531 0.021094
0.0 0.328125 0.946875 0.017187 0.035938
0.0 0.366406 0.828125 0.028125 0.038281
0.0 0.435156 0.922656 0.016406 0.022656
0.0 0.685937 0.710938 0.028125 0.039062
0.0 0.812500 0.857813 0.019531 0.028125
0.0 0.785156 0.869531 0.015625 0.036719
0.0 0.919531 0.788281 0.017188 0.038281
0.0 0.886719 0.805469 0.017969 0.034375
0.0 0.581250 0.887500 0.013281 0.021875
0.0 0.579688 0.845312 0.010156 0.023438
0.0 0.550000 0.866406 0.050781 0.064062
0.0 0.751563 0.867188 0.015625 0.025781
0.0 0.810937 0.716406 0.014062 0.023438
0.0 0.826562 0.657812 0.017969 0.027344
0.0 0.679688 0.501562 0.017187 0.023438
0.0 0.792969 0.435937 0.015625 0.028125
0.0 0.942969 0.275781 0.016406 0.029688
0.0 0.807031 0.313281 0.019531 0.032812
0.0 0.932812 0.453125 0.018750 0.026563
0.0 0.856250 0.102344 0.014844 0.020313
0.0 0.827344 0.034375 0.017188 0.020312
0.0 0.992188 0.151562 0.013281 0.025000
