0.0 0.862813 0.196258 0.007070 0.010639
0.0 0.653553 0.838447 0.010701 0.017126
0.0 0.619345 0.907925 0.013425 0.021992
0.0 0.690721 0.870636 0.007719 0.009147
0.0 0.668515 0.943036 0.009858 0.016283
0.0 0.629711 0.966643 0.012000 0.014141
0.0 0.645414 0.957499 0.005318 0.008174
0.0 0.636649 0.984097 0.008691 0.011547
0.0 0.688880 0.971134 0.009017 0.006162
0.0 0.613777 0.859783 0.006873 0.017581
0.0 0.585831 0.787631 0.007264 0.012975
0.0 0.636773 0.740281 0.011806 0.011806
0.0 0.675754 0.784862 0.009729 0.014726
0.0 0.690294 0.488108 0.012323 0.018034
0.0 0.699572 0.486553 0.005254 0.007395
0.0 0.664458 0.545131 0.005254 0.007395
0.0 0.666877 0.470455 0.007783 0.009925
0.0 0.699138 0.670032 0.007134 0.011417
0.0 0.730350 0.649408 0.007458 0.015310
0.0 0.712198 0.591336 0.005771 0.013624
0.0 0.697472 0.583936 0.004928 0.012781
