0.0 0.506445 0.384952 0.164026 0.232202
0.0 0.578311 0.349699 0.069266 0.111792
0.0 0.773376 0.170176 0.107433 0.118233
0.0 0.706342 0.432454 0.064213 0.131714
0.0 0.533197 0.079026 0.072370 0.088570
0.0 0.222707 0.793307 0.069314 0.123990
0.0 0.352970 0.697753 0.087810 0.125611
0.0 0.328072 0.852988 0.067788 0.129889
0.0 0.453686 0.758033 0.062012 0.138289
0.0 0.348924 0.550185 0.051373 0.091199
0.0 0.488216 0.561384 0.116936 0.097360
0.0 0.828201 0.241095 0.058798 0.083774
0.0 0.910623 0.024884 0.036836 0.037511
