1.0 0.701562 0.426562 0.172656 0.194531
0.0 0.773438 0.050000 0.089063 0.100000
0.0 0.380469 0.170312 0.081250 0.099219
0.0 0.253125 0.125000 0.051563 0.067969
0.0 0.118750 0.332812 0.042187 0.096094
0.0 0.061719 0.317969 0.043750 0.070312
0.0 0.021094 0.142188 0.042187 0.062500
0.0 0.428125 0.640625 0.035156 0.178125
0.0 0.375781 0.507812 0.106250 0.079687
0.0 0.470312 0.412500 0.077344 0.110937
0.0 0.524219 0.696094 0.052344 0.081250
0.0 0.489062 0.610156 0.071094 0.108594
0.0 0.249219 0.801562 0.062500 0.074219
0.0 0.623437 0.710938 0.052344 0.046875
0.0 0.861719 0.804688 0.275781 0.390625
0.0 0.442187 0.891406 0.053906 0.085156
0.0 0.784375 0.767969 0.032031 0.058594
0.0 0.950000 0.765625 0.067969 0.127344
0.0 0.062500 0.910937 0.075000 0.121094
0.0 0.074219 0.710156 0.057812 0.108594
0.0 0.264063 0.545313 0.027344 0.067188
0.0 0.283594 0.411719 0.022656 0.067969
0.0 0.969531 0.310937 0.039062 0.051562
0.0 0.937500 0.588281 0.046875 0.074219
