0.0 0.512965 0.286295 0.053997 0.152664
0.0 0.227026 0.963078 0.058382 0.053898
0.0 0.719897 0.951717 0.100406 0.096565
0.0 0.635307 0.994386 0.029575 0.011227
0.0 0.543962 0.974238 0.035813 0.051525
0.0 0.609932 0.729078 0.033021 0.062173
0.0 0.681365 0.759473 0.031116 0.035601
0.0 0.752177 0.841451 0.025818 0.039272
0.0 0.738452 0.888568 0.009942 0.032366
0.0 0.369099 0.950331 0.039676 0.090504
0.0 0.461773 0.424095 0.063416 0.135921
0.0 0.566757 0.474678 0.073689 0.084154
0.0 0.611526 0.543823 0.043717 0.057172
0.0 0.717456 0.405997 0.049254 0.114284
0.0 0.576454 0.375000 0.081071 0.037718
0.0 0.327227 0.277643 0.050934 0.098773
0.0 0.307541 0.059426 0.034734 0.047442
0.0 0.573226 0.155916 0.020585 0.044505
0.0 0.514453 0.158900 0.019739 0.042910
0.0 0.465821 0.125561 0.020354 0.039041
0.0 0.539550 0.083332 0.037592 0.041329
0.0 0.490183 0.030413 0.021234 0.041415
0.0 0.643839 0.150307 0.030680 0.062074
0.0 0.690308 0.068607 0.043274 0.120264
0.0 0.755028 0.072914 0.015935 0.045087
0.0 0.779536 0.048148 0.018178 0.042844
0.0 0.741070 0.033225 0.012899 0.028596
0.0 0.778808 0.342130 0.026664 0.040866
0.0 0.767437 0.278311 0.010656 0.030838
0.0 0.706124 0.285878 0.011305 0.027749
0.0 0.612994 0.121632 0.024276 0.021286
0.0 0.765275 0.716893 0.017728 0.050617
0.0 0.742956 0.634625 0.016418 0.038095
0.0 0.646624 0.306033 0.022828 0.042262
0.0 0.728020 0.230505 0.015757 0.022484
0.0 0.679394 0.233918 0.015055 0.042712
0.0 0.721319 0.185650 0.017615 0.029575
1.0 0.443033 0.847900 0.103396 0.288770
