0.0 0.690840 0.707216 0.012132 0.021321
0.0 0.571858 0.617356 0.074682 0.025677
0.0 0.460156 0.857105 0.018473 0.026130
0.0 0.481454 0.946546 0.018396 0.022225
0.0 0.597767 0.861425 0.012086 0.018977
0.0 0.709898 0.762320 0.006511 0.013402
0.0 0.345609 0.990759 0.014476 0.018482
0.0 0.560409 0.829342 0.013314 0.041645
0.0 0.507983 0.825687 0.012332 0.031475
0.0 0.537337 0.768848 0.005760 0.014949
0.0 0.715768 0.941146 0.007353 0.016542
0.0 0.663552 0.749950 0.007446 0.021228
0.0 0.636652 0.693438 0.007430 0.020447
