0.0 0.583005 0.434144 0.170517 0.196873
0.0 0.839957 0.210027 0.143821 0.173739
0.0 0.893392 0.072981 0.107775 0.104213
0.0 0.114050 0.238797 0.228100 0.372673
0.0 0.272985 0.458128 0.128700 0.168590
0.0 0.402348 0.494966 0.091575 0.113657
0.0 0.243366 0.598639 0.063262 0.053289
0.0 0.315563 0.590154 0.044630 0.043206
0.0 0.345121 0.735047 0.130248 0.123125
0.0 0.260232 0.880254 0.103648 0.119319
0.0 0.460801 0.896930 0.126545 0.079532
0.0 0.697496 0.785087 0.112873 0.127831
0.0 0.840018 0.773764 0.093997 0.087586
0.0 0.833936 0.905220 0.098250 0.110360
0.0 0.505203 0.588941 0.053208 0.053208
0.0 0.075667 0.728927 0.107718 0.149033
0.0 0.602938 0.807233 0.053590 0.048604
0.0 0.419742 0.579736 0.051387 0.049962
0.0 0.302603 0.963685 0.088569 0.060076
