0.0 0.483822 0.656244 0.044842 0.137431
0.0 0.281023 0.833894 0.041099 0.079857
0.0 0.707546 0.861092 0.051193 0.060523
0.0 0.696144 0.676823 0.054416 0.091739
0.0 0.536688 0.801450 0.023245 0.039753
0.0 0.448798 0.832952 0.045236 0.043801
0.0 0.386762 0.455067 0.054308 0.060768
0.0 0.425855 0.516124 0.074558 0.062357
0.0 0.416384 0.596881 0.102673 0.035922
0.0 0.249405 0.547731 0.048491 0.095144
0.0 0.386446 0.309283 0.036745 0.053971
0.0 0.313011 0.109010 0.252815 0.218020
0.0 0.815496 0.134497 0.081387 0.139525
0.0 0.355070 0.099937 0.041373 0.063623
