0.0 0.711555 0.903550 0.156716 0.159398
0.0 0.614070 0.925168 0.039451 0.022016
0.0 0.613708 0.692591 0.041853 0.062640
0.0 0.160745 0.837618 0.078837 0.100295
0.0 0.523811 0.328203 0.065330 0.124339
0.0 0.457810 0.438382 0.078382 0.113921
0.0 0.594954 0.403160 0.094962 0.056070
0.0 0.574255 0.475269 0.103208 0.111925
0.0 0.625984 0.553930 0.056454 0.052430
0.0 0.756206 0.446840 0.049404 0.084944
0.0 0.737284 0.176305 0.050202 0.119270
0.0 0.315357 0.307362 0.060756 0.078861
0.0 0.305001 0.119951 0.041478 0.042819
0.0 0.570125 0.164939 0.035858 0.051951
0.0 0.479968 0.190693 0.032130 0.035483
