0.0 0.779560 0.078631 0.053020 0.102442
0.0 0.593107 0.212447 0.016223 0.026550
0.0 0.653169 0.172683 0.032488 0.053880
0.0 0.841230 0.196219 0.021609 0.054065
0.0 0.953936 0.339273 0.026178 0.037981
0.0 0.853967 0.537258 0.034770 0.067226
0.0 0.815891 0.808002 0.278870 0.383997
0.0 0.917935 0.770767 0.047856 0.107605
0.0 0.949739 0.804576 0.022888 0.034690
0.0 0.919910 0.907013 0.017029 0.041372
0.0 0.758074 0.775368 0.028036 0.043526
0.0 0.749445 0.617635 0.031894 0.042958
0.0 0.906568 0.605843 0.036288 0.066531
0.0 0.751408 0.322775 0.048939 0.070331
0.0 0.463213 0.428364 0.081247 0.092311
0.0 0.388064 0.500950 0.078482 0.084383
0.0 0.424474 0.622640 0.027754 0.138401
0.0 0.478242 0.612265 0.049045 0.129448
0.0 0.513214 0.688497 0.030869 0.067014
0.0 0.607537 0.709278 0.030334 0.042873
0.0 0.404478 0.184969 0.055079 0.083109
0.0 0.289883 0.134135 0.028800 0.057568
0.0 0.196303 0.042196 0.018871 0.060916
0.0 0.125866 0.028191 0.020336 0.030663
0.0 0.158970 0.023734 0.013145 0.027160
0.0 0.062100 0.049758 0.025435 0.081496
0.0 0.026651 0.126070 0.010338 0.018452
0.0 0.067174 0.129057 0.033411 0.042263
0.0 0.046753 0.274256 0.018335 0.036776
0.0 0.040932 0.223083 0.013654 0.036521
0.0 0.071430 0.252127 0.009372 0.029288
0.0 0.104470 0.306346 0.034499 0.076545
0.0 0.137961 0.337900 0.040825 0.078445
0.0 0.241199 0.194861 0.022777 0.018351
0.0 0.021594 0.405896 0.014774 0.042804
0.0 0.129736 0.460290 0.020293 0.029882
0.0 0.152937 0.436516 0.024761 0.026237
0.0 0.210393 0.430254 0.010024 0.026990
0.0 0.253569 0.441992 0.017767 0.040634
0.0 0.303278 0.405577 0.025754 0.030180
0.0 0.273295 0.525218 0.021609 0.054065
0.0 0.318678 0.496392 0.022066 0.033868
0.0 0.201101 0.299086 0.011542 0.026295
0.0 0.253867 0.781572 0.085561 0.071546
0.0 0.300237 0.705855 0.033311 0.054702
0.0 0.093395 0.667997 0.053986 0.091605
0.0 0.008176 0.692886 0.016352 0.038633
0.0 0.027782 0.665991 0.020107 0.040761
0.0 0.152486 0.229153 0.025059 0.031697
0.0 0.059135 0.837480 0.026263 0.039541
0.0 0.064177 0.888610 0.018972 0.048477
0.0 0.084300 0.863886 0.028317 0.062986
0.0 0.127911 0.953889 0.018462 0.039116
0.0 0.152067 0.970069 0.009812 0.023090
0.0 0.356537 0.979632 0.011940 0.019317
0.0 0.386149 0.953077 0.028248 0.047427
0.0 0.423710 0.866709 0.066966 0.072867
0.0 0.538533 0.927726 0.013500 0.019401
0.0 0.581826 0.966073 0.027696 0.037285
0.0 0.648219 0.968121 0.023992 0.054973
0.0 0.616346 0.834942 0.023185 0.040151
0.0 0.244066 0.889793 0.021514 0.023727
0.0 0.171172 0.849054 0.019683 0.032960
0.0 0.196135 0.850412 0.014349 0.035003
0.0 0.028318 0.756780 0.012407 0.027898
0.0 0.048617 0.771968 0.013628 0.021742
0.0 0.066729 0.769824 0.017852 0.042194
0.0 0.098771 0.784868 0.022421 0.026109
0.0 0.327318 0.855204 0.011075 0.017714
0.0 0.362645 0.824265 0.016223 0.026550
0.0 0.353566 0.919225 0.023642 0.019953
0.0 0.403247 0.437619 0.009940 0.025430
0.0 0.284826 0.643989 0.018802 0.045357
0.0 0.310548 0.588273 0.023329 0.028492
0.0 0.072587 0.432143 0.018648 0.028237
0.0 0.165217 0.642174 0.007217 0.018282
