0.0 0.197656 0.086719 0.075000 0.075781
0.0 0.259375 0.284375 0.025000 0.057812
0.0 0.633594 0.466406 0.053125 0.051563
0.0 0.578906 0.525781 0.089844 0.076562
0.0 0.586719 0.608594 0.095312 0.048437
0.0 0.760156 0.592969 0.046875 0.103906
0.0 0.823437 0.638281 0.032031 0.052344
0.0 0.803125 0.699219 0.017188 0.039844
0.0 0.711719 0.085938 0.239062 0.171875
0.0 0.685156 0.072656 0.028906 0.047656
0.0 0.572656 0.097656 0.039844 0.035156
0.0 0.820312 0.228125 0.021094 0.037500
0.0 0.826562 0.332031 0.025000 0.048437
0.0 0.368750 0.115625 0.050000 0.085156
0.0 0.641406 0.314062 0.032031 0.053906
0.0 0.454687 0.564844 0.061719 0.121875
1.0 0.454687 0.211719 0.111719 0.229687
0.0 0.510938 0.783594 0.029688 0.050000
0.0 0.526563 0.852344 0.041406 0.047656
0.0 0.251562 0.867188 0.037500 0.036719
0.0 0.282031 0.682031 0.060156 0.089063
0.0 0.439062 0.816406 0.029688 0.039062
0.0 0.467969 0.892187 0.030469 0.036719
0.0 0.457812 0.955469 0.020313 0.052344
0.0 0.707031 0.869531 0.046875 0.106250
0.0 0.657031 0.800000 0.035937 0.041406
0.0 0.761719 0.902344 0.016406 0.025000
0.0 0.785156 0.870312 0.014844 0.048438
0.0 0.763281 0.954687 0.027344 0.031250
0.0 0.296875 0.943750 0.032031 0.028906
0.0 0.371875 0.984375 0.028125 0.031250
0.0 0.505469 0.683594 0.057813 0.126562
0.0 0.731250 0.691406 0.021094 0.033594
0.0 0.671094 0.675000 0.020312 0.022656
0.0 0.571094 0.792187 0.014063 0.040625
0.0 0.617188 0.817188 0.016406 0.035156
0.0 0.756250 0.989063 0.024219 0.021875
0.0 0.734375 0.284375 0.024219 0.059375
