0.0 0.949219 0.157031 0.046094 0.044531
0.0 0.906250 0.331250 0.039062 0.088281
0.0 0.867969 0.331250 0.047656 0.110937
0.0 0.612500 0.504688 0.085938 0.086719
0.0 0.610156 0.192188 0.064062 0.114844
0.0 0.729688 0.146094 0.031250 0.063281
0.0 0.534375 0.431250 0.094531 0.092969
0.0 0.239844 0.061719 0.059375 0.112500
0.0 0.567187 0.622656 0.032031 0.160938
0.0 0.510938 0.613281 0.066406 0.142187
0.0 0.733594 0.793750 0.066406 0.063281
0.0 0.551562 0.867188 0.060156 0.071875
0.0 0.903906 0.889063 0.059375 0.091406
0.0 0.140625 0.519531 0.048437 0.078906
0.0 0.053125 0.319531 0.034375 0.067969
0.0 0.154688 0.804688 0.241406 0.390625
0.0 0.242969 0.602344 0.041406 0.060938
0.0 0.064062 0.735156 0.050781 0.139844
0.0 0.482031 0.690625 0.053906 0.069531
0.0 0.382031 0.699219 0.046094 0.059375
0.0 0.227344 0.767969 0.035938 0.062500
0.0 0.720313 0.543750 0.034375 0.085938
0.0 0.896094 0.690625 0.050781 0.102344
0.0 0.086719 0.579687 0.032031 0.050781
0.0 0.032031 0.784375 0.023438 0.035156
0.0 0.056250 0.880469 0.013281 0.026562
0.0 0.175000 0.177344 0.019531 0.067969
0.0 0.257812 0.311719 0.047656 0.067969
0.0 0.364062 0.162500 0.028125 0.046094
0.0 0.831250 0.982031 0.035156 0.034375
0.0 0.614844 0.982813 0.023438 0.028125
0.0 0.589063 0.962500 0.017969 0.055469
0.0 0.325000 0.967188 0.026562 0.064844
0.0 0.364062 0.832031 0.028125 0.051563
0.0 0.732031 0.906250 0.023438 0.017969
0.0 0.800781 0.863281 0.040625 0.053906
0.0 0.935156 0.800000 0.012500 0.032031
0.0 0.919531 0.795313 0.018750 0.034375
0.0 0.882812 0.808594 0.021875 0.039844
0.0 0.985938 0.721875 0.021875 0.028906
0.0 0.964063 0.686719 0.019531 0.029688
0.0 0.872656 0.482812 0.034375 0.032031
0.0 0.852344 0.456250 0.023438 0.029688
0.0 0.796875 0.460938 0.019531 0.057813
0.0 0.748438 0.459375 0.021094 0.035156
0.0 0.699219 0.422656 0.023438 0.042969
0.0 0.985938 0.432813 0.011719 0.047656
0.0 0.969531 0.247656 0.016406 0.031250
0.0 0.944531 0.280469 0.013281 0.044531
0.0 0.895313 0.052344 0.018750 0.030469
0.0 0.964844 0.076562 0.020313 0.075781
0.0 0.829688 0.067188 0.019531 0.067969
0.0 0.867188 0.047656 0.014062 0.029688
0.0 0.776562 0.208594 0.017188 0.027344
0.0 0.689844 0.721094 0.023438 0.056250
0.0 0.389844 0.958594 0.026562 0.051563
