0.0 0.415079 0.436259 0.167658 0.194530
0.0 0.154544 0.214886 0.141280 0.171783
0.0 0.099564 0.079580 0.106309 0.102678
0.0 0.885169 0.231324 0.229663 0.369199
0.0 0.725508 0.454307 0.126205 0.166876
0.0 0.596828 0.492511 0.089906 0.112420
0.0 0.758185 0.595139 0.062534 0.052367
0.0 0.686637 0.587908 0.044022 0.042570
0.0 0.658039 0.731607 0.128524 0.121261
0.0 0.746782 0.877048 0.101917 0.117894
0.0 0.545013 0.896170 0.125546 0.077613
0.0 0.306544 0.787499 0.111022 0.126274
0.0 0.164580 0.779379 0.092774 0.086238
0.0 0.172794 0.911494 0.096655 0.109001
0.0 0.495497 0.588962 0.052455 0.052455
0.0 0.928080 0.721841 0.105496 0.147619
0.0 0.402237 0.808123 0.052915 0.047831
0.0 0.582298 0.579223 0.050683 0.049231
0.0 0.705078 0.960340 0.087795 0.058745
