0.0 0.466022 0.327876 0.240172 0.120671
0.0 0.550369 0.271737 0.067335 0.032028
0.0 0.477988 0.392519 0.054636 0.034267
0.0 0.597879 0.362667 0.085046 0.063998
0.0 0.581352 0.432424 0.071871 0.056254
0.0 0.808358 0.352266 0.069179 0.028440
0.0 0.815606 0.378919 0.068206 0.032899
0.0 0.940654 0.194125 0.053664 0.038726
0.0 0.950025 0.485033 0.053375 0.036400
0.0 0.944939 0.538523 0.110123 0.082966
0.0 0.660529 0.550124 0.054054 0.035721
0.0 0.952504 0.762760 0.094992 0.056616
0.0 0.964530 0.821119 0.070941 0.098766
0.0 0.620898 0.801458 0.067710 0.047341
0.0 0.439879 0.808200 0.092313 0.067190
0.0 0.504941 0.881992 0.089197 0.085123
0.0 0.546836 0.839000 0.051834 0.023996
0.0 0.608089 0.825092 0.062779 0.032225
0.0 0.426497 0.567388 0.044172 0.029914
0.0 0.769224 0.715328 0.067706 0.053447
