3.0 0.700000 0.578906 0.198437 0.197656
0.0 0.772656 0.957031 0.083594 0.085938
0.0 0.374219 0.817188 0.090625 0.100781
0.0 0.243750 0.865625 0.052344 0.078125
0.0 0.024219 0.866406 0.048437 0.060937
0.0 0.114844 0.646875 0.046875 0.103906
0.0 0.065625 0.678125 0.060156 0.088281
0.0 0.424219 0.355469 0.042969 0.160938
0.0 0.371875 0.486719 0.091406 0.080469
0.0 0.453906 0.566406 0.085156 0.106250
0.0 0.518750 0.300000 0.044531 0.088281
0.0 0.484375 0.386719 0.049219 0.119531
0.0 0.621094 0.272656 0.023438 0.059375
0.0 0.852344 0.191406 0.248438 0.382812
0.0 0.782031 0.213281 0.034375 0.039844
0.0 0.961719 0.238281 0.054688 0.142187
0.0 0.443750 0.094531 0.077344 0.106250
0.0 0.251562 0.193750 0.079687 0.097656
0.0 0.070312 0.094531 0.064844 0.128125
0.0 0.260156 0.448438 0.028125 0.084375
0.0 0.288281 0.592187 0.019531 0.046094
0.0 0.964844 0.703125 0.038281 0.078906
0.0 0.934375 0.416406 0.040625 0.068750
