0.0 0.385938 0.489844 0.081250 0.089844
0.0 0.462500 0.566406 0.075781 0.096094
0.0 0.432813 0.367188 0.048437 0.149219
0.0 0.482031 0.385156 0.050781 0.109375
0.0 0.517969 0.314062 0.046094 0.075000
0.0 0.945312 0.685937 0.028125 0.044531
0.0 0.760156 0.938281 0.049219 0.098438
0.0 0.824219 0.825000 0.017188 0.044531
0.0 0.633594 0.840625 0.027344 0.046094
0.0 0.578125 0.799219 0.013281 0.026563
0.0 0.386719 0.808594 0.053125 0.077344
0.0 0.269531 0.854687 0.024219 0.049219
0.0 0.167969 0.924219 0.017969 0.028125
0.0 0.175000 0.964844 0.014844 0.026562
0.0 0.143750 0.899219 0.013281 0.028906
0.0 0.132031 0.957031 0.014844 0.021094
0.0 0.103906 0.951563 0.018750 0.023438
0.0 0.224219 0.796094 0.012500 0.026563
0.0 0.300000 0.583594 0.023438 0.030469
0.0 0.250000 0.550000 0.018750 0.040625
0.0 0.051562 0.848438 0.038281 0.033594
0.0 0.037500 0.928906 0.023438 0.073437
0.0 0.129687 0.654687 0.037500 0.057031
0.0 0.094531 0.676562 0.027344 0.078125
0.0 0.230469 0.698438 0.014063 0.025781
0.0 0.191406 0.685937 0.011719 0.022656
0.0 0.202344 0.524219 0.020313 0.027344
0.0 0.208594 0.560937 0.017187 0.027344
0.0 0.148438 0.549219 0.029688 0.028906
0.0 0.128906 0.517969 0.019531 0.030469
0.0 0.067187 0.548438 0.014844 0.029688
0.0 0.016406 0.572656 0.015625 0.036719
0.0 0.276563 0.464063 0.021094 0.057031
0.0 0.318750 0.497656 0.014063 0.024219
0.0 0.103125 0.310938 0.045313 0.077344
0.0 0.033594 0.312500 0.025781 0.040625
0.0 0.113281 0.193750 0.019531 0.031250
0.0 0.080469 0.211719 0.014844 0.028906
0.0 0.269531 0.207812 0.065625 0.055469
0.0 0.104688 0.114062 0.028906 0.057812
0.0 0.082031 0.095312 0.015625 0.042969
0.0 0.078906 0.141406 0.020313 0.041406
0.0 0.178906 0.014844 0.014063 0.025781
0.0 0.155469 0.026563 0.018750 0.032031
0.0 0.265625 0.098437 0.016406 0.028906
0.0 0.247656 0.132812 0.013281 0.023438
0.0 0.214063 0.132031 0.017187 0.041406
0.0 0.186719 0.142187 0.016406 0.028906
0.0 0.313281 0.289844 0.025781 0.034375
0.0 0.303906 0.260156 0.014844 0.017969
0.0 0.421094 0.153906 0.011719 0.022656
0.0 0.382031 0.170313 0.015625 0.023438
0.0 0.450000 0.134375 0.046875 0.060938
0.0 0.409375 0.029688 0.014844 0.017187
0.0 0.413281 0.052344 0.016406 0.022656
0.0 0.418750 0.107813 0.014063 0.025000
0.0 0.617188 0.300000 0.025000 0.044531
0.0 0.672656 0.050781 0.020312 0.037500
0.0 0.617188 0.031250 0.014063 0.022656
0.0 0.600781 0.046875 0.013281 0.020313
0.0 0.566406 0.076563 0.013281 0.021875
0.0 0.383594 0.015625 0.018750 0.027344
0.0 0.376562 0.071875 0.015625 0.025000
0.0 0.059375 0.724219 0.014063 0.034375
0.0 0.834375 0.196875 0.243750 0.393750
0.0 0.753125 0.396094 0.025000 0.040625
0.0 0.770313 0.241406 0.024219 0.044531
0.0 0.857031 0.482031 0.034375 0.066406
0.0 0.911719 0.418750 0.035938 0.048437
0.0 0.932031 0.257812 0.042969 0.101562
0.0 0.961719 0.219531 0.010937 0.018750
0.0 0.632031 0.169531 0.032031 0.044531
0.0 0.027344 0.764844 0.026562 0.061719
0.0 0.189844 0.281250 0.017187 0.022656
0.0 0.174219 0.344531 0.015625 0.024219
0.0 0.008594 0.844531 0.014844 0.026563
