0.0 0.562500 0.469531 0.071094 0.085938
0.0 0.507031 0.305469 0.050000 0.142969
0.0 0.458594 0.430469 0.060156 0.132812
0.0 0.569531 0.376563 0.075781 0.034375
0.0 0.328125 0.298438 0.044531 0.092188
0.0 0.302344 0.093750 0.026562 0.044531
0.0 0.450781 0.145313 0.023438 0.039844
0.0 0.521094 0.103906 0.029688 0.036719
0.0 0.472656 0.055469 0.019531 0.030469
0.0 0.663281 0.090625 0.032031 0.125000
0.0 0.705469 0.412500 0.035156 0.082031
0.0 0.721094 0.355469 0.011719 0.023438
0.0 0.696094 0.357031 0.017187 0.015625
0.0 0.685937 0.289844 0.014844 0.031250
0.0 0.603906 0.536719 0.036719 0.052344
0.0 0.610938 0.711719 0.025000 0.045313
0.0 0.332031 0.639063 0.015625 0.024219
0.0 0.307813 0.741406 0.025000 0.047656
0.0 0.252344 0.956250 0.057812 0.087500
0.0 0.559375 0.949219 0.025000 0.048437
0.0 0.645312 0.976562 0.025781 0.042969
0.0 0.732031 0.939062 0.107813 0.121094
0.0 0.770313 0.814844 0.009375 0.018750
0.0 0.752344 0.807031 0.018750 0.030469
0.0 0.762500 0.704687 0.011719 0.017969
0.0 0.755469 0.679688 0.018750 0.025781
0.0 0.335156 0.010156 0.013281 0.017188
0.0 0.598437 0.190625 0.014063 0.022656
0.0 0.552344 0.181250 0.013281 0.021094
0.0 0.501562 0.172656 0.013281 0.032031
0.0 0.618750 0.164844 0.019531 0.040625
0.0 0.634375 0.151562 0.010938 0.017188
0.0 0.657031 0.245313 0.011719 0.023438
0.0 0.728125 0.083594 0.014063 0.025781
0.0 0.707031 0.055469 0.010156 0.021875
0.0 0.774219 0.293750 0.018750 0.025000
0.0 0.741406 0.278125 0.011719 0.022656
0.0 0.765625 0.339844 0.010156 0.020312
0.0 0.752344 0.345313 0.011719 0.018750
0.0 0.705469 0.232812 0.012500 0.021094
0.0 0.696094 0.195312 0.010156 0.015625
0.0 0.633594 0.303125 0.013281 0.025781
0.0 0.685937 0.736719 0.021875 0.039062
0.0 0.737500 0.617969 0.012500 0.020313
0.0 0.768750 0.482812 0.010938 0.017969
0.0 0.614844 0.485156 0.012500 0.023438
0.0 0.589063 0.135937 0.013281 0.018750
0.0 0.559375 0.157813 0.013281 0.017188
