0.0 0.427910 0.014688 0.032515 0.029376
0.0 0.335762 0.054541 0.117984 0.109082
0.0 0.291211 0.163019 0.026424 0.040937
0.0 0.272684 0.273215 0.024919 0.051305
0.0 0.812342 0.082301 0.071947 0.083161
0.0 0.419746 0.271881 0.035401 0.050573
0.0 0.506405 0.052444 0.027166 0.061467
0.0 0.398429 0.449574 0.050242 0.064094
0.0 0.275426 0.577615 0.063906 0.116018
0.0 0.224792 0.615988 0.031609 0.040184
0.0 0.230731 0.683185 0.015428 0.022684
0.0 0.202985 0.657008 0.018262 0.042009
0.0 0.350826 0.235718 0.030444 0.052871
0.0 0.668671 0.092819 0.051045 0.100518
0.0 0.719746 0.293761 0.031124 0.057509
0.0 0.688026 0.386231 0.026476 0.025817
0.0 0.529654 0.577781 0.068152 0.129499
0.0 0.504531 0.679115 0.011336 0.020571
0.0 0.467872 0.702955 0.052847 0.138600
0.0 0.435421 0.515008 0.078811 0.088705
0.0 0.413749 0.608952 0.080966 0.046665
0.0 0.303609 0.724666 0.018726 0.019386
0.0 0.285540 0.680957 0.019767 0.031640
0.0 0.275550 0.872945 0.054991 0.122275
0.0 0.212537 0.882656 0.021560 0.038710
0.0 0.357629 0.846290 0.020952 0.024250
0.0 0.326585 0.815681 0.031763 0.051552
0.0 0.462356 0.939817 0.022426 0.034299
0.0 0.420232 0.887843 0.043924 0.057117
0.0 0.496580 0.857189 0.026857 0.038731
0.0 0.449190 0.824973 0.016149 0.037917
0.0 0.636833 0.934606 0.036854 0.055324
0.0 0.642906 0.726252 0.057208 0.096127
0.0 0.592713 0.994389 0.021086 0.011222
0.0 0.395082 0.817039 0.018262 0.042009
0.0 0.282694 0.344958 0.013696 0.031507
0.0 0.338618 0.669000 0.016036 0.037144
0.0 0.229569 0.459557 0.032690 0.063033
