0.0 0.521875 0.590625 0.064062 0.114844
0.0 0.555469 0.433594 0.092188 0.095312
0.0 0.631250 0.495312 0.096094 0.071094
1.0 0.370312 0.358594 0.387500 0.247656
0.0 0.475781 0.657031 0.043750 0.069531
0.0 0.779688 0.743750 0.079687 0.062500
0.0 0.636719 0.243750 0.064062 0.075000
0.0 0.210156 0.842969 0.085938 0.154687
0.0 0.183594 0.717187 0.031250 0.060156
0.0 0.362500 0.668750 0.028906 0.061719
0.0 0.565625 0.807031 0.060938 0.064063
0.0 0.196875 0.135156 0.051562 0.092969
0.0 0.772656 0.204687 0.026562 0.050781
0.0 0.584375 0.603906 0.023438 0.128906
0.0 0.200781 0.589063 0.028125 0.050781
0.0 0.767969 0.532031 0.026562 0.060938
0.0 0.740625 0.429688 0.028125 0.048437
0.0 0.342969 0.209375 0.030469 0.043750
