0.0 0.564844 0.475781 0.070312 0.098438
0.0 0.456250 0.431250 0.071875 0.150000
0.0 0.506250 0.290625 0.058594 0.157031
0.0 0.573438 0.368750 0.078125 0.040625
0.0 0.316406 0.285937 0.043750 0.093750
0.0 0.289062 0.068750 0.028125 0.046094
0.0 0.450000 0.121875 0.016406 0.032031
0.0 0.502344 0.160156 0.017187 0.028125
0.0 0.470313 0.028906 0.022656 0.023437
0.0 0.521875 0.075781 0.031250 0.040625
0.0 0.626562 0.148438 0.023438 0.049219
0.0 0.673437 0.066406 0.037500 0.127344
0.0 0.740625 0.057813 0.015625 0.032031
0.0 0.720312 0.025781 0.012500 0.020312
0.0 0.754687 0.263281 0.017969 0.026563
0.0 0.642187 0.290625 0.016406 0.030469
0.0 0.696875 0.275000 0.014063 0.027344
0.0 0.718750 0.403906 0.041406 0.094531
0.0 0.704687 0.346875 0.021875 0.018750
0.0 0.733594 0.346875 0.014844 0.024219
0.0 0.767187 0.335938 0.016406 0.028125
0.0 0.610937 0.536719 0.039062 0.051563
0.0 0.618750 0.721094 0.025000 0.042187
0.0 0.735937 0.951563 0.087500 0.096875
0.0 0.560938 0.976562 0.025000 0.046875
3.0 0.459375 0.839844 0.089063 0.271875
0.0 0.242969 0.971094 0.048438 0.057812
0.0 0.296094 0.753906 0.023438 0.046094
0.0 0.754687 0.875781 0.014844 0.026562
0.0 0.768750 0.825000 0.018750 0.035938
0.0 0.770312 0.688281 0.016406 0.026562
0.0 0.778125 0.718750 0.009375 0.025781
0.0 0.751562 0.620313 0.014844 0.027344
0.0 0.696875 0.749219 0.028125 0.048437
0.0 0.656250 0.989844 0.018750 0.020313
0.0 0.325000 0.647656 0.019531 0.030469
0.0 0.555469 0.161719 0.014063 0.022656
0.0 0.561719 0.137500 0.014063 0.021875
0.0 0.577344 0.130469 0.011719 0.022656
0.0 0.595312 0.115625 0.016406 0.025781
0.0 0.667188 0.230469 0.016406 0.029687
0.0 0.621875 0.484375 0.014844 0.021875
0.0 0.658594 0.567187 0.017187 0.028906
0.0 0.627344 0.642969 0.013281 0.023438
