0.0 0.577035 0.369314 0.025847 0.142872
0.0 0.523493 0.378950 0.070820 0.136834
0.0 0.537929 0.589830 0.091209 0.139969
0.0 0.614909 0.500580 0.093191 0.090940
3.0 0.304482 0.581493 0.185308 0.194310
0.0 0.959105 0.135612 0.021883 0.041387
0.0 0.935039 0.111217 0.032916 0.064422
0.0 0.961715 0.088803 0.021255 0.045260
0.0 0.928549 0.317370 0.051389 0.078395
0.0 0.992552 0.320804 0.014896 0.041417
0.0 0.755641 0.200375 0.073571 0.067569
0.0 0.638000 0.149651 0.018669 0.038923
0.0 0.599638 0.130952 0.012808 0.028561
0.0 0.567613 0.110155 0.055140 0.074644
0.0 0.604560 0.085015 0.016528 0.024030
0.0 0.846782 0.128879 0.023920 0.033672
0.0 0.818294 0.117602 0.021883 0.041387
0.0 0.780823 0.116138 0.022267 0.031269
0.0 0.765832 0.079587 0.020614 0.028866
0.0 0.485107 0.300829 0.037124 0.072381
0.0 0.385043 0.280502 0.036392 0.053646
0.0 0.735782 0.468555 0.026335 0.055591
0.0 0.694566 0.502910 0.023767 0.029769
0.0 0.706581 0.595637 0.029903 0.047156
0.0 0.809224 0.569936 0.020645 0.029647
0.0 0.762812 0.557177 0.022938 0.048443
0.0 0.893743 0.527891 0.022846 0.046101
0.0 0.870573 0.560605 0.033288 0.034038
0.0 0.958677 0.746999 0.017351 0.045107
0.0 0.923694 0.701849 0.040826 0.087336
0.0 0.885606 0.676124 0.049340 0.065843
0.0 0.971783 0.964870 0.023560 0.070261
0.0 0.959677 0.881515 0.045668 0.051670
0.0 0.728176 0.883418 0.027713 0.050968
0.0 0.608346 0.828699 0.058629 0.084134
0.0 0.206528 0.947479 0.061001 0.085006
0.0 0.341642 0.851117 0.033593 0.041844
0.0 0.901390 0.989033 0.026079 0.021934
0.0 0.706380 0.280545 0.028006 0.038508
0.0 0.148200 0.188560 0.286733 0.377120
0.0 0.222612 0.215518 0.030025 0.050279
0.0 0.123676 0.466535 0.035532 0.071540
0.0 0.065407 0.397020 0.039942 0.064697
0.0 0.048758 0.222800 0.052700 0.111963
0.0 0.021702 0.675213 0.031525 0.048779
0.0 0.445715 0.048318 0.021547 0.032800
0.0 0.402651 0.012230 0.027640 0.024459
0.0 0.339235 0.014649 0.022389 0.029299
0.0 0.372455 0.142405 0.029994 0.049498
0.0 0.780700 0.819794 0.021181 0.023432
0.0 0.856807 0.933008 0.020919 0.036673
0.0 0.953055 0.210433 0.020889 0.035892
0.0 0.924213 0.188196 0.023078 0.032080
0.0 0.648209 0.048410 0.020706 0.031208
0.0 0.612525 0.021215 0.024761 0.035264
0.0 0.852356 0.346450 0.017400 0.026402
0.0 0.837682 0.281765 0.018333 0.030336
0.0 0.819562 0.705599 0.021761 0.038264
0.0 0.142313 0.830039 0.024926 0.059433
