0.0 0.424612 0.459417 0.083230 0.091378
1.0 0.530755 0.788643 0.148604 0.260456
0.0 0.501956 0.306883 0.069690 0.146727
0.0 0.727439 0.333946 0.062944 0.090351
0.0 0.420761 0.380997 0.102796 0.062796
0.0 0.313324 0.123672 0.054648 0.110944
0.0 0.195000 0.853778 0.094440 0.112959
0.0 0.784849 0.914936 0.061047 0.052899
0.0 0.730272 0.725997 0.031082 0.045156
0.0 0.348354 0.683190 0.033620 0.049176
0.0 0.365619 0.527614 0.049887 0.047665
0.0 0.549393 0.436010 0.065107 0.117699
0.0 0.574520 0.186962 0.027645 0.038756
0.0 0.553621 0.105332 0.029511 0.029511
0.0 0.491527 0.142082 0.040751 0.036306
0.0 0.513483 0.218290 0.019013 0.021975
0.0 0.366805 0.195218 0.026983 0.041057
0.0 0.260168 0.092037 0.014410 0.023299
0.0 0.234874 0.112659 0.016247 0.028840
0.0 0.254607 0.248205 0.014608 0.027200
0.0 0.208079 0.286526 0.017571 0.024237
0.0 0.245807 0.406557 0.047803 0.083359
0.0 0.276227 0.300146 0.015111 0.021778
0.0 0.262844 0.363613 0.019556 0.017334
0.0 0.230350 0.356492 0.017610 0.025018
0.0 0.190913 0.347455 0.016632 0.021077
0.0 0.406309 0.898115 0.031704 0.042074
0.0 0.168570 0.757788 0.025027 0.033176
0.0 0.197588 0.586379 0.018548 0.028178
0.0 0.171998 0.643753 0.015773 0.019477
0.0 0.259860 0.700612 0.035763 0.045393
0.0 0.163751 0.667585 0.015032 0.020217
0.0 0.340316 0.316690 0.012850 0.023220
0.0 0.443586 0.192848 0.016672 0.021857
0.0 0.771133 0.150765 0.039625 0.044810
0.0 0.705166 0.634767 0.025650 0.030094
0.0 0.290240 0.903971 0.017995 0.017254
0.0 0.347151 0.181707 0.013709 0.024820
