0.0 0.529857 0.612740 0.073859 0.143029
0.0 0.535622 0.410766 0.099223 0.141295
3.0 0.295646 0.428579 0.192035 0.206297
0.0 0.618202 0.488500 0.102625 0.089789
0.0 0.165973 0.817742 0.305695 0.364515
0.0 0.239388 0.794731 0.029943 0.052762
0.0 0.072789 0.622138 0.043249 0.063929
0.0 0.126395 0.550993 0.041051 0.074566
0.0 0.240443 0.630002 0.039546 0.056661
0.0 0.392323 0.720729 0.034221 0.048483
0.0 0.063047 0.795437 0.056451 0.110646
0.0 0.587218 0.623600 0.041495 0.153451
0.0 0.495530 0.698728 0.038395 0.079754
0.0 0.771069 0.786904 0.077117 0.071413
0.0 0.694823 0.485982 0.027339 0.040175
0.0 0.740781 0.519752 0.033711 0.060808
0.0 0.704427 0.395014 0.031362 0.042059
0.0 0.936165 0.661703 0.063771 0.096574
0.0 0.805653 0.414733 0.029354 0.045755
0.0 0.867743 0.416572 0.031225 0.031225
0.0 0.891124 0.452239 0.031493 0.043616
0.0 0.758301 0.429688 0.027084 0.046337
0.0 0.808996 0.277251 0.027732 0.044846
0.0 0.876425 0.305298 0.050589 0.077687
0.0 0.915141 0.280876 0.041195 0.094677
0.0 0.713183 0.107333 0.032671 0.057629
0.0 0.593776 0.160487 0.064086 0.081913
0.0 0.015888 0.345663 0.031775 0.057956
0.0 0.128354 0.191755 0.029753 0.059703
0.0 0.329582 0.151326 0.035589 0.055555
0.0 0.393065 0.197736 0.027274 0.039396
0.0 0.187894 0.069935 0.057929 0.091445
0.0 0.946152 0.090110 0.045637 0.046350
0.0 0.803542 0.002416 0.022858 0.004833
0.0 0.878155 0.004549 0.031814 0.009099
0.0 0.764936 0.172761 0.022733 0.040561
0.0 0.949273 0.025998 0.028608 0.051996
0.0 0.950462 0.225380 0.020790 0.045036
0.0 0.840112 0.050412 0.024735 0.027588
0.0 0.995288 0.652120 0.009424 0.051656
0.0 0.953893 0.872679 0.032291 0.071511
0.0 0.937617 0.790942 0.021824 0.038938
0.0 0.969457 0.768666 0.020463 0.041143
0.0 0.978916 0.843920 0.027673 0.053344
0.0 0.977457 0.891867 0.018782 0.048732
0.0 0.782569 0.905106 0.022014 0.031997
0.0 0.797531 0.868569 0.019482 0.029465
0.0 0.836587 0.866855 0.021824 0.038938
0.0 0.863763 0.854380 0.022341 0.035890
0.0 0.617748 0.865644 0.016695 0.033096
0.0 0.622903 0.908331 0.019286 0.027130
0.0 0.671393 0.944240 0.023119 0.035955
0.0 0.655817 0.842845 0.023512 0.040626
0.0 0.586359 0.883961 0.057982 0.073670
0.0 0.360265 0.988396 0.020391 0.023208
0.0 0.469753 0.951775 0.027535 0.042510
0.0 0.426765 0.986132 0.033240 0.027735
0.0 0.389823 0.858923 0.038245 0.050367
0.0 0.714892 0.706168 0.037145 0.055686
0.0 0.904371 0.563238 0.022858 0.032841
0.0 0.848998 0.706660 0.023505 0.031349
0.0 0.857451 0.639309 0.027077 0.037061
0.0 0.635208 0.970801 0.021955 0.040495
0.0 0.635439 0.740285 0.023643 0.042183
0.0 0.971888 0.247100 0.020071 0.036472
0.0 0.978776 0.357066 0.022210 0.034333
