0.0 0.508879 0.615901 0.061872 0.117109
0.0 0.613279 0.514425 0.095793 0.095793
0.0 0.543121 0.450113 0.089684 0.126270
0.0 0.557679 0.633075 0.063080 0.152034
0.0 0.468239 0.684009 0.050662 0.082944
0.0 0.278059 0.052474 0.062835 0.104947
0.0 0.072662 0.284465 0.040046 0.075914
0.0 0.527785 0.872873 0.064681 0.084050
0.0 0.713123 0.808346 0.071137 0.077594
0.0 0.639830 0.207750 0.064168 0.097167
0.0 0.147017 0.772295 0.281593 0.420046
0.0 0.050379 0.705893 0.056604 0.119016
0.0 0.084006 0.547892 0.038816 0.060337
0.0 0.881900 0.725272 0.058060 0.098233
0.0 0.976792 0.195953 0.046416 0.043162
3.0 0.419037 0.324337 0.303425 0.314186
0.0 0.394026 0.154656 0.027872 0.039350
0.0 0.879571 0.387323 0.045353 0.094134
0.0 0.920480 0.365473 0.043365 0.088560
0.0 0.366602 0.690879 0.029819 0.054210
0.0 0.211372 0.741324 0.029470 0.059600
0.0 0.757534 0.166099 0.033119 0.056792
0.0 0.877336 0.912211 0.056564 0.098889
0.0 0.147150 0.492532 0.046563 0.070237
