0.0 0.423437 0.538281 0.081250 0.089844
0.0 0.490625 0.687500 0.057031 0.132031
0.0 0.719531 0.676562 0.057031 0.082031
0.0 0.410937 0.615625 0.102344 0.060156
0.0 0.284375 0.080469 0.232031 0.160938
0.0 0.317969 0.069531 0.026562 0.042187
0.0 0.426562 0.097656 0.025781 0.042187
0.0 0.357813 0.312500 0.030469 0.041406
0.0 0.367188 0.467969 0.046875 0.049219
1.0 0.548437 0.205469 0.103125 0.222656
0.0 0.804688 0.086719 0.060937 0.076562
0.0 0.741406 0.287500 0.025781 0.039844
0.0 0.178125 0.338281 0.011719 0.019531
0.0 0.560156 0.817969 0.023438 0.035156
0.0 0.474219 0.855469 0.039062 0.036719
0.0 0.294531 0.867969 0.038281 0.107813
0.0 0.749219 0.866406 0.030469 0.037500
0.0 0.534375 0.896094 0.021875 0.025000
0.0 0.237500 0.955469 0.024219 0.024219
0.0 0.347656 0.989844 0.021094 0.020313
0.0 0.246875 0.990625 0.016406 0.018750
0.0 0.632031 0.986719 0.015625 0.025781
0.0 0.550000 0.567969 0.065625 0.115625
0.0 0.497656 0.785937 0.015625 0.022656
0.0 0.350781 0.800000 0.025000 0.043750
0.0 0.217188 0.872656 0.015625 0.025781
0.0 0.196094 0.698438 0.014844 0.021875
0.0 0.267187 0.689844 0.014844 0.028906
0.0 0.182813 0.637500 0.018750 0.021875
0.0 0.224219 0.628125 0.014844 0.023438
0.0 0.254687 0.625781 0.016406 0.018750
0.0 0.241406 0.581250 0.045313 0.078906
0.0 0.542969 0.967969 0.014063 0.019531
0.0 0.708594 0.935938 0.014063 0.021094
0.0 0.200000 0.394531 0.013281 0.024219
0.0 0.267187 0.289062 0.031250 0.043750
0.0 0.179688 0.227344 0.023438 0.026563
