0.0 0.402663 0.605922 0.033723 0.131030
0.0 0.352432 0.494021 0.107464 0.067224
0.0 0.453994 0.433758 0.104374 0.092668
0.0 0.373959 0.221392 0.071729 0.079777
0.0 0.232495 0.167259 0.038026 0.049732
0.0 0.838758 0.135024 0.051398 0.090174
0.0 0.634648 0.689908 0.042647 0.061669
0.0 0.514602 0.669190 0.045034 0.062593
0.0 0.474344 0.598607 0.067802 0.116821
0.0 0.363942 0.890796 0.028573 0.047595
0.0 0.321431 0.869386 0.014989 0.028890
0.0 0.770075 0.879864 0.085130 0.145855
0.0 0.813599 0.758095 0.012640 0.041174
0.0 0.805350 0.612780 0.045622 0.059522
0.0 0.808904 0.352347 0.067349 0.071739
0.0 0.189266 0.740685 0.080557 0.071778
0.0 0.181449 0.841959 0.027022 0.035070
0.0 0.164756 0.808053 0.018551 0.023672
0.0 0.377295 0.826654 0.017444 0.068658
0.0 0.332820 0.786336 0.016260 0.024308
0.0 0.247508 0.684793 0.042069 0.052312
0.0 0.278257 0.617810 0.029227 0.020447
0.0 0.258927 0.575915 0.026974 0.034291
0.0 0.215905 0.524729 0.033425 0.075859
0.0 0.252709 0.410373 0.023066 0.046478
0.0 0.191569 0.437125 0.021853 0.039412
0.0 0.266465 0.491844 0.034772 0.034772
0.0 0.695246 0.912815 0.034425 0.041742
0.0 0.610406 0.917753 0.027225 0.025761
0.0 0.557064 0.881585 0.015384 0.022700
0.0 0.684133 0.205317 0.036534 0.025559
0.0 0.646382 0.804129 0.035302 0.043349
0.0 0.305885 0.740840 0.017184 0.026695
0.0 0.348839 0.704355 0.028582 0.035167
0.0 0.266339 0.646036 0.017482 0.018946
0.0 0.233040 0.627543 0.020447 0.029227
0.0 0.475624 0.679307 0.023518 0.028640
0.0 0.292243 0.809662 0.022296 0.034002
0.0 0.265721 0.795501 0.014845 0.026551
0.0 0.413164 0.828868 0.066906 0.077149
1.0 0.732082 0.455623 0.195616 0.148792
