0.0 0.672656 0.700781 0.046875 0.087500
0.0 0.433594 0.621875 0.075781 0.062500
0.0 0.436719 0.532812 0.067188 0.082813
0.0 0.473437 0.890625 0.035156 0.039844
0.0 0.356250 0.027344 0.027344 0.052344
1.0 0.590625 0.332031 0.152344 0.492969
0.0 0.538281 0.574219 0.047656 0.132031
0.0 0.396094 0.461719 0.038281 0.050000
0.0 0.700000 0.907812 0.023438 0.040625
0.0 0.548438 0.855469 0.017187 0.042969
0.0 0.387500 0.287500 0.025000 0.046875
0.0 0.441406 0.050000 0.020313 0.044531
0.0 0.746094 0.040625 0.057813 0.081250
0.0 0.692187 0.260938 0.021875 0.046094
0.0 0.294531 0.596875 0.033594 0.074219
0.0 0.337500 0.919531 0.033594 0.107813
0.0 0.271875 0.060938 0.101562 0.121094
0.0 0.496094 0.700000 0.042187 0.133594
0.0 0.523438 0.942187 0.020312 0.023438
0.0 0.273438 0.915625 0.015625 0.025781
0.0 0.226562 0.703125 0.018750 0.025781
0.0 0.259375 0.720312 0.011719 0.021094
