0.0 0.445075 0.159358 0.118832 0.247817
0.0 0.547278 0.761608 0.221670 0.277429
0.0 0.736631 0.605452 0.290144 0.340528
1.0 0.173354 0.562298 0.080642 0.086017
4.0 0.427228 0.668460 0.027743 0.048569
4.0 0.390074 0.621765 0.033948 0.037979
1.0 0.302970 0.607065 0.075538 0.076209
1.0 0.021517 0.638254 0.043034 0.065226
4.0 0.318847 0.505142 0.034294 0.057807
4.0 0.292133 0.474806 0.032707 0.040097
4.0 0.286398 0.399177 0.033071 0.037101
4.0 0.207997 0.425823 0.040965 0.044996
1.0 0.185373 0.340863 0.077899 0.094022
1.0 0.260119 0.258566 0.066488 0.094031
4.0 0.515809 0.446142 0.043148 0.027025
1.0 0.401225 0.412825 0.061011 0.098631
1.0 0.794387 0.865297 0.085970 0.074549
1.0 0.772145 0.807182 0.127483 0.077770
1.0 0.676881 0.859963 0.098223 0.121064
1.0 0.906882 0.866814 0.095161 0.075007
4.0 0.921791 0.712749 0.032390 0.049185
4.0 0.528485 0.552638 0.048663 0.039929
4.0 0.459566 0.555322 0.044212 0.052274
4.0 0.401378 0.548396 0.034089 0.056258
4.0 0.530184 0.337716 0.035599 0.038958
4.0 0.232282 0.522037 0.043233 0.050622
4.0 0.141348 0.773990 0.032390 0.049185
4.0 0.120916 0.512001 0.051500 0.044110
4.0 0.048411 0.553614 0.035180 0.047272
4.0 0.061880 0.475803 0.033165 0.049288
4.0 0.084537 0.257354 0.056959 0.062333
4.0 0.167135 0.460598 0.042579 0.028471
4.0 0.092797 0.397153 0.030020 0.042784
4.0 0.062434 0.388399 0.030935 0.061166
4.0 0.415661 0.803265 0.034200 0.045621
4.0 0.763130 0.417460 0.036224 0.032194
