0.0 0.309033 0.052681 0.028487 0.057437
0.0 0.694742 0.066773 0.036837 0.117008
0.0 0.743119 0.037059 0.014748 0.031079
0.0 0.762782 0.066957 0.018877 0.035951
0.0 0.725334 0.402252 0.046011 0.113563
0.0 0.717936 0.949032 0.095914 0.101935
0.0 0.750834 0.842294 0.020228 0.047694
0.0 0.761406 0.721572 0.022455 0.045467
0.0 0.609643 0.722002 0.029305 0.058256
0.0 0.683663 0.760023 0.025404 0.058066
0.0 0.540177 0.975955 0.024872 0.047141
0.0 0.283052 0.746770 0.022721 0.050929
0.0 0.366220 0.950276 0.049515 0.089601
0.0 0.460806 0.421438 0.064395 0.139369
0.0 0.568400 0.476737 0.074258 0.086135
0.0 0.610581 0.542148 0.048775 0.058426
0.0 0.581372 0.370993 0.081055 0.049877
0.0 0.511821 0.289388 0.046009 0.145480
0.0 0.327779 0.278079 0.048525 0.101229
0.0 0.468376 0.121451 0.018591 0.046057
0.0 0.520033 0.152907 0.014271 0.037283
0.0 0.496271 0.030513 0.022168 0.055573
0.0 0.680101 0.238920 0.007535 0.026835
0.0 0.710042 0.282616 0.016346 0.031935
0.0 0.732286 0.227383 0.017185 0.017185
0.0 0.768946 0.277663 0.016346 0.031935
0.0 0.778829 0.347758 0.022835 0.053270
0.0 0.636729 0.997362 0.017737 0.005276
0.0 0.617132 0.118527 0.019412 0.014958
0.0 0.644332 0.154268 0.031436 0.070037
0.0 0.575360 0.157166 0.018153 0.053042
0.0 0.652014 0.301691 0.009323 0.031593
0.0 0.745260 0.635528 0.010808 0.030108
0.0 0.474824 0.310270 0.016004 0.024912
0.0 0.544712 0.079802 0.036024 0.052355
0.0 0.221956 0.957329 0.055170 0.061851
1.0 0.445347 0.835238 0.111201 0.301236
