0.0 0.295312 0.125000 0.050000 0.096875
0.0 0.479688 0.151562 0.047656 0.047656
0.0 0.495313 0.312500 0.050781 0.156250
0.0 0.759375 0.141406 0.057812 0.050000
0.0 0.709375 0.333594 0.069531 0.101562
0.0 0.557813 0.447656 0.065625 0.130469
0.0 0.368750 0.522656 0.046094 0.067969
0.0 0.421875 0.476562 0.074219 0.071875
0.0 0.419531 0.394531 0.100781 0.032812
0.0 0.241406 0.419531 0.052344 0.078906
0.0 0.358594 0.679688 0.037500 0.061719
0.0 0.271094 0.918750 0.239062 0.160938
0.0 0.313281 0.922656 0.032812 0.042969
0.0 0.799219 0.900000 0.074219 0.109375
1.0 0.547656 0.788281 0.135156 0.247656
