1.0 0.460156 0.844531 0.117969 0.310156
0.0 0.732813 0.932031 0.126562 0.135937
0.0 0.250000 0.949219 0.078125 0.101562
0.0 0.629687 0.714844 0.026562 0.059375
0.0 0.571875 0.461719 0.065625 0.093750
0.0 0.614844 0.538281 0.047656 0.060938
0.0 0.724219 0.395312 0.027344 0.092969
0.0 0.582812 0.366406 0.085156 0.039062
0.0 0.459375 0.433594 0.063281 0.117969
0.0 0.321094 0.267187 0.040625 0.126562
0.0 0.675781 0.061719 0.036719 0.103125
0.0 0.510156 0.271875 0.053125 0.164062
0.0 0.449219 0.115625 0.027344 0.040625
0.0 0.526563 0.073438 0.031250 0.033594
0.0 0.297656 0.060938 0.045313 0.067969
0.0 0.299219 0.749219 0.023438 0.064844
