0.0 0.815749 0.496200 0.097359 0.198122
0.0 0.554915 0.303249 0.169887 0.439273
0.0 0.711834 0.158309 0.079615 0.137880
0.0 0.539420 0.561471 0.101809 0.085358
0.0 0.363025 0.505754 0.061108 0.156387
0.0 0.240150 0.187379 0.048150 0.058432
0.0 0.056862 0.133253 0.060992 0.089781
0.0 0.413402 0.189191 0.079822 0.113410
0.0 0.537335 0.873974 0.077482 0.080224
0.0 0.644978 0.805572 0.039859 0.085785
0.0 0.580352 0.710073 0.094812 0.097554
0.0 0.407372 0.710589 0.062414 0.128219
0.0 0.473358 0.440184 0.061807 0.096765
0.0 0.405797 0.312780 0.037544 0.072503
0.0 0.500488 0.979317 0.074546 0.041366
0.0 0.493857 0.528246 0.058082 0.077961
0.0 0.476540 0.359585 0.054112 0.076732
0.0 0.367205 0.244919 0.041916 0.083729
