0.0 0.386605 0.981865 0.029146 0.036269
0.0 0.297368 0.939535 0.107857 0.120930
0.0 0.263591 0.818213 0.023400 0.039502
0.0 0.254404 0.706848 0.020952 0.050228
0.0 0.776079 0.942504 0.066200 0.078642
0.0 0.400832 0.720555 0.031725 0.048559
0.0 0.468715 0.946507 0.022354 0.060413
0.0 0.394545 0.541698 0.045699 0.061069
0.0 0.282755 0.403759 0.055098 0.112918
0.0 0.235530 0.361262 0.028763 0.038278
0.0 0.247104 0.294802 0.013769 0.021820
0.0 0.217253 0.318551 0.014967 0.041315
0.0 0.329113 0.750789 0.026458 0.051343
0.0 0.633803 0.919932 0.043319 0.098212
0.0 0.701609 0.724002 0.026745 0.056021
0.0 0.677784 0.629190 0.024782 0.024050
0.0 0.536095 0.424990 0.058252 0.126318
0.0 0.519590 0.321902 0.009775 0.020021
0.0 0.485067 0.295061 0.041815 0.136961
0.0 0.436913 0.479610 0.072725 0.083704
0.0 0.423225 0.384175 0.078621 0.040563
0.0 0.323214 0.259602 0.017429 0.018161
0.0 0.301531 0.301635 0.017415 0.030589
0.0 0.307734 0.109488 0.045440 0.120093
0.0 0.245762 0.094508 0.018626 0.037655
0.0 0.387279 0.142956 0.019276 0.022935
0.0 0.353769 0.170844 0.027922 0.049879
0.0 0.499506 0.058575 0.019898 0.033072
0.0 0.453157 0.106819 0.039858 0.054496
0.0 0.526655 0.143790 0.024037 0.037211
0.0 0.476722 0.171904 0.013167 0.037320
0.0 0.672925 0.078452 0.032792 0.053285
0.0 0.661441 0.286579 0.050002 0.093184
0.0 0.634798 0.010108 0.018879 0.020215
0.0 0.422137 0.175256 0.014967 0.041315
0.0 0.270416 0.636203 0.011225 0.030986
0.0 0.353414 0.318017 0.013120 0.036540
0.0 0.227124 0.517539 0.027860 0.061528
