0.0 0.091507 0.484647 0.139130 0.282851
0.0 0.152110 0.722711 0.043852 0.030236
0.0 0.175813 0.899781 0.124437 0.200438
0.0 0.297263 0.911302 0.080683 0.177395
0.0 0.384130 0.818625 0.053397 0.110886
0.0 0.566174 0.891090 0.100203 0.160717
0.0 0.485527 0.936604 0.038876 0.070646
0.0 0.353657 0.918846 0.021257 0.056053
0.0 0.343720 0.326679 0.098861 0.167696
0.0 0.240466 0.648817 0.068505 0.169866
0.0 0.414205 0.555836 0.023308 0.071719
0.0 0.495295 0.599415 0.085682 0.120477
0.0 0.454122 0.457665 0.066060 0.066816
0.0 0.510719 0.143240 0.098372 0.152079
0.0 0.566828 0.312661 0.180585 0.186636
0.0 0.666762 0.458825 0.087265 0.071380
0.0 0.482979 0.730333 0.114866 0.105789
0.0 0.639171 0.601164 0.134003 0.218723
0.0 0.784632 0.603646 0.151105 0.142028
0.0 0.879287 0.581143 0.038194 0.098708
0.0 0.792360 0.450986 0.043245 0.085605
0.0 0.708775 0.302747 0.074676 0.117793
0.0 0.854337 0.358377 0.061256 0.137655
0.0 0.903934 0.119989 0.113698 0.168160
0.0 0.964265 0.299440 0.062890 0.115083
0.0 0.977012 0.538971 0.045975 0.137240
0.0 0.867216 0.744882 0.153788 0.128070
0.0 0.610726 0.766197 0.042487 0.061398
0.0 0.752559 0.927464 0.039562 0.117474
0.0 0.652098 0.964219 0.058178 0.064229
0.0 0.123897 0.645431 0.044268 0.043511
0.0 0.682222 0.728005 0.083120 0.138339
0.0 0.976993 0.106760 0.024653 0.139630
