0.0 0.805469 0.878125 0.060156 0.101562
0.0 0.363281 0.757031 0.069531 0.072656
0.0 0.227344 0.801562 0.030469 0.043750
0.0 0.177344 0.746875 0.015625 0.035156
0.0 0.232031 0.467187 0.031250 0.053125
0.0 0.380469 0.550781 0.014063 0.026562
0.0 0.364844 0.496094 0.094531 0.075000
0.0 0.414062 0.397656 0.023438 0.116406
0.0 0.429688 0.192188 0.076563 0.055469
0.0 0.393750 0.117188 0.021875 0.036719
0.0 0.353125 0.139062 0.021094 0.016406
0.0 0.363281 0.092188 0.017187 0.023438
0.0 0.221094 0.163281 0.028125 0.023438
0.0 0.222656 0.251563 0.084375 0.060938
0.0 0.703125 0.119531 0.020312 0.027344
0.0 0.796875 0.159375 0.092187 0.170312
0.0 0.819531 0.282813 0.029687 0.038281
0.0 0.659375 0.228125 0.036719 0.039062
0.0 0.624219 0.117187 0.035156 0.039844
0.0 0.640625 0.332031 0.027344 0.046875
0.0 0.525000 0.343750 0.031250 0.064844
0.0 0.481250 0.404687 0.046094 0.106250
0.0 0.450781 0.558594 0.092188 0.078125
0.0 0.261719 0.569531 0.022656 0.041406
0.0 0.282031 0.497656 0.021875 0.035937
0.0 0.204687 0.542969 0.015625 0.043750
0.0 0.275781 0.316406 0.029688 0.049219
0.0 0.361719 0.221875 0.015625 0.034375
0.0 0.797656 0.418750 0.026563 0.047656
0.0 0.782031 0.663281 0.061719 0.056250
0.0 0.659375 0.785937 0.031250 0.035156
0.0 0.279688 0.417188 0.023438 0.028125
0.0 0.591406 0.751562 0.014063 0.036719
0.0 0.367188 0.297656 0.017187 0.028125
