0.0 0.533917 0.170835 0.086331 0.081563
0.0 0.235395 0.130040 0.028100 0.036274
0.0 0.159648 0.180184 0.095602 0.151455
0.0 0.561042 0.083323 0.024161 0.054131
0.0 0.612240 0.103063 0.022314 0.026401
0.0 0.758615 0.206448 0.092859 0.072425
0.0 0.750202 0.111456 0.025396 0.032888
0.0 0.576747 0.380477 0.044322 0.144450
0.0 0.730824 0.469545 0.024148 0.028916
0.0 0.776776 0.433259 0.040407 0.068333
0.0 0.760143 0.542317 0.031559 0.045863
0.0 0.817540 0.503064 0.025942 0.043651
0.0 0.823905 0.781680 0.038781 0.061259
0.0 0.677379 0.754653 0.069782 0.071144
0.0 0.561157 0.556305 0.102745 0.103426
0.0 0.331716 0.339468 0.037177 0.048075
0.0 0.454303 0.337928 0.042032 0.075407
0.0 0.509916 0.400416 0.062147 0.121406
0.0 0.236512 0.921642 0.050919 0.085657
0.0 0.371908 0.824887 0.040940 0.053881
0.0 0.175151 0.449818 0.032429 0.046733
0.0 0.223456 0.704441 0.070915 0.080451
0.0 0.699139 0.319147 0.014653 0.026233
0.0 0.711104 0.275192 0.039179 0.058251
0.0 0.613316 0.189503 0.017243 0.034952
0.0 0.648789 0.157641 0.014391 0.017796
0.0 0.613240 0.272936 0.017965 0.022051
0.0 0.295465 0.222680 0.029388 0.028026
0.0 0.317432 0.112185 0.034797 0.034797
0.0 0.375400 0.135824 0.019171 0.038243
0.0 0.728500 0.379321 0.013365 0.034480
0.0 0.738765 0.321407 0.018281 0.043483
0.0 0.771197 0.749531 0.032220 0.051292
0.0 0.651598 0.277712 0.013312 0.021485
0.0 0.648659 0.227701 0.014296 0.017021
0.0 0.714520 0.387319 0.015051 0.023225
0.0 0.774256 0.134500 0.014937 0.028559
0.0 0.491380 0.319249 0.015638 0.021768
0.0 0.641376 0.471775 0.112395 0.088556
0.0 0.630220 0.535307 0.017965 0.022052
0.0 0.144903 0.304753 0.018342 0.025154
3.0 0.282271 0.586313 0.204573 0.161662
