0.0 0.269618 0.950084 0.050793 0.099831
0.0 0.199567 0.847127 0.021838 0.050310
0.0 0.068956 0.713747 0.027728 0.045250
0.0 0.270211 0.702504 0.052905 0.074806
0.0 0.386653 0.846963 0.035908 0.039558
0.0 0.634064 0.798337 0.053833 0.077195
0.0 0.749512 0.841091 0.030996 0.047787
0.0 0.874995 0.623306 0.046533 0.084496
0.0 0.916545 0.648843 0.037127 0.083120
0.0 0.928319 0.760039 0.016154 0.021994
0.0 0.969564 0.817691 0.038048 0.036588
0.0 0.990701 0.891498 0.018032 0.088117
0.0 0.857356 0.924252 0.021073 0.062686
0.0 0.893767 0.930546 0.011724 0.025595
0.0 0.926265 0.924564 0.019818 0.030769
0.0 0.793783 0.774081 0.014112 0.026523
0.0 0.547249 0.565882 0.076706 0.094958
0.0 0.703644 0.575499 0.030500 0.039990
0.0 0.751062 0.533340 0.017344 0.040706
0.0 0.796283 0.530461 0.018869 0.052451
0.0 0.853880 0.525230 0.029855 0.029855
0.0 0.870656 0.493632 0.020747 0.033157
0.0 0.988444 0.536236 0.015239 0.032030
0.0 0.954608 0.693390 0.012468 0.037290
0.0 0.988148 0.724053 0.023703 0.059135
0.0 0.976842 0.661445 0.016551 0.028231
0.0 0.877413 0.735097 0.010795 0.023206
0.0 0.819781 0.665961 0.019123 0.019853
0.0 0.143477 0.507034 0.038970 0.075473
0.0 0.145636 0.221164 0.273194 0.412633
0.0 0.087269 0.447985 0.045229 0.051799
0.0 0.016622 0.248163 0.019620 0.027650
0.0 0.050141 0.282822 0.050843 0.103406
0.0 0.034823 0.140539 0.015090 0.029691
0.0 0.212979 0.258368 0.028855 0.050757
0.0 0.239128 0.410921 0.025191 0.041982
0.0 0.371026 0.306238 0.032853 0.052564
0.0 0.466260 0.314268 0.032052 0.076585
0.0 0.562429 0.373905 0.029785 0.138562
0.0 0.609636 0.488325 0.075848 0.069278
0.0 0.507817 0.389123 0.049794 0.123529
0.0 0.534905 0.125934 0.065961 0.072531
0.0 0.296757 0.049500 0.025071 0.064493
0.0 0.270971 0.087151 0.019520 0.026091
0.0 0.347196 0.177805 0.030897 0.046228
0.0 0.684435 0.482782 0.021477 0.032427
0.0 0.719045 0.448483 0.019166 0.057129
0.0 0.885624 0.286012 0.056966 0.089819
0.0 0.954285 0.282425 0.028791 0.037552
0.0 0.938776 0.186341 0.016366 0.037538
0.0 0.967943 0.251025 0.013914 0.023404
0.0 0.870880 0.091243 0.030209 0.084233
0.0 0.868095 0.170486 0.019287 0.034618
0.0 0.895397 0.095162 0.026410 0.085544
0.0 0.908021 0.182819 0.031960 0.038530
0.0 0.709225 0.085092 0.015324 0.021165
0.0 0.764079 0.110565 0.018507 0.034568
0.0 0.675715 0.271973 0.030861 0.057873
0.0 0.961648 0.115213 0.029019 0.065521
0.0 0.462749 0.013102 0.010845 0.023986
0.0 0.484247 0.018779 0.022589 0.025510
0.0 0.559606 0.034336 0.020378 0.051770
0.0 0.582967 0.011152 0.016600 0.022304
0.0 0.363128 0.046841 0.028976 0.028246
0.0 0.406202 0.084024 0.017663 0.021314
0.0 0.787241 0.004565 0.011142 0.009130
0.0 0.813084 0.011812 0.014509 0.023624
0.0 0.712373 0.196053 0.076430 0.066209
0.0 0.598980 0.160997 0.018705 0.037687
0.0 0.788894 0.119163 0.017429 0.029840
0.0 0.797925 0.261063 0.014063 0.025743
0.0 0.814270 0.321084 0.012836 0.018677
0.0 0.603520 0.552124 0.012071 0.031052
0.0 0.593736 0.263099 0.014842 0.025793
0.0 0.679409 0.391511 0.023766 0.031797
0.0 0.661192 0.314387 0.013715 0.020286
0.0 0.690997 0.339889 0.021307 0.054159
