0.0 0.195312 0.871875 0.054688 0.091406
0.0 0.340625 0.791406 0.031250 0.057031
0.0 0.183594 0.284375 0.028125 0.042969
0.0 0.200781 0.414844 0.025000 0.050781
0.0 0.364062 0.334375 0.037500 0.039844
0.0 0.473437 0.346094 0.033594 0.063281
0.0 0.571094 0.193750 0.070312 0.059375
0.0 0.605469 0.114063 0.008594 0.046875
0.0 0.637500 0.089844 0.011719 0.032813
0.0 0.778125 0.160156 0.012500 0.019531
0.0 0.772656 0.257813 0.082031 0.076563
0.0 0.723437 0.322656 0.030469 0.050000
0.0 0.721875 0.498437 0.018750 0.034375
0.0 0.764063 0.466406 0.028125 0.060156
0.0 0.584375 0.394531 0.022656 0.124219
0.0 0.520312 0.409375 0.048437 0.110156
0.0 0.205469 0.158594 0.087500 0.166406
0.0 0.549219 0.558594 0.087500 0.075781
0.0 0.639063 0.496875 0.094531 0.064844
0.0 0.739062 0.568750 0.022656 0.033594
0.0 0.371875 0.117188 0.035156 0.039062
0.0 0.635156 0.760938 0.059375 0.071875
0.0 0.772656 0.796875 0.028125 0.039844
0.0 0.796875 0.544531 0.017187 0.039062
0.0 0.216406 0.660156 0.057031 0.048437
0.0 0.410156 0.752344 0.014844 0.027344
0.0 0.639063 0.219531 0.019531 0.022656
0.0 0.826563 0.747656 0.018750 0.031250
0.0 0.298438 0.121875 0.020312 0.034375
0.0 0.344531 0.224219 0.031250 0.047656
0.0 0.718750 0.419531 0.024219 0.022656
0.0 0.742188 0.373437 0.014063 0.030469
0.0 0.632812 0.303125 0.014844 0.025000
0.0 0.671094 0.264844 0.014063 0.025781
0.0 0.510938 0.326562 0.011719 0.021875
0.0 0.423438 0.146094 0.012500 0.020312
0.0 0.800000 0.190625 0.017969 0.027344
0.0 0.793750 0.132031 0.013281 0.013281
0.0 0.650000 0.140625 0.014844 0.025000
0.0 0.822656 0.521875 0.016406 0.025781
0.0 0.620313 0.550781 0.008594 0.026562
