0.0 0.982097 0.218243 0.035805 0.050138
0.0 0.924717 0.385410 0.050191 0.092605
0.0 0.886760 0.380441 0.061653 0.116185
0.0 0.610940 0.519251 0.096467 0.097140
0.0 0.649179 0.209090 0.078428 0.122188
0.0 0.773682 0.178902 0.039200 0.066802
0.0 0.543008 0.436294 0.105799 0.104453
0.0 0.298935 0.045643 0.073476 0.091285
0.0 0.550698 0.630340 0.052650 0.163734
0.0 0.496141 0.613743 0.084301 0.149604
0.0 0.693488 0.821586 0.074059 0.071366
0.0 0.503464 0.870774 0.068977 0.079075
0.0 0.849988 0.938199 0.070737 0.098340
0.0 0.141130 0.472718 0.058270 0.084526
0.0 0.080331 0.263053 0.042907 0.071856
0.0 0.131547 0.757287 0.263094 0.418655
0.0 0.231859 0.568115 0.048966 0.065797
0.0 0.037227 0.676581 0.068504 0.145252
0.0 0.457440 0.686680 0.062476 0.075940
0.0 0.357170 0.682221 0.053411 0.064856
0.0 0.194867 0.730310 0.043746 0.066636
0.0 0.712770 0.571977 0.045239 0.089672
0.0 0.867999 0.740426 0.063636 0.108069
0.0 0.079872 0.525368 0.038352 0.054509
0.0 0.006489 0.721226 0.012979 0.037901
0.0 0.010618 0.819650 0.016617 0.028062
0.0 0.219631 0.137888 0.028189 0.069929
0.0 0.284301 0.281875 0.056076 0.073580
0.0 0.409021 0.147710 0.033870 0.049355
0.0 0.551202 0.989085 0.026890 0.021830
0.0 0.528275 0.970148 0.025017 0.057332
0.0 0.265838 0.940520 0.034755 0.067743
0.0 0.322114 0.811577 0.034580 0.054777
0.0 0.677336 0.932931 0.025572 0.020859
0.0 0.751082 0.899250 0.047278 0.058723
0.0 0.892534 0.853946 0.016552 0.033383
0.0 0.877650 0.847270 0.023053 0.036518
0.0 0.839518 0.855673 0.026862 0.042346
0.0 0.953026 0.783074 0.025442 0.031501
0.0 0.935900 0.745376 0.023220 0.031972
0.0 0.871735 0.531330 0.038242 0.036222
0.0 0.855042 0.502355 0.027093 0.032479
0.0 0.799434 0.499803 0.026870 0.059859
0.0 0.751609 0.491967 0.025479 0.037597
0.0 0.707573 0.449170 0.028817 0.045647
0.0 0.990548 0.496457 0.017806 0.048774
0.0 0.994076 0.310737 0.011848 0.033115
0.0 0.969266 0.340027 0.018949 0.045878
0.0 0.950075 0.107444 0.022546 0.032645
0.0 0.883078 0.113643 0.028189 0.069929
0.0 0.922796 0.099145 0.017797 0.031262
0.0 0.812048 0.246958 0.020591 0.029343
0.0 0.659539 0.743866 0.030541 0.058816
0.0 0.331249 0.940415 0.033031 0.054574
