0.0 0.465296 0.419022 0.068444 0.152934
0.0 0.594330 0.730236 0.041009 0.058611
0.0 0.605277 0.548427 0.042270 0.055647
0.0 0.568910 0.476708 0.073774 0.087151
0.0 0.338488 0.266538 0.053838 0.104532
0.0 0.328640 0.047445 0.032601 0.059356
0.0 0.724202 0.411377 0.043400 0.091981
0.0 0.710671 0.082070 0.052422 0.122126
0.0 0.657970 0.157906 0.030489 0.061468
0.0 0.562125 0.084476 0.033944 0.040984
0.0 0.485593 0.121956 0.024684 0.040878
0.0 0.514731 0.029762 0.026690 0.029506
0.0 0.272719 0.728802 0.028933 0.061321
0.0 0.200312 0.946380 0.058750 0.058750
0.0 0.714886 0.294351 0.016612 0.037030
0.0 0.777444 0.081333 0.019207 0.031880
0.0 0.534125 0.156374 0.015973 0.054698
0.0 0.522745 0.284780 0.062550 0.163937
0.0 0.584417 0.379299 0.085931 0.069033
0.0 0.686924 0.958379 0.109617 0.083243
0.0 0.514161 0.978412 0.034459 0.043176
0.0 0.308816 0.629420 0.022867 0.046101
0.0 0.783951 0.360536 0.029899 0.055246
0.0 0.734303 0.843160 0.025347 0.047878
0.0 0.670567 0.770418 0.032192 0.063171
1.0 0.424203 0.827906 0.126327 0.316429
0.0 0.344927 0.935754 0.044063 0.098981
