1.0 0.299152 0.450220 0.189936 0.198165
0.0 0.175942 0.080733 0.068854 0.098341
0.0 0.013703 0.359659 0.027405 0.046292
0.0 0.117549 0.200785 0.026081 0.059682
0.0 0.183584 0.816649 0.304420 0.366702
0.0 0.071311 0.803918 0.064578 0.120809
0.0 0.127351 0.562230 0.044544 0.080202
0.0 0.249309 0.806020 0.038534 0.068021
0.0 0.246556 0.640384 0.035952 0.052410
0.0 0.401531 0.728535 0.039273 0.061217
0.0 0.503025 0.701783 0.040754 0.080527
0.0 0.588203 0.622660 0.036915 0.152804
0.0 0.619092 0.489291 0.094299 0.086756
0.0 0.536252 0.419490 0.092406 0.103377
0.0 0.583231 0.160766 0.063295 0.090039
0.0 0.698278 0.101763 0.036404 0.056290
0.0 0.934976 0.018878 0.028736 0.037755
0.0 0.791430 0.012737 0.023572 0.025473
0.0 0.930938 0.080202 0.051256 0.045770
0.0 0.807264 0.423355 0.023248 0.061649
0.0 0.864021 0.404167 0.034273 0.044560
0.0 0.886527 0.435369 0.025557 0.042014
0.0 0.700875 0.387754 0.027597 0.052969
0.0 0.741560 0.514370 0.038949 0.065007
0.0 0.758338 0.421968 0.025972 0.039001
0.0 0.695322 0.481996 0.024112 0.029598
0.0 0.530199 0.617611 0.067250 0.137195
0.0 0.603431 0.882013 0.057195 0.077081
0.0 0.372111 0.986812 0.026694 0.026376
0.0 0.444047 0.987112 0.032595 0.025776
0.0 0.647687 0.964955 0.021947 0.043891
0.0 0.966194 0.848713 0.067612 0.087784
0.0 0.941475 0.650775 0.062646 0.097619
0.0 0.999386 0.645068 0.001228 0.055622
0.0 0.781333 0.781878 0.079555 0.085041
0.0 0.664066 0.828554 0.017723 0.027324
0.0 0.727657 0.712617 0.034978 0.063779
0.0 0.221579 0.331042 0.062014 0.092187
0.0 0.315828 0.154122 0.032143 0.032829
0.0 0.919691 0.943535 0.021838 0.023209
0.0 0.798755 0.897829 0.014529 0.026187
0.0 0.810718 0.858684 0.018770 0.029742
0.0 0.849014 0.856589 0.023824 0.040282
0.0 0.873087 0.840417 0.020593 0.032251
0.0 0.684917 0.940174 0.022236 0.033207
0.0 0.945145 0.776978 0.027343 0.037629
0.0 0.975210 0.751458 0.017111 0.041797
0.0 0.993569 0.756185 0.012861 0.037141
0.0 0.398525 0.864952 0.041348 0.046148
0.0 0.077185 0.638066 0.044742 0.068743
0.0 0.643325 0.738158 0.015071 0.030843
0.0 0.481799 0.952006 0.019546 0.029833
0.0 0.856386 0.696854 0.017958 0.022758
0.0 0.871360 0.304999 0.055662 0.096806
0.0 0.905503 0.267206 0.039131 0.099476
0.0 0.939121 0.211385 0.016984 0.034127
0.0 0.965291 0.233509 0.017580 0.032666
0.0 0.949924 0.398893 0.018861 0.030518
0.0 0.751700 0.155324 0.019402 0.035174
0.0 0.804638 0.265570 0.015847 0.030933
0.0 0.598948 0.431073 0.014024 0.028424
0.0 0.908515 0.550003 0.021369 0.032341
0.0 0.861362 0.624702 0.022289 0.027089
0.0 0.855310 0.187315 0.021242 0.024671
0.0 0.686947 0.781847 0.029725 0.031782
