0.0 0.362307 0.734091 0.305044 0.297304
0.0 0.803340 0.267508 0.391759 0.298103
0.0 0.546189 0.425353 0.250096 0.353041
0.0 0.844893 0.792148 0.309576 0.365306
4.0 0.409656 0.446142 0.035572 0.045634
4.0 0.301676 0.428386 0.043334 0.040238
4.0 0.331103 0.399989 0.041005 0.041779
4.0 0.277814 0.382511 0.035702 0.059696
1.0 0.223695 0.359571 0.072887 0.110814
1.0 0.165380 0.474956 0.145893 0.149763
1.0 0.154529 0.653970 0.171179 0.181242
4.0 0.293120 0.093295 0.032498 0.051074
1.0 0.180250 0.053708 0.125923 0.101928
1.0 0.607626 0.055892 0.150242 0.111784
1.0 0.488845 0.052662 0.121272 0.105323
1.0 0.395592 0.191574 0.115983 0.125271
1.0 0.500426 0.207015 0.163709 0.133523
1.0 0.677281 0.746815 0.182476 0.220403
1.0 0.739477 0.543890 0.192366 0.191592
1.0 0.683235 0.884266 0.129120 0.109769
4.0 0.164907 0.847633 0.034741 0.040159
4.0 0.136357 0.377563 0.040159 0.034741
4.0 0.380395 0.322969 0.069445 0.076411
4.0 0.302958 0.228366 0.059117 0.057569
4.0 0.295510 0.183120 0.072246 0.041285
4.0 0.182986 0.181032 0.025352 0.038510
4.0 0.202113 0.137104 0.048810 0.041069
4.0 0.115520 0.151183 0.038611 0.036289
4.0 0.110973 0.251229 0.040245 0.044115
4.0 0.373848 0.036299 0.056888 0.070046
4.0 0.363503 0.524696 0.049785 0.062170
4.0 0.317941 0.328232 0.020679 0.040029
4.0 0.304346 0.548679 0.029373 0.051045
4.0 0.732379 0.112687 0.044130 0.041808
4.0 0.944197 0.122455 0.048997 0.061381
4.0 0.350559 0.900612 0.065388 0.059970
4.0 0.552502 0.771403 0.048165 0.055905
