0.0 0.805083 0.257724 0.303123 0.485826
4.0 0.942846 0.455270 0.114307 0.193519
4.0 0.194223 0.401643 0.067501 0.065168
4.0 0.335607 0.890615 0.065297 0.094063
4.0 0.301690 0.795918 0.062745 0.051083
4.0 0.204725 0.814199 0.056544 0.061209
4.0 0.064461 0.739300 0.074607 0.080827
4.0 0.442018 0.857536 0.075340 0.070675
4.0 0.666974 0.867219 0.061391 0.094044
4.0 0.576376 0.861312 0.063636 0.073743
4.0 0.639139 0.645988 0.079662 0.156630
1.0 0.451995 0.733364 0.113157 0.136481
1.0 0.210245 0.642349 0.155650 0.199965
