0.0 0.428007 0.546307 0.090456 0.098074
0.0 0.510879 0.687419 0.070923 0.137407
0.0 0.737275 0.651885 0.065537 0.087698
0.0 0.423912 0.624547 0.108229 0.070832
0.0 0.240434 0.106140 0.248019 0.184998
0.0 0.272654 0.091647 0.030953 0.044804
0.0 0.383645 0.107909 0.030176 0.044719
0.0 0.338441 0.328909 0.034752 0.044448
0.0 0.364510 0.482463 0.051905 0.053982
3.0 0.516426 0.201965 0.126512 0.232470
0.0 0.758391 0.056300 0.068831 0.082682
0.0 0.717109 0.262730 0.029924 0.042389
0.0 0.162576 0.373898 0.013755 0.020680
0.0 0.594061 0.809638 0.027088 0.037477
0.0 0.512663 0.856177 0.042791 0.040713
0.0 0.335368 0.887962 0.049673 0.111309
0.0 0.787241 0.837425 0.034331 0.040564
0.0 0.576846 0.890085 0.024441 0.027211
0.0 0.288095 0.981097 0.026687 0.026687
0.0 0.401314 0.996086 0.023159 0.007828
0.0 0.683697 0.969662 0.018311 0.027315
0.0 0.557031 0.562187 0.077699 0.122022
0.0 0.528474 0.784526 0.017975 0.024208
0.0 0.383969 0.814329 0.029568 0.046189
0.0 0.258980 0.900955 0.018311 0.027315
0.0 0.219240 0.730022 0.017114 0.023347
0.0 0.288994 0.713820 0.017871 0.030337
0.0 0.199471 0.670870 0.020997 0.023768
0.0 0.239627 0.657089 0.017282 0.024900
0.0 0.269666 0.651477 0.018331 0.020408
0.0 0.251664 0.608635 0.053549 0.083329
0.0 0.593133 0.960616 0.016085 0.020933
0.0 0.754343 0.910929 0.016253 0.022486
0.0 0.190384 0.427464 0.015813 0.025509
0.0 0.245818 0.315371 0.035781 0.046862
0.0 0.152178 0.263438 0.026163 0.028933
