0.0 0.489832 0.609600 0.063919 0.123966
0.0 0.454567 0.423361 0.080337 0.115064
0.0 0.388734 0.510316 0.090574 0.084786
0.0 0.476181 0.867483 0.054447 0.067469
0.0 0.857617 0.779864 0.274140 0.407257
0.0 0.788256 0.740968 0.027058 0.042251
0.0 0.949002 0.710662 0.050947 0.105207
0.0 0.857459 0.493206 0.038250 0.068636
0.0 0.760845 0.587847 0.029396 0.042418
0.0 0.634343 0.691677 0.032903 0.048096
0.0 0.535097 0.683901 0.032740 0.067466
0.0 0.439349 0.626529 0.035479 0.138211
0.0 0.445906 0.893148 0.011414 0.018648
0.0 0.297237 0.917107 0.018985 0.026943
0.0 0.291097 0.809458 0.075042 0.073596
0.0 0.277138 0.887999 0.017091 0.022156
0.0 0.242128 0.891289 0.018986 0.037797
0.0 0.215575 0.881441 0.022325 0.030283
0.0 0.405096 0.837326 0.016759 0.028334
0.0 0.931065 0.285075 0.031957 0.045703
0.0 0.800962 0.152621 0.024722 0.052937
0.0 0.728082 0.045955 0.053562 0.091909
0.0 0.610487 0.150593 0.031233 0.046426
0.0 0.557060 0.202979 0.019208 0.030060
0.0 0.364136 0.199560 0.060015 0.080272
0.0 0.246573 0.165681 0.027727 0.051602
0.0 0.204669 0.225859 0.014086 0.023491
0.0 0.294597 0.431681 0.022939 0.038855
0.0 0.322108 0.520568 0.019264 0.030839
0.0 0.249073 0.474103 0.023050 0.040413
0.0 0.279922 0.554919 0.026615 0.057724
0.0 0.082402 0.356016 0.035246 0.080825
0.0 0.176746 0.339079 0.019208 0.030060
0.0 0.121257 0.373599 0.042368 0.061178
0.0 0.202036 0.462589 0.015868 0.026720
0.0 0.146711 0.477515 0.033958 0.030341
0.0 0.127179 0.511027 0.022660 0.034959
0.0 0.011117 0.465292 0.020378 0.035570
0.0 0.026434 0.186925 0.041196 0.044813
0.0 0.143025 0.065006 0.018261 0.027666
0.0 0.102394 0.077314 0.019154 0.040134
0.0 0.071168 0.078767 0.021043 0.023214
0.0 0.010374 0.104493 0.020749 0.074812
0.0 0.136305 0.835422 0.016091 0.029837
0.0 0.101514 0.819898 0.017205 0.034568
0.0 0.107370 0.890754 0.025723 0.045256
0.0 0.132533 0.914017 0.030789 0.051046
0.0 0.112053 0.934281 0.020712 0.040246
0.0 0.115302 0.717088 0.053504 0.086783
0.0 0.049788 0.720995 0.028005 0.044644
0.0 0.190213 0.990887 0.020099 0.018226
0.0 0.215374 0.998887 0.014142 0.002227
0.0 0.407729 0.939743 0.016535 0.025217
0.0 0.446249 0.952650 0.018873 0.025384
0.0 0.444027 0.976307 0.017703 0.019874
0.0 0.420318 0.991647 0.019541 0.016705
0.0 0.657743 0.821588 0.028561 0.041583
0.0 0.703683 0.938136 0.023495 0.035794
0.0 0.633829 0.947053 0.015700 0.024382
0.0 0.651865 0.958294 0.018483 0.019930
0.0 0.328377 0.728464 0.030398 0.045591
0.0 0.185541 0.680730 0.018150 0.026108
0.0 0.207036 0.740284 0.020432 0.025496
0.0 0.116486 0.131916 0.014977 0.025105
