0.0 0.659539 0.937630 0.059384 0.124740
0.0 0.727410 0.944790 0.013707 0.049511
0.0 0.548559 0.845049 0.017823 0.058199
0.0 0.508464 0.918303 0.037803 0.045421
0.0 0.459689 0.963211 0.029558 0.059268
0.0 0.492934 0.850714 0.020986 0.059837
0.0 0.440734 0.876000 0.027003 0.050619
0.0 0.279358 0.923608 0.031881 0.058544
0.0 0.496316 0.713255 0.057637 0.153624
0.0 0.454361 0.576244 0.062854 0.143605
0.0 0.570949 0.633817 0.090912 0.046727
0.0 0.612819 0.456668 0.046951 0.068282
0.0 0.565029 0.525044 0.081912 0.093339
0.0 0.715328 0.610017 0.047861 0.136992
0.0 0.628153 0.278085 0.038680 0.049345
0.0 0.312740 0.710302 0.063417 0.103031
0.0 0.617116 0.853769 0.032323 0.076508
0.0 0.770043 0.673100 0.021459 0.047360
0.0 0.746618 0.735824 0.030658 0.040562
0.0 0.692101 0.728231 0.012618 0.036996
0.0 0.778562 0.295071 0.023086 0.081744
0.0 0.749770 0.067731 0.103787 0.125879
0.0 0.774396 0.178527 0.029711 0.065516
0.0 0.253756 0.029834 0.053923 0.059669
0.0 0.573268 0.031348 0.026926 0.047495
0.0 0.401022 0.045894 0.053072 0.091788
0.0 0.303220 0.239613 0.020205 0.059818
1.0 0.469577 0.149365 0.104186 0.298729
0.0 0.707119 0.784868 0.022675 0.033341
0.0 0.698329 0.824507 0.018694 0.030120
0.0 0.657422 0.771923 0.019359 0.025454
0.0 0.637072 0.709685 0.017324 0.037892
0.0 0.585030 0.887365 0.023360 0.029455
0.0 0.702964 0.254918 0.035633 0.052392
0.0 0.755342 0.381244 0.016447 0.033968
