3.0 0.717106 0.402888 0.219322 0.196625
0.0 0.493002 0.600005 0.083872 0.129916
0.0 0.437675 0.431616 0.109399 0.124963
0.0 0.361285 0.518160 0.115347 0.086812
0.0 0.427111 0.618422 0.064394 0.135081
0.0 0.253870 0.797145 0.096148 0.089015
0.0 0.552341 0.654625 0.055941 0.077341
0.0 0.674631 0.652533 0.034483 0.037077
0.0 0.827746 0.541099 0.034450 0.041583
0.0 0.850928 0.805591 0.084979 0.136859
0.0 0.862443 0.684297 0.015442 0.035545
0.0 0.243591 0.469679 0.037379 0.045810
0.0 0.486486 0.832050 0.067245 0.063354
0.0 0.448905 0.824593 0.014212 0.027830
0.0 0.452618 0.862766 0.017208 0.023045
0.0 0.397717 0.816140 0.018874 0.024062
0.0 0.265198 0.902931 0.023906 0.022609
0.0 0.238676 0.875515 0.014804 0.017398
0.0 0.404550 0.903656 0.019120 0.025605
0.0 0.453759 0.919544 0.028557 0.037636
0.0 0.297543 0.723728 0.034785 0.048404
0.0 0.276755 0.538757 0.017980 0.023168
0.0 0.225355 0.578596 0.031140 0.053838
0.0 0.183458 0.509329 0.025594 0.037916
0.0 0.393691 0.731342 0.020663 0.025851
0.0 0.688453 0.878171 0.018997 0.024834
0.0 0.707518 0.888580 0.016224 0.016873
0.0 0.774862 0.864394 0.023962 0.032392
0.0 0.710054 0.765553 0.039045 0.046827
0.0 0.314746 0.251062 0.075631 0.078225
0.0 0.163709 0.231631 0.036082 0.047107
0.0 0.554740 0.223084 0.020753 0.031129
0.0 0.618551 0.171772 0.041114 0.045653
0.0 0.751138 0.075478 0.050686 0.091541
0.0 0.638999 0.860740 0.018628 0.022519
0.0 0.365236 0.850590 0.020697 0.021345
0.0 0.292231 0.620939 0.021927 0.029060
0.0 0.273189 0.625557 0.020104 0.031777
0.0 0.517456 0.683921 0.017734 0.021625
