0.0 0.582076 0.619644 0.039896 0.142513
0.0 0.530289 0.612353 0.076333 0.137763
0.0 0.614332 0.489142 0.099168 0.090093
0.0 0.530694 0.408136 0.099110 0.142390
1.0 0.299188 0.448204 0.172212 0.172910
0.0 0.698957 0.387074 0.028354 0.036731
0.0 0.863341 0.412738 0.032543 0.032543
0.0 0.962699 0.162320 0.016818 0.059400
0.0 0.941037 0.219497 0.019725 0.035083
0.0 0.907623 0.269232 0.038781 0.086251
0.0 0.870517 0.298140 0.046748 0.066294
0.0 0.941874 0.018100 0.026569 0.036200
0.0 0.933640 0.085180 0.044374 0.042978
0.0 0.701472 0.103327 0.032269 0.052513
0.0 0.587542 0.164404 0.064747 0.091972
0.0 0.802149 0.405620 0.016984 0.023266
0.0 0.756004 0.422884 0.019884 0.036638
0.0 0.889047 0.441532 0.024468 0.036335
0.0 0.758403 0.161138 0.018394 0.029563
0.0 0.772905 0.781612 0.080090 0.068921
0.0 0.939032 0.654752 0.059464 0.092972
0.0 0.996915 0.645534 0.006169 0.035637
0.0 0.980950 0.835027 0.026656 0.042711
0.0 0.956438 0.864223 0.036407 0.062934
0.0 0.981166 0.867987 0.012162 0.021237
0.0 0.985174 0.891923 0.016523 0.026296
0.0 0.973272 0.759635 0.015918 0.035465
0.0 0.938800 0.783564 0.020265 0.032831
0.0 0.739458 0.514878 0.029793 0.058414
0.0 0.591414 0.880980 0.059580 0.071447
0.0 0.659120 0.836391 0.018459 0.022647
0.0 0.629002 0.903067 0.016984 0.023266
0.0 0.866697 0.846662 0.023374 0.033147
0.0 0.840761 0.861868 0.020898 0.039048
0.0 0.804850 0.863955 0.016350 0.017049
0.0 0.787189 0.898736 0.017919 0.024900
0.0 0.675865 0.939129 0.017221 0.025598
0.0 0.641249 0.969354 0.026260 0.038825
0.0 0.693149 0.484256 0.023756 0.029340
0.0 0.719436 0.703816 0.032334 0.045597
0.0 0.496551 0.697459 0.037673 0.075369
0.0 0.394683 0.722754 0.029937 0.052276
0.0 0.169537 0.816700 0.309895 0.366599
0.0 0.242461 0.801080 0.030700 0.044662
0.0 0.243254 0.639229 0.031715 0.047072
0.0 0.126498 0.556885 0.044352 0.072973
0.0 0.072523 0.628346 0.044100 0.062948
0.0 0.066541 0.800934 0.056384 0.108042
0.0 0.013561 0.351249 0.027122 0.046612
0.0 0.178872 0.076450 0.059083 0.096779
0.0 0.321277 0.156182 0.035601 0.047468
0.0 0.122651 0.195258 0.026763 0.058875
0.0 0.366729 0.989877 0.019409 0.020246
0.0 0.474548 0.951778 0.018222 0.020316
0.0 0.441660 0.988429 0.018315 0.023142
0.0 0.426907 0.995498 0.015033 0.009004
0.0 0.640518 0.738553 0.019869 0.028944
0.0 0.860014 0.634529 0.019934 0.022029
0.0 0.850485 0.695182 0.018999 0.020395
0.0 0.804856 0.270274 0.020330 0.025915
0.0 0.392451 0.862763 0.027670 0.045122
0.0 0.905108 0.552978 0.021266 0.027548
0.0 0.908868 0.952308 0.017984 0.017984
0.0 0.911791 0.125099 0.017840 0.024123
0.0 0.905552 0.156361 0.018380 0.021870
0.0 0.831104 0.042223 0.020726 0.029801
0.0 0.979523 0.350647 0.014745 0.031499
