0.0 0.508594 0.304688 0.053125 0.146875
0.0 0.328125 0.303125 0.047656 0.089063
0.0 0.726562 0.925000 0.112500 0.142187
0.0 0.661719 0.087500 0.036719 0.126562
0.0 0.559375 0.474219 0.065625 0.067187
0.0 0.565625 0.382031 0.074219 0.041406
0.0 0.300781 0.093750 0.028125 0.052344
0.0 0.520312 0.104687 0.035937 0.041406
0.0 0.447656 0.148438 0.024219 0.049219
0.0 0.704688 0.406250 0.032031 0.092969
0.0 0.600781 0.539062 0.038281 0.068750
0.0 0.250000 0.948438 0.054688 0.103125
0.0 0.610938 0.710156 0.022656 0.053906
0.0 0.640625 0.977344 0.027344 0.045313
1.0 0.405469 0.663281 0.157031 0.492969
0.0 0.460156 0.429688 0.054688 0.128125
0.0 0.617969 0.170312 0.025781 0.069531
0.0 0.556250 0.953125 0.025000 0.056250
