0.0 0.585847 0.391334 0.041084 0.136537
0.0 0.534470 0.390851 0.075053 0.128583
0.0 0.608068 0.516878 0.094319 0.094964
0.0 0.527360 0.584427 0.088485 0.109768
0.0 0.509816 0.309240 0.039495 0.071742
0.0 0.682474 0.613747 0.028018 0.042851
0.0 0.414040 0.280123 0.034297 0.049131
0.0 0.213900 0.177988 0.311045 0.355975
0.0 0.276232 0.198219 0.034564 0.046173
0.0 0.109485 0.186788 0.058765 0.116165
0.0 0.153757 0.424389 0.049770 0.074923
0.0 0.266566 0.354172 0.033637 0.054276
0.0 0.729252 0.497110 0.036707 0.059280
0.0 0.774344 0.250372 0.080136 0.067882
0.0 0.843093 0.178492 0.021990 0.038114
0.0 0.808791 0.175258 0.019217 0.021152
0.0 0.797249 0.139332 0.021767 0.027572
0.0 0.609491 0.145047 0.054818 0.064493
0.0 0.670125 0.190584 0.017786 0.026170
0.0 0.645011 0.126315 0.017141 0.026815
0.0 0.781469 0.603809 0.018935 0.028610
0.0 0.740309 0.584414 0.024303 0.038492
0.0 0.682448 0.521915 0.022427 0.022427
0.0 0.719977 0.321437 0.030583 0.044772
0.0 0.982362 0.275676 0.024332 0.029492
0.0 0.959513 0.279856 0.019692 0.033236
0.0 0.972022 0.213030 0.028144 0.043622
0.0 0.979586 0.166769 0.020826 0.040175
0.0 0.954201 0.181618 0.038501 0.061074
0.0 0.986304 0.388044 0.027392 0.037706
0.0 0.931194 0.259393 0.017645 0.029899
0.0 0.920009 0.381058 0.055924 0.080432
0.0 0.863710 0.575300 0.028677 0.037706
0.0 0.841957 0.601825 0.038196 0.036261
0.0 0.865230 0.193194 0.021248 0.028988
0.0 0.916410 0.088360 0.021500 0.030530
0.0 0.897343 0.069410 0.018179 0.023984
0.0 0.691659 0.092777 0.020477 0.028862
0.0 0.692002 0.037420 0.019454 0.027194
0.0 0.659707 0.060638 0.022858 0.048011
0.0 0.472225 0.030776 0.018164 0.028484
0.0 0.403746 0.023537 0.022650 0.032969
0.0 0.505088 0.067022 0.024837 0.032576
0.0 0.422252 0.152431 0.035587 0.047841
0.0 0.460883 0.017838 0.015992 0.024376
0.0 0.032188 0.611126 0.039442 0.048471
0.0 0.173681 0.888372 0.066378 0.107655
0.0 0.128344 0.763799 0.026432 0.056099
0.0 0.312030 0.812039 0.032236 0.050295
0.0 0.373705 0.778584 0.019832 0.029507
0.0 0.563292 0.824623 0.064264 0.085547
0.0 0.669823 0.884789 0.034661 0.055944
0.0 0.924736 0.831473 0.031310 0.058398
0.0 0.902133 0.790571 0.028284 0.039893
0.0 0.872688 0.738259 0.038947 0.082158
0.0 0.840752 0.710872 0.050318 0.064507
0.0 0.722329 0.834793 0.014954 0.027208
0.0 0.886460 0.978288 0.035989 0.043424
0.0 0.930789 0.920333 0.017660 0.025399
0.0 0.888902 0.915068 0.050896 0.045091
0.0 0.819314 0.993583 0.026616 0.012834
0.0 0.967186 0.644466 0.021612 0.035801
0.0 0.776074 0.728796 0.019959 0.030278
0.0 0.787717 0.995039 0.018024 0.009922
0.0 0.786645 0.949804 0.021641 0.026801
0.0 0.745986 0.997453 0.024332 0.005094
0.0 0.847229 0.395282 0.018683 0.027068
0.0 0.841263 0.334934 0.019454 0.027194
