1.0 0.270312 0.438281 0.195312 0.167969
0.0 0.522656 0.597656 0.065625 0.121094
0.0 0.550781 0.422656 0.092969 0.111719
0.0 0.639844 0.496094 0.105469 0.071094
0.0 0.590625 0.605469 0.044531 0.129687
0.0 0.789844 0.754688 0.085156 0.076562
0.0 0.472656 0.660937 0.045313 0.071094
0.0 0.351562 0.678125 0.029688 0.032812
0.0 0.182812 0.592187 0.028906 0.037500
0.0 0.201562 0.857031 0.065625 0.128125
0.0 0.171094 0.739062 0.010156 0.034375
0.0 0.748438 0.429688 0.031250 0.041406
0.0 0.565625 0.825781 0.059375 0.054688
0.0 0.601562 0.812500 0.010156 0.026563
0.0 0.603906 0.850781 0.014063 0.021094
0.0 0.650781 0.796094 0.015625 0.021875
0.0 0.795313 0.860938 0.021094 0.019531
0.0 0.817187 0.829688 0.012500 0.015625
0.0 0.657812 0.883594 0.015625 0.023438
0.0 0.611719 0.907031 0.023438 0.034375
0.0 0.735156 0.689063 0.028125 0.044531
0.0 0.726562 0.503125 0.014844 0.021094
0.0 0.783594 0.534375 0.023438 0.050781
0.0 0.814062 0.459375 0.020313 0.035156
0.0 0.641406 0.711719 0.017187 0.023438
0.0 0.373437 0.903125 0.015625 0.022656
0.0 0.356250 0.916406 0.014063 0.014844
0.0 0.285937 0.903125 0.019531 0.029687
0.0 0.334375 0.795312 0.032812 0.042188
0.0 0.643750 0.225000 0.065625 0.068750
0.0 0.789844 0.182031 0.029688 0.042969
0.0 0.402344 0.235156 0.016406 0.028906
0.0 0.331250 0.194531 0.035156 0.040625
0.0 0.185156 0.120313 0.037500 0.086719
0.0 0.419531 0.878125 0.015625 0.020312
0.0 0.688281 0.825000 0.017969 0.018750
0.0 0.724219 0.586719 0.017969 0.026563
0.0 0.743750 0.588281 0.015625 0.029688
0.0 0.511719 0.684375 0.014844 0.019531
