0.0 0.535262 0.423203 0.095163 0.111388
0.0 0.624029 0.488996 0.099850 0.088817
0.0 0.694876 0.377277 0.042617 0.064682
0.0 0.683433 0.091153 0.036797 0.051724
0.0 0.568158 0.167214 0.067336 0.097189
0.0 0.165549 0.092746 0.048941 0.095019
0.0 0.623826 0.871105 0.077474 0.085262
0.0 0.680036 0.826577 0.020126 0.027265
0.0 0.789152 0.766525 0.078794 0.065165
0.0 0.813431 0.884489 0.026104 0.036487
0.0 0.822243 0.840372 0.020897 0.027387
0.0 0.670942 0.958545 0.030293 0.043922
0.0 0.700479 0.925375 0.020580 0.034858
0.0 0.465300 0.986828 0.037922 0.026345
0.0 0.502747 0.950461 0.027892 0.038276
0.0 0.510304 0.699289 0.042631 0.078974
0.0 0.411031 0.731674 0.034447 0.055863
0.0 0.312630 0.936311 0.088961 0.127378
0.0 0.270590 0.823599 0.022614 0.038189
0.0 0.252231 0.653276 0.038622 0.049006
0.0 0.303307 0.168159 0.039026 0.046814
0.0 0.216069 0.341020 0.064322 0.087685
0.0 0.703659 0.641674 0.028959 0.049727
0.0 0.711512 0.571605 0.031959 0.044939
0.0 0.741668 0.507485 0.034007 0.062562
0.0 0.689035 0.469967 0.027034 0.032875
0.0 0.750913 0.406344 0.026277 0.047044
0.0 0.734702 0.697653 0.042004 0.060824
0.0 0.594665 0.617856 0.043511 0.146051
0.0 0.533293 0.614950 0.069816 0.141205
0.0 0.415386 0.868624 0.041391 0.056967
0.0 0.695215 0.772748 0.024755 0.028000
0.0 0.651999 0.729777 0.023212 0.027755
0.0 0.393299 0.991221 0.027733 0.017558
0.0 0.741062 0.638105 0.023594 0.044362
0.0 0.594074 0.424934 0.018986 0.024827
0.0 0.714381 0.853554 0.014040 0.031562
0.0 0.737269 0.833305 0.017076 0.022267
0.0 0.541304 0.710185 0.016600 0.033473
3.0 0.299038 0.459943 0.195662 0.199556
