0.0 0.434375 0.529688 0.067187 0.072656
0.0 0.491406 0.710938 0.047656 0.147656
0.0 0.543750 0.570312 0.059375 0.130469
0.0 0.674219 0.700000 0.049219 0.088281
0.0 0.432031 0.625781 0.078125 0.034375
0.0 0.271094 0.060938 0.103906 0.121875
0.0 0.354688 0.021094 0.025000 0.039062
0.0 0.388281 0.288281 0.025781 0.048437
0.0 0.384375 0.513281 0.015625 0.017969
0.0 0.397656 0.462500 0.035156 0.047656
0.0 0.691406 0.259375 0.022656 0.046875
0.0 0.664844 0.360156 0.018750 0.025000
0.0 0.747656 0.042188 0.053125 0.077344
0.0 0.700000 0.907031 0.025000 0.045313
0.0 0.664844 0.989062 0.017187 0.021094
0.0 0.546875 0.855469 0.021094 0.038281
0.0 0.478125 0.894531 0.029688 0.035938
0.0 0.527344 0.943750 0.021094 0.025781
0.0 0.258594 0.721094 0.012500 0.021875
0.0 0.227344 0.703906 0.015625 0.028125
0.0 0.274219 0.919531 0.014844 0.023438
0.0 0.293750 0.946875 0.013281 0.020313
0.0 0.337500 0.909375 0.030469 0.121875
0.0 0.244531 0.657031 0.024219 0.030469
0.0 0.279687 0.646875 0.013281 0.024219
0.0 0.303125 0.639844 0.016406 0.016406
0.0 0.295312 0.590625 0.036719 0.087500
0.0 0.296094 0.767187 0.014063 0.021094
0.0 0.314844 0.712500 0.012500 0.026562
0.0 0.380469 0.832031 0.022656 0.046094
0.0 0.410156 0.865625 0.017969 0.021094
0.0 0.443750 0.842188 0.014063 0.017969
0.0 0.447656 0.819531 0.014844 0.017969
0.0 0.498438 0.818750 0.015625 0.026562
0.0 0.315625 0.264844 0.022656 0.041406
0.0 0.247656 0.194531 0.017969 0.034375
0.0 0.245312 0.321875 0.013281 0.022656
0.0 0.263281 0.385938 0.014063 0.025000
0.0 0.237500 0.293750 0.012500 0.022656
0.0 0.231250 0.180469 0.013281 0.024219
0.0 0.441406 0.050781 0.023438 0.048438
