0.0 0.258215 0.870575 0.034444 0.064100
0.0 0.382380 0.821222 0.059478 0.095377
0.0 0.776271 0.951263 0.050886 0.096930
0.0 0.842558 0.841035 0.023510 0.066432
0.0 0.972086 0.694019 0.036787 0.062540
0.0 0.873417 0.480845 0.050091 0.083648
0.0 0.863731 0.194212 0.271515 0.388424
0.0 0.939745 0.408898 0.037583 0.076603
0.0 0.958308 0.236221 0.051685 0.112556
0.0 0.787199 0.222344 0.029729 0.038313
0.0 0.625548 0.285020 0.031319 0.063315
0.0 0.520878 0.300758 0.036797 0.071915
0.0 0.428758 0.363358 0.031416 0.153159
0.0 0.484249 0.383611 0.050140 0.128960
0.0 0.376557 0.495446 0.086822 0.095407
0.0 0.455554 0.578955 0.076675 0.103989
0.0 0.072071 0.680933 0.026668 0.097685
0.0 0.112672 0.658233 0.049293 0.068022
0.0 0.025400 0.868484 0.043821 0.065672
0.0 0.075518 0.977024 0.032850 0.034411
0.0 0.081032 0.299673 0.061046 0.100066
0.0 0.011621 0.301311 0.023241 0.036744
0.0 0.069092 0.095780 0.049330 0.102397
0.0 0.196447 0.105798 0.012558 0.053139
0.0 0.250440 0.186208 0.064136 0.068038
0.0 0.301307 0.265059 0.025860 0.072684
0.0 0.440977 0.104751 0.064917 0.067258
0.0 0.408849 0.015724 0.026596 0.031279
0.0 0.367473 0.043112 0.015681 0.051579
0.0 0.338641 0.111894 0.019552 0.019552
0.0 0.374605 0.136073 0.018791 0.037520
0.0 0.134622 0.008209 0.010954 0.015637
0.0 0.168336 0.119110 0.020346 0.031272
0.0 0.243305 0.090122 0.032103 0.065660
0.0 0.616661 0.014791 0.038313 0.029581
0.0 0.682288 0.017093 0.018787 0.034187
0.0 0.767845 0.385647 0.035213 0.052382
0.0 0.759589 0.696593 0.055548 0.073498
0.0 0.645707 0.863123 0.031309 0.054721
0.0 0.236002 0.559662 0.014909 0.060172
0.0 0.288376 0.586948 0.035198 0.038319
0.0 0.263236 0.458851 0.032103 0.066441
0.0 0.309364 0.490051 0.021913 0.035180
0.0 0.114080 0.516044 0.030505 0.033627
0.0 0.128961 0.550403 0.027375 0.028936
0.0 0.011044 0.598187 0.021917 0.038305
0.0 0.153628 0.963462 0.026642 0.073076
0.0 0.010650 0.955143 0.020410 0.089714
0.0 0.090272 0.175445 0.016447 0.037518
0.0 0.029351 0.190354 0.032077 0.042222
0.0 0.055132 0.190326 0.018786 0.032833
0.0 0.169276 0.265203 0.018000 0.028926
0.0 0.642588 0.149064 0.028193 0.062530
0.0 0.151382 0.333972 0.020344 0.028928
0.0 0.170530 0.700358 0.017228 0.037519
0.0 0.209712 0.810472 0.014871 0.025016
0.0 0.112789 0.766045 0.012528 0.025795
0.0 0.032285 0.734102 0.014108 0.042203
0.0 0.004996 0.784912 0.009427 0.047666
3.0 0.693833 0.576352 0.160352 0.180642
