1.0 0.587491 0.837215 0.153510 0.305190
0.0 0.320889 0.942169 0.157356 0.115661
0.0 0.809787 0.920450 0.088537 0.090533
0.0 0.407899 0.732217 0.057900 0.093824
0.0 0.431664 0.479599 0.069707 0.102305
0.0 0.391457 0.558600 0.060280 0.072920
0.0 0.537191 0.433255 0.086295 0.101596
0.0 0.469735 0.289665 0.055569 0.136732
0.0 0.406737 0.380537 0.083954 0.068652
0.0 0.266177 0.430213 0.051740 0.082342
0.0 0.263344 0.083501 0.058506 0.114388
0.0 0.650748 0.275342 0.066302 0.094243
0.0 0.647961 0.035912 0.043101 0.047757
0.0 0.490987 0.109188 0.026557 0.032545
0.0 0.414046 0.083681 0.033427 0.027439
