0.0 0.260685 0.922565 0.077156 0.079186
0.0 0.276761 0.360597 0.057324 0.091156
0.0 0.224398 0.190052 0.034579 0.050142
0.0 0.254295 0.115380 0.015254 0.024050
0.0 0.408349 0.206077 0.025341 0.031431
0.0 0.483977 0.330355 0.065713 0.121198
0.0 0.471667 0.227177 0.019055 0.035971
0.0 0.485017 0.164844 0.043868 0.045221
0.0 0.423225 0.130949 0.023028 0.037238
0.0 0.574736 0.462162 0.090540 0.088510
0.0 0.573238 0.388325 0.090271 0.050349
0.0 0.735736 0.384235 0.064299 0.092042
0.0 0.787480 0.332778 0.030656 0.025243
0.0 0.760442 0.281084 0.020593 0.030066
0.0 0.803573 0.285846 0.018193 0.041199
0.0 0.697488 0.095346 0.022339 0.031812
0.0 0.694574 0.041377 0.026682 0.023976
0.0 0.679875 0.008764 0.015832 0.017528
0.0 0.651920 0.133418 0.054567 0.117495
0.0 0.612993 0.198999 0.043313 0.058876
0.0 0.449207 0.441084 0.073243 0.108428
0.0 0.445754 0.358045 0.025526 0.026879
0.0 0.299850 0.728588 0.033029 0.049945
0.0 0.423774 0.873510 0.051923 0.102672
0.0 0.351064 0.995801 0.035416 0.008399
0.0 0.619020 0.866838 0.029252 0.050228
0.0 0.763704 0.871309 0.261952 0.225414
0.0 0.725247 0.878554 0.026128 0.037631
0.0 0.832502 0.718460 0.019436 0.032969
0.0 0.828348 0.623697 0.021773 0.039366
0.0 0.658062 0.659489 0.031849 0.040645
0.0 0.629294 0.513513 0.050855 0.052208
0.0 0.744914 0.673665 0.026152 0.049835
0.0 0.318809 0.052852 0.015352 0.024825
0.0 0.531332 0.213303 0.021293 0.041593
0.0 0.636375 0.314946 0.018661 0.032871
0.0 0.665643 0.266342 0.023791 0.031234
0.0 0.696815 0.300974 0.017111 0.032674
0.0 0.148451 0.050852 0.040436 0.024197
0.0 0.544011 0.005646 0.010493 0.011292
0.0 0.589688 0.021615 0.020101 0.026190
0.0 0.723789 0.116420 0.014872 0.027052
0.0 0.569937 0.182414 0.015954 0.035577
0.0 0.407986 0.066732 0.013987 0.020077
0.0 0.319832 0.637849 0.018551 0.025994
