0.0 0.562500 0.469531 0.068750 0.079687
0.0 0.506250 0.289844 0.053906 0.151562
0.0 0.328125 0.297656 0.049219 0.093750
0.0 0.458594 0.424219 0.060938 0.135937
0.0 0.732031 0.938281 0.106250 0.123438
0.0 0.570312 0.374219 0.082031 0.067969
0.0 0.611719 0.714063 0.026562 0.047656
0.0 0.606250 0.538281 0.035938 0.051562
0.0 0.646094 0.980469 0.028125 0.039062
0.0 0.558594 0.951563 0.026562 0.043750
0.0 0.309375 0.740625 0.025781 0.050000
0.0 0.253125 0.958594 0.059375 0.082031
0.0 0.453125 0.145312 0.019531 0.039062
0.0 0.473437 0.057031 0.023438 0.032031
0.0 0.521875 0.102344 0.027344 0.040625
0.0 0.300000 0.093750 0.028906 0.044531
0.0 0.334375 0.014844 0.017969 0.025000
0.0 0.664844 0.089844 0.032812 0.125781
0.0 0.708594 0.055469 0.014063 0.026562
0.0 0.725781 0.083594 0.016406 0.026562
0.0 0.686719 0.292188 0.017187 0.029688
0.0 0.705469 0.234375 0.014063 0.021094
0.0 0.740625 0.282031 0.017969 0.032031
0.0 0.705469 0.410156 0.038281 0.085938
0.0 0.694531 0.357813 0.012500 0.010937
0.0 0.720312 0.355469 0.016406 0.021094
0.0 0.619531 0.167969 0.021875 0.038281
0.0 0.756250 0.680469 0.014844 0.028125
0.0 0.687500 0.735937 0.025781 0.045313
0.0 0.332031 0.642969 0.018750 0.029688
0.0 0.503125 0.184375 0.015625 0.025781
0.0 0.774219 0.296875 0.017187 0.031250
0.0 0.758594 0.345312 0.025781 0.028125
0.0 0.761719 0.814063 0.029688 0.045312
0.0 0.389844 0.021094 0.011719 0.016406
0.0 0.735937 0.617969 0.015625 0.021875
0.0 0.634375 0.307813 0.014063 0.028906
0.0 0.557813 0.161719 0.010937 0.014844
0.0 0.555469 0.179688 0.012500 0.018750
0.0 0.764063 0.707031 0.010937 0.022656
