0.0 0.313963 0.969892 0.057517 0.060216
0.0 0.422612 0.874399 0.051473 0.062440
0.0 0.669972 0.799173 0.070530 0.091819
0.0 0.554762 0.563884 0.096809 0.114872
0.0 0.617229 0.471357 0.088515 0.096257
0.0 0.554408 0.358126 0.045261 0.148480
0.0 0.497304 0.381700 0.063309 0.134917
0.0 0.447074 0.306785 0.043685 0.083682
0.0 0.345217 0.308379 0.034117 0.061857
0.0 0.497576 0.102221 0.081167 0.101811
0.0 0.605315 0.030007 0.023431 0.028592
0.0 0.557793 0.030520 0.032701 0.061039
0.0 0.517273 0.014592 0.024423 0.029184
0.0 0.360141 0.065296 0.019072 0.024878
0.0 0.306922 0.039948 0.030874 0.032809
0.0 0.246246 0.056189 0.029191 0.036287
0.0 0.672962 0.041916 0.032668 0.034603
0.0 0.689930 0.155510 0.093581 0.081324
0.0 0.603810 0.175907 0.020316 0.037089
0.0 0.565681 0.131471 0.024927 0.042345
0.0 0.660508 0.237100 0.039262 0.061196
0.0 0.729389 0.421376 0.037956 0.066987
0.0 0.724847 0.553523 0.038491 0.061070
0.0 0.769440 0.506661 0.025556 0.046200
0.0 0.805236 0.832495 0.035281 0.059796
0.0 0.222281 0.432946 0.046186 0.066830
0.0 0.281128 0.739976 0.062331 0.082975
0.0 0.183984 0.125727 0.103561 0.170009
0.0 0.304662 0.181222 0.034636 0.060441
0.0 0.688473 0.325942 0.039516 0.099512
0.0 0.574088 0.231423 0.018663 0.031566
0.0 0.694317 0.463517 0.033172 0.037688
0.0 0.520198 0.332841 0.021701 0.045570
0.0 0.472313 0.286832 0.011991 0.027474
0.0 0.683000 0.005671 0.031787 0.011342
0.0 0.488044 0.189271 0.023683 0.030134
0.0 0.596899 0.089959 0.023919 0.036177
1.0 0.324600 0.603846 0.193412 0.214701
