0.0 0.732468 0.102348 0.248195 0.195843
0.0 0.691065 0.101396 0.035133 0.038873
0.0 0.586919 0.123620 0.031459 0.044173
0.0 0.644118 0.326191 0.036825 0.042060
0.0 0.627923 0.470170 0.049739 0.052731
0.0 0.573856 0.528897 0.082589 0.055665
0.0 0.742250 0.596940 0.049098 0.093222
0.0 0.802018 0.644796 0.027749 0.029992
0.0 0.679393 0.846873 0.049396 0.118948
0.0 0.634165 0.787897 0.033703 0.041930
0.0 0.551719 0.777407 0.023331 0.054742
0.0 0.509556 0.831941 0.039686 0.035947
0.0 0.488395 0.777101 0.020822 0.032040
0.0 0.431475 0.791920 0.022775 0.041472
0.0 0.288431 0.660037 0.051828 0.083986
0.0 0.250601 0.835170 0.031198 0.037929
0.0 0.221941 0.100515 0.064120 0.079826
0.0 0.281355 0.287540 0.017086 0.054480
0.0 0.449836 0.558890 0.062175 0.107795
0.0 0.496388 0.660927 0.050601 0.129128
0.0 0.729558 0.937332 0.028464 0.028464
0.0 0.752145 0.864776 0.018545 0.033503
0.0 0.800773 0.990854 0.022673 0.018292
0.0 0.817648 0.252919 0.033993 0.030254
0.0 0.726927 0.309328 0.032436 0.048889
0.0 0.812066 0.348863 0.024336 0.041537
0.0 0.576116 0.605621 0.091236 0.038885
0.0 0.451590 0.871737 0.020560 0.025795
0.0 0.712114 0.681691 0.012722 0.024688
0.0 0.390049 0.138051 0.043209 0.082846
0.0 0.458631 0.647617 0.012072 0.027777
0.0 0.182369 0.970715 0.034937 0.034189
0.0 0.353382 0.957547 0.021406 0.027389
0.0 0.287046 0.898469 0.018480 0.031942
0.0 0.440193 0.938507 0.015386 0.013891
0.0 0.590870 0.813452 0.010834 0.016817
0.0 0.816710 0.686072 0.015100 0.044267
0.0 0.776248 0.700016 0.014414 0.027876
0.0 0.625767 0.969736 0.009502 0.022215
0.0 0.585010 0.988538 0.018284 0.022924
0.0 0.717678 0.978277 0.014835 0.019322
0.0 0.822925 0.518998 0.021868 0.057018
