0.0 0.688174 0.929976 0.082931 0.140049
0.0 0.606775 0.988522 0.029673 0.022957
0.0 0.537099 0.989125 0.030987 0.021750
0.0 0.336670 0.962636 0.027064 0.038835
0.0 0.297745 0.932964 0.017024 0.037297
0.0 0.197137 0.949959 0.022027 0.020719
0.0 0.189791 0.889557 0.018040 0.029158
0.0 0.378428 0.875770 0.075743 0.090784
0.0 0.209077 0.773957 0.083236 0.080620
0.0 0.590261 0.731173 0.037214 0.050948
0.0 0.492533 0.703560 0.039990 0.073997
0.0 0.583998 0.870108 0.030382 0.050655
0.0 0.500602 0.955340 0.014415 0.030111
0.0 0.464678 0.617096 0.064369 0.129765
0.0 0.406175 0.622362 0.042078 0.146713
0.0 0.381909 0.486655 0.088642 0.081448
0.0 0.466926 0.426963 0.093435 0.107823
0.0 0.404500 0.426886 0.015369 0.026486
0.0 0.302424 0.381219 0.030563 0.046912
0.0 0.247560 0.409172 0.025450 0.052916
0.0 0.258078 0.505626 0.031440 0.067408
0.0 0.308963 0.477854 0.021832 0.044067
0.0 0.266940 0.700622 0.040178 0.060451
0.0 0.427133 0.165582 0.067367 0.090256
0.0 0.315360 0.095509 0.034181 0.055762
0.0 0.830810 0.094629 0.051199 0.102862
0.0 0.691749 0.166593 0.036560 0.051601
0.0 0.780786 0.343835 0.062622 0.078971
0.0 0.748857 0.650346 0.032936 0.052555
0.0 0.321908 0.826805 0.017150 0.028267
0.0 0.296196 0.571532 0.010617 0.025004
0.0 0.280758 0.579442 0.015424 0.031773
0.0 0.287937 0.656416 0.009963 0.025658
0.0 0.256742 0.638202 0.013344 0.032963
0.0 0.344714 0.734664 0.021428 0.026660
0.0 0.304766 0.773596 0.013351 0.023160
0.0 0.175508 0.848642 0.017031 0.027495
0.0 0.457734 0.714037 0.016440 0.023634
0.0 0.284033 0.857360 0.015424 0.031773
0.0 0.542806 0.736551 0.014951 0.028684
1.0 0.701863 0.456624 0.186293 0.192179
