0.0 0.317853 0.064080 0.090953 0.128161
0.0 0.160766 0.900272 0.059399 0.102847
0.0 0.300112 0.831290 0.048611 0.065862
0.0 0.215094 0.651171 0.060871 0.085151
0.0 0.562478 0.840328 0.074243 0.093411
0.0 0.677173 0.911382 0.037732 0.072235
0.0 0.691916 0.527150 0.026733 0.047179
0.0 0.739523 0.503561 0.044435 0.080855
0.0 0.695818 0.620538 0.034566 0.049261
0.0 0.751275 0.592739 0.020948 0.043950
0.0 0.620161 0.515717 0.096315 0.095676
0.0 0.529631 0.581922 0.099122 0.125318
0.0 0.536118 0.385692 0.074432 0.142798
0.0 0.510994 0.300576 0.044943 0.079446
0.0 0.411188 0.267721 0.040122 0.059929
0.0 0.369065 0.020237 0.040071 0.040475
0.0 0.399694 0.011190 0.022489 0.022379
0.0 0.465437 0.012347 0.032090 0.024693
0.0 0.675934 0.044167 0.028650 0.045262
0.0 0.705097 0.077666 0.017195 0.035085
0.0 0.683532 0.180981 0.019260 0.038428
0.0 0.626056 0.127600 0.080404 0.094461
0.0 0.815782 0.121092 0.027075 0.036020
0.0 0.792231 0.240711 0.084352 0.086908
0.0 0.712215 0.347539 0.023059 0.025615
0.0 0.735360 0.304725 0.039272 0.072497
0.0 0.594701 0.381408 0.053181 0.154133
0.0 0.253683 0.350253 0.031896 0.055537
0.0 0.655971 0.272971 0.024765 0.035627
0.0 0.702369 0.228571 0.018963 0.027908
0.0 0.731909 0.157523 0.037743 0.041577
0.0 0.749372 0.087587 0.027828 0.031662
0.0 0.837369 0.082767 0.030646 0.030646
0.0 0.828098 0.160438 0.020127 0.030350
0.0 0.419632 0.134434 0.042809 0.058144
0.0 0.367926 0.796086 0.023487 0.036905
1.0 0.300650 0.539739 0.198398 0.190092
0.0 0.710121 0.429603 0.029272 0.040134
0.0 0.746296 0.370781 0.030156 0.036545
0.0 0.544818 0.288111 0.019619 0.031759
0.0 0.503939 0.048942 0.020897 0.030481
