0.0 0.699219 0.157813 0.151563 0.210156
0.0 0.328906 0.142969 0.420313 0.285937
0.0 0.144531 0.430469 0.239063 0.226562
0.0 0.429688 0.787500 0.252344 0.217969
0.0 0.630469 0.880469 0.232812 0.239063
0.0 0.864844 0.702344 0.245313 0.395312
0.0 0.579688 0.390625 0.469531 0.243750
0.0 0.667188 0.597656 0.164844 0.151562
0.0 0.219531 0.643750 0.101562 0.118750
0.0 0.223437 0.752344 0.114844 0.060938
0.0 0.196875 0.915625 0.227344 0.139844
0.0 0.412500 0.939062 0.200000 0.121875
0.0 0.039062 0.691406 0.078125 0.342188
