3.0 0.269420 0.462203 0.216329 0.179870
0.0 0.603745 0.828934 0.060688 0.069102
0.0 0.238657 0.892270 0.108033 0.119952
0.0 0.368513 0.695822 0.045749 0.073794
0.0 0.154470 0.139079 0.069005 0.114579
0.0 0.613388 0.207829 0.088838 0.112677
0.0 0.759872 0.148695 0.038001 0.057633
0.0 0.742401 0.402399 0.030129 0.024520
0.0 0.785263 0.519081 0.016578 0.035509
0.0 0.821447 0.719629 0.080764 0.061833
0.0 0.534732 0.597855 0.084999 0.128470
0.0 0.601112 0.602325 0.047575 0.139424
0.0 0.642666 0.489912 0.092503 0.063757
0.0 0.541943 0.431509 0.084916 0.088421
0.0 0.486798 0.669289 0.041951 0.066491
