0.0 0.310859 0.064318 0.132944 0.128636
0.0 0.785960 0.072490 0.073099 0.102931
0.0 0.397030 0.024033 0.031495 0.048065
0.0 0.409200 0.282676 0.038265 0.066676
0.0 0.399957 0.451262 0.048987 0.056800
0.0 0.281566 0.576587 0.047084 0.114559
0.0 0.425669 0.623686 0.093825 0.066125
0.0 0.482150 0.695281 0.052781 0.144406
0.0 0.540946 0.578864 0.060730 0.138150
0.0 0.660952 0.713259 0.059596 0.098661
0.0 0.665868 0.926214 0.041816 0.063124
0.0 0.445652 0.897559 0.037411 0.048065
0.0 0.305009 0.909580 0.050371 0.125659
1.0 0.604224 0.348341 0.205208 0.509914
0.0 0.432516 0.518414 0.080126 0.077285
