0.0 0.754180 0.476518 0.112885 0.221162
0.0 0.685732 0.807684 0.078861 0.163690
0.0 0.509608 0.449190 0.097981 0.115223
0.0 0.943586 0.561356 0.069106 0.151866
0.0 0.515580 0.698269 0.145443 0.416482
0.0 0.336596 0.499036 0.079030 0.158342
0.0 0.357769 0.302516 0.062010 0.115804
0.0 0.484950 0.142210 0.054649 0.070511
0.0 0.599743 0.205347 0.051669 0.133050
0.0 0.548703 0.289261 0.070720 0.111410
0.0 0.065313 0.837411 0.055603 0.079052
0.0 0.208890 0.811790 0.057403 0.060851
0.0 0.363501 0.799979 0.066833 0.104075
0.0 0.449671 0.549404 0.067362 0.122535
0.0 0.417447 0.760412 0.056315 0.112867
0.0 0.348277 0.725170 0.054918 0.086642
