3.0 0.293583 0.560879 0.179761 0.186433
0.0 0.525427 0.382371 0.064753 0.127766
0.0 0.539254 0.575488 0.096627 0.127022
0.0 0.621527 0.494333 0.099282 0.102248
0.0 0.491166 0.300874 0.053950 0.082861
0.0 0.576339 0.365357 0.056557 0.166273
0.0 0.019677 0.673144 0.036278 0.056294
0.0 0.164845 0.189879 0.279307 0.379758
0.0 0.067914 0.396298 0.042832 0.062848
0.0 0.133307 0.465269 0.060581 0.090976
0.0 0.236257 0.377324 0.033548 0.048375
0.0 0.228714 0.215027 0.037370 0.062576
0.0 0.054947 0.217304 0.052738 0.105373
0.0 0.384150 0.282235 0.035967 0.050052
0.0 0.707679 0.601887 0.032728 0.063122
0.0 0.738411 0.472007 0.034483 0.067101
0.0 0.602555 0.827395 0.059528 0.085475
0.0 0.725454 0.888285 0.031869 0.061523
0.0 0.955753 0.897435 0.052197 0.047749
0.0 0.881882 0.684894 0.047668 0.081770
0.0 0.922302 0.705685 0.038147 0.109314
0.0 0.868686 0.573159 0.036435 0.043849
0.0 0.893769 0.540776 0.026214 0.041782
0.0 0.928942 0.321945 0.046382 0.071587
0.0 0.760470 0.202460 0.077827 0.077827
0.0 0.937625 0.116654 0.031438 0.084073
0.0 0.962865 0.096793 0.024653 0.041704
0.0 0.964079 0.150827 0.027305 0.063630
0.0 0.573197 0.114889 0.051727 0.069519
0.0 0.615871 0.027846 0.014901 0.033434
0.0 0.339214 0.853361 0.033509 0.047594
0.0 0.895173 0.989480 0.032300 0.021040
0.0 0.964381 0.966673 0.028317 0.066653
0.0 0.688983 0.506305 0.024731 0.043265
0.0 0.760930 0.569345 0.030778 0.055241
0.0 0.994074 0.324670 0.011853 0.053252
0.0 0.923391 0.198076 0.024731 0.043265
0.0 0.768537 0.087875 0.024537 0.039363
0.0 0.820740 0.123335 0.023756 0.039324
0.0 0.710266 0.283651 0.033938 0.056177
0.0 0.606631 0.103260 0.023677 0.053330
0.0 0.201074 0.941114 0.062922 0.091093
0.0 0.138876 0.823805 0.030387 0.063005
0.0 0.338677 0.017920 0.029024 0.035695
0.0 0.409487 0.012673 0.033471 0.025345
0.0 0.378365 0.147404 0.039127 0.050988
0.0 0.644635 0.156784 0.029999 0.039636
0.0 0.961471 0.218751 0.025238 0.053408
0.0 0.777181 0.823596 0.025551 0.044084
0.0 0.958434 0.765373 0.020322 0.048493
