0.0 0.426538 0.623682 0.044319 0.132056
0.0 0.354358 0.524509 0.111646 0.075364
0.0 0.441350 0.444640 0.110748 0.100193
0.0 0.319335 0.253283 0.077469 0.084725
0.0 0.169760 0.229413 0.041697 0.052252
0.0 0.756422 0.073137 0.058298 0.093260
0.0 0.670838 0.658143 0.047262 0.064413
0.0 0.549099 0.662566 0.049694 0.065526
0.0 0.495180 0.601775 0.076724 0.120922
0.0 0.447254 0.910428 0.032194 0.049346
0.0 0.401247 0.898222 0.017220 0.029754
0.0 0.842450 0.816173 0.096263 0.151016
0.0 0.859990 0.688055 0.015941 0.041668
0.0 0.822020 0.547545 0.050014 0.062547
0.0 0.771918 0.291953 0.072471 0.076429
0.0 0.245432 0.799466 0.085498 0.077582
0.0 0.258617 0.900181 0.029608 0.036865
0.0 0.235306 0.870435 0.020292 0.024910
0.0 0.447125 0.844910 0.022999 0.069176
0.0 0.395306 0.814606 0.018086 0.025343
0.0 0.290929 0.732787 0.045902 0.055137
0.0 0.307238 0.660911 0.030547 0.022631
0.0 0.279702 0.623888 0.029495 0.036092
0.0 0.227070 0.582649 0.039366 0.077627
0.0 0.239560 0.463168 0.026670 0.047780
0.0 0.185232 0.501926 0.024877 0.040709
0.0 0.269783 0.540066 0.037225 0.037225
0.0 0.776001 0.863815 0.037472 0.044068
0.0 0.693991 0.886102 0.029021 0.027702
0.0 0.634350 0.861682 0.017087 0.023683
0.0 0.619567 0.173738 0.038184 0.028289
0.0 0.705821 0.767507 0.038471 0.045728
0.0 0.359587 0.775625 0.019199 0.027775
0.0 0.394117 0.731083 0.031154 0.037091
0.0 0.301382 0.690985 0.018839 0.020158
0.0 0.264991 0.679738 0.022631 0.030547
0.0 0.513035 0.680487 0.025610 0.030227
0.0 0.360397 0.845781 0.024857 0.035412
0.0 0.331529 0.837379 0.016880 0.027435
0.0 0.482682 0.839698 0.072491 0.081726
3.0 0.717987 0.408824 0.205461 0.163242
