0.0 0.157231 0.234273 0.314461 0.438597
0.0 0.275135 0.945096 0.095119 0.109807
0.0 0.078488 0.717563 0.050087 0.058008
0.0 0.048245 0.286585 0.060770 0.137822
0.0 0.212691 0.264747 0.047370 0.073294
0.0 0.366447 0.308746 0.033858 0.048260
0.0 0.526665 0.127397 0.049000 0.064122
0.0 0.560496 0.377903 0.027743 0.141521
0.0 0.506449 0.378073 0.055356 0.107204
0.0 0.460447 0.318873 0.036653 0.064738
0.0 0.713585 0.195526 0.059304 0.067225
0.0 0.879694 0.092080 0.058178 0.103545
0.0 0.613928 0.483549 0.100533 0.069569
0.0 0.713021 0.447066 0.035416 0.048378
0.0 0.919554 0.639853 0.048607 0.089653
0.0 0.878645 0.627277 0.040725 0.067369
0.0 0.973731 0.817523 0.046041 0.035239
0.0 0.762190 0.838222 0.040444 0.053406
0.0 0.632748 0.804920 0.057556 0.074839
0.0 0.541858 0.566564 0.065746 0.090949
0.0 0.702631 0.558323 0.022349 0.049714
0.0 0.084092 0.460157 0.044254 0.073058
