0.0 0.557813 0.887500 0.049219 0.070312
0.0 0.746094 0.810156 0.069531 0.065625
0.0 0.574219 0.629687 0.020313 0.139844
0.0 0.618750 0.505469 0.081250 0.082812
0.0 0.738281 0.541406 0.021875 0.053906
0.0 0.764063 0.448438 0.014844 0.034375
0.0 0.714063 0.415625 0.021875 0.032031
0.0 0.542188 0.431250 0.082031 0.096875
0.0 0.620313 0.174219 0.060156 0.084375
0.0 0.742188 0.127344 0.028125 0.051563
0.0 0.694531 0.504688 0.024219 0.026562
0.0 0.516406 0.619531 0.049219 0.129687
0.0 0.478125 0.696875 0.033594 0.068750
0.0 0.375000 0.711719 0.028906 0.053906
0.0 0.700000 0.731250 0.031250 0.061719
0.0 0.625000 0.850000 0.016406 0.017188
0.0 0.658594 0.883594 0.008594 0.012500
0.0 0.630469 0.954687 0.013281 0.019531
0.0 0.749219 0.926563 0.015625 0.025781
0.0 0.592969 0.980469 0.015625 0.020312
0.0 0.766406 0.891406 0.014063 0.021094
0.0 0.617188 0.751563 0.018750 0.020312
0.0 0.317969 0.976562 0.030469 0.035938
0.0 0.392188 0.983594 0.015625 0.018750
0.0 0.362500 0.860938 0.017969 0.014844
0.0 0.245312 0.933594 0.065625 0.100000
0.0 0.429688 0.950781 0.013281 0.028125
0.0 0.717969 0.670312 0.010937 0.023438
0.0 0.308594 0.424219 0.164062 0.179688
0.0 0.357031 0.141406 0.035937 0.050781
0.0 0.235938 0.046094 0.038281 0.087500
0.0 0.232812 0.614062 0.028906 0.045313
