3.0 0.612500 0.355469 0.190625 0.413281
0.0 0.305469 0.845313 0.042188 0.102344
0.0 0.256250 0.578906 0.039844 0.092969
0.0 0.498437 0.668750 0.050000 0.117188
0.0 0.378125 0.465625 0.049219 0.044531
0.0 0.425000 0.520312 0.085156 0.067969
0.0 0.366406 0.322656 0.030469 0.046094
0.0 0.703906 0.671094 0.052344 0.078906
0.0 0.734375 0.841406 0.031250 0.046094
0.0 0.475781 0.832031 0.035937 0.040625
0.0 0.557031 0.794531 0.025000 0.035937
0.0 0.359375 0.781250 0.025781 0.033594
0.0 0.793750 0.109375 0.064844 0.078906
0.0 0.285937 0.096094 0.241406 0.191406
0.0 0.328906 0.091406 0.033594 0.036719
0.0 0.417969 0.599219 0.095312 0.037500
0.0 0.545313 0.559375 0.062500 0.116406
0.0 0.432031 0.120313 0.025781 0.050000
0.0 0.728125 0.295313 0.025000 0.054688
