0.0 0.667188 0.257813 0.344531 0.508594
0.0 0.439844 0.317187 0.185938 0.280469
0.0 0.292969 0.111719 0.395313 0.223438
0.0 0.117188 0.312500 0.224219 0.125000
0.0 0.138281 0.448438 0.195312 0.157031
0.0 0.187500 0.625000 0.109375 0.108594
0.0 0.209375 0.737500 0.096094 0.091406
0.0 0.432813 0.770312 0.275781 0.230469
0.0 0.645312 0.867188 0.208594 0.265625
0.0 0.885156 0.662500 0.229687 0.478906
0.0 0.701562 0.611719 0.068750 0.089062
0.0 0.404688 0.932031 0.188281 0.135937
0.0 0.164062 0.930469 0.206250 0.139063
0.0 0.030469 0.634375 0.060938 0.262500
