0.0 0.624265 0.045832 0.066840 0.085133
0.0 0.807032 0.147142 0.041931 0.055651
0.0 0.745662 0.099555 0.020928 0.026263
0.0 0.625214 0.168547 0.016872 0.019921
0.0 0.617430 0.264481 0.017597 0.017597
0.0 0.972352 0.323835 0.020373 0.035617
0.0 0.684416 0.500539 0.016185 0.023807
0.0 0.772812 0.529241 0.013005 0.021389
0.0 0.951208 0.941473 0.025220 0.074762
0.0 0.793316 0.553961 0.021719 0.059066
0.0 0.689160 0.368584 0.056263 0.099708
0.0 0.565300 0.222587 0.006512 0.011085
0.0 0.543064 0.204859 0.007330 0.012666
0.0 0.610251 0.205697 0.007406 0.015790
0.0 0.593869 0.204521 0.005025 0.014171
0.0 0.649763 0.219935 0.012948 0.019046
0.0 0.659532 0.138897 0.008112 0.012685
0.0 0.681024 0.155045 0.006474 0.009523
0.0 0.644703 0.105717 0.004912 0.009485
0.0 0.679670 0.081553 0.007999 0.007999
0.0 0.578769 0.020509 0.004912 0.009485
0.0 0.536620 0.115615 0.014567 0.021427
0.0 0.520879 0.023021 0.005768 0.012628
0.0 0.335475 0.031054 0.020656 0.047332
0.0 0.308129 0.063217 0.012929 0.018265
0.0 0.402586 0.035017 0.024033 0.025558
0.0 0.443858 0.073523 0.010643 0.020551
0.0 0.399876 0.082621 0.008093 0.011904
0.0 0.373630 0.166388 0.021935 0.035655
0.0 0.506435 0.006307 0.008893 0.012613
0.0 0.254275 0.125218 0.013711 0.018284
0.0 0.310208 0.139070 0.006493 0.010304
0.0 0.317858 0.113466 0.006625 0.015771
0.0 0.228173 0.040970 0.007331 0.012666
0.0 0.198354 0.013681 0.009100 0.021295
0.0 0.168496 0.052817 0.006719 0.019676
0.0 0.201815 0.129423 0.008130 0.013466
0.0 0.311684 0.175054 0.007368 0.014228
0.0 0.328028 0.242655 0.006606 0.014990
0.0 0.427895 0.281792 0.006531 0.011866
0.0 0.461921 0.296679 0.009730 0.015065
0.0 0.467408 0.231168 0.008187 0.015809
0.0 0.512801 0.293217 0.008149 0.014247
0.0 0.537586 0.302411 0.008130 0.013466
0.0 0.549828 0.345688 0.007481 0.018914
0.0 0.439693 0.440717 0.013673 0.016722
0.0 0.460404 0.456845 0.009749 0.015846
0.0 0.398072 0.513953 0.008074 0.011123
0.0 0.389950 0.559083 0.009674 0.012722
0.0 0.305618 0.556268 0.009805 0.018190
0.0 0.310522 0.514968 0.008893 0.012704
0.0 0.086681 0.334520 0.010605 0.018989
0.0 0.154972 0.743316 0.007274 0.010323
0.0 0.148838 0.673617 0.004912 0.009485
0.0 0.121012 0.693264 0.005618 0.006380
0.0 0.293731 0.757603 0.007180 0.006418
0.0 0.333168 0.710102 0.005637 0.007161
0.0 0.317529 0.710506 0.002833 0.020363
0.0 0.147621 0.270345 0.009692 0.013503
0.0 0.175690 0.305407 0.009006 0.017390
0.0 0.476753 0.815938 0.018105 0.038684
0.0 0.466711 0.875869 0.005863 0.016533
0.0 0.810595 0.971686 0.015461 0.026132
0.0 0.912253 0.806902 0.024561 0.047426
0.0 0.960001 0.706461 0.010681 0.022113
0.0 0.985226 0.859457 0.009843 0.019752
0.0 0.816882 0.289609 0.009711 0.014284
0.0 0.850599 0.220089 0.013099 0.025294
