0.0 0.420481 0.483912 0.087184 0.100177
0.0 0.540321 0.430450 0.072391 0.130862
0.0 0.482722 0.328931 0.066353 0.143592
3.0 0.571508 0.812003 0.159804 0.286851
0.0 0.704722 0.311826 0.063867 0.099238
0.0 0.405724 0.400395 0.105677 0.056591
0.0 0.312372 0.919776 0.251400 0.160447
0.0 0.345348 0.943001 0.040779 0.048719
0.0 0.456090 0.904308 0.036390 0.052271
0.0 0.832991 0.884431 0.064967 0.093119
0.0 0.720237 0.117979 0.042165 0.046496
0.0 0.533276 0.174810 0.036138 0.038304
0.0 0.267530 0.140296 0.047791 0.101931
0.0 0.445599 0.143655 0.043059 0.048112
0.0 0.236087 0.437151 0.053085 0.079072
0.0 0.368885 0.538624 0.050736 0.047127
0.0 0.371715 0.694305 0.033996 0.051320
0.0 0.505674 0.097720 0.028290 0.036952
0.0 0.671999 0.047890 0.024829 0.032048
0.0 0.752328 0.692955 0.034454 0.057554
0.0 0.607009 0.058935 0.015342 0.018952
0.0 0.594921 0.005259 0.014563 0.010519
0.0 0.245724 0.387091 0.022412 0.020246
0.0 0.213664 0.387881 0.018803 0.023856
0.0 0.188114 0.146919 0.019433 0.032426
0.0 0.211214 0.120153 0.016694 0.026800
0.0 0.204030 0.065063 0.028381 0.027660
0.0 0.328463 0.212586 0.027362 0.045408
0.0 0.317429 0.339518 0.011584 0.031074
0.0 0.250605 0.325630 0.012970 0.028851
0.0 0.179852 0.322215 0.016694 0.026800
0.0 0.168737 0.384134 0.025758 0.023592
0.0 0.509261 0.029304 0.020704 0.028645
0.0 0.474015 0.210501 0.015136 0.026686
0.0 0.208407 0.028706 0.020739 0.018573
0.0 0.207533 0.624123 0.021484 0.028702
0.0 0.188913 0.690511 0.020785 0.040275
0.0 0.220112 0.837839 0.019204 0.029310
0.0 0.199763 0.795467 0.026388 0.032163
0.0 0.277942 0.729400 0.021335 0.037216
0.0 0.481704 0.027413 0.015422 0.030581
0.0 0.716361 0.608646 0.018195 0.026136
0.0 0.405083 0.199902 0.020819 0.030203
0.0 0.353326 0.497467 0.017966 0.023019
0.0 0.308195 0.022153 0.015342 0.018952
0.0 0.282975 0.286432 0.017588 0.028416
0.0 0.308297 0.204668 0.014299 0.025849
0.0 0.363800 0.181787 0.017187 0.022962
0.0 0.225467 0.282043 0.017382 0.036150
