0.0 0.490700 0.609677 0.064836 0.124333
0.0 0.453962 0.423723 0.081164 0.115572
0.0 0.388819 0.511197 0.091146 0.085411
0.0 0.479093 0.867660 0.054923 0.067826
0.0 0.859822 0.777023 0.277077 0.408974
0.0 0.790156 0.738678 0.027364 0.042418
0.0 0.950657 0.707099 0.051729 0.105491
0.0 0.857394 0.490375 0.038755 0.068861
0.0 0.761533 0.585778 0.029701 0.042604
0.0 0.635857 0.690607 0.033250 0.048303
0.0 0.536553 0.683617 0.033241 0.067649
0.0 0.440353 0.627006 0.036543 0.138333
0.0 0.449021 0.893564 0.011549 0.018718
0.0 0.300547 0.918700 0.019178 0.027063
0.0 0.293554 0.811103 0.075543 0.074110
0.0 0.280218 0.889752 0.017249 0.022267
0.0 0.245235 0.893319 0.019267 0.037904
0.0 0.218605 0.883682 0.022541 0.030426
0.0 0.407771 0.838067 0.016966 0.028435
0.0 0.929349 0.281668 0.032285 0.045905
0.0 0.798201 0.150248 0.025117 0.053073
0.0 0.724454 0.045137 0.054286 0.090274
0.0 0.607716 0.149729 0.031568 0.046622
0.0 0.554706 0.202537 0.019426 0.030178
0.0 0.361761 0.200646 0.060587 0.080659
0.0 0.243933 0.167699 0.028108 0.051763
0.0 0.202507 0.228206 0.014257 0.023576
0.0 0.294062 0.433310 0.023223 0.038993
0.0 0.322277 0.521977 0.019488 0.030957
0.0 0.248875 0.476091 0.023346 0.040550
0.0 0.280364 0.556660 0.027046 0.057870
0.0 0.081275 0.359328 0.035852 0.081012
0.0 0.175481 0.341644 0.019426 0.030178
0.0 0.120267 0.376602 0.042808 0.061445
0.0 0.201750 0.464950 0.016063 0.026815
0.0 0.146544 0.480314 0.034161 0.030577
0.0 0.127278 0.513979 0.022913 0.035099
0.0 0.010858 0.469165 0.020638 0.035692
0.0 0.023969 0.190685 0.041506 0.045091
0.0 0.139591 0.067847 0.018461 0.027780
0.0 0.099059 0.080477 0.019453 0.040241
0.0 0.067846 0.082176 0.021205 0.023355
0.0 0.008958 0.108408 0.017915 0.074941
0.0 0.138973 0.838292 0.016311 0.029930
0.0 0.104060 0.823044 0.017461 0.034665
0.0 0.110478 0.893852 0.026055 0.045409
0.0 0.135824 0.916914 0.031161 0.051232
0.0 0.115505 0.937340 0.021010 0.040365
0.0 0.117033 0.720128 0.054136 0.087110
0.0 0.051553 0.724554 0.028329 0.044816
0.0 0.194164 0.992075 0.020329 0.015850
0.0 0.219421 0.999985 0.014319 0.000031
0.0 0.411215 0.940460 0.016718 0.025320
0.0 0.449836 0.953062 0.019054 0.025506
0.0 0.447801 0.976735 0.017842 0.019992
0.0 0.424243 0.991923 0.019709 0.016154
0.0 0.660285 0.820328 0.028860 0.041763
0.0 0.707146 0.936509 0.023754 0.035940
0.0 0.637365 0.945979 0.015877 0.024479
0.0 0.655490 0.957077 0.018620 0.020054
0.0 0.330191 0.729816 0.030727 0.045781
0.0 0.186982 0.683215 0.018337 0.026222
0.0 0.208948 0.742597 0.020612 0.025629
0.0 0.113583 0.134965 0.015160 0.025196
