0.0 0.442187 0.112500 0.049219 0.070312
0.0 0.253906 0.189844 0.069531 0.065625
0.0 0.425781 0.370313 0.020312 0.139844
0.0 0.381250 0.494531 0.081250 0.082812
0.0 0.261719 0.458594 0.021875 0.053906
0.0 0.235938 0.551562 0.014844 0.034375
0.0 0.285937 0.584375 0.021875 0.032031
0.0 0.457812 0.568750 0.082031 0.096875
0.0 0.379687 0.825781 0.060156 0.084375
0.0 0.257812 0.872656 0.028125 0.051563
0.0 0.305469 0.495312 0.024219 0.026562
0.0 0.483594 0.380469 0.049219 0.129687
0.0 0.521875 0.303125 0.033594 0.068750
0.0 0.625000 0.288281 0.028906 0.053906
0.0 0.300000 0.268750 0.031250 0.061719
0.0 0.375000 0.150000 0.016406 0.017188
0.0 0.341406 0.116406 0.008594 0.012500
0.0 0.369531 0.045313 0.013281 0.019531
0.0 0.250781 0.073437 0.015625 0.025781
0.0 0.407031 0.019531 0.015625 0.020312
0.0 0.233594 0.108594 0.014062 0.021094
0.0 0.382812 0.248437 0.018750 0.020312
0.0 0.682031 0.023438 0.030469 0.035938
0.0 0.607813 0.016406 0.015625 0.018750
0.0 0.637500 0.139062 0.017969 0.014844
0.0 0.754687 0.066406 0.065625 0.100000
0.0 0.570312 0.049219 0.013281 0.028125
0.0 0.282031 0.329688 0.010938 0.023438
0.0 0.691406 0.575781 0.164062 0.179688
0.0 0.642969 0.858594 0.035938 0.050781
0.0 0.764063 0.953906 0.038281 0.087500
0.0 0.767187 0.385938 0.028906 0.045313
