0.0 0.744547 0.056031 0.047700 0.101370
0.0 0.811263 0.162549 0.020311 0.049792
0.0 0.937589 0.299993 0.026384 0.044526
0.0 0.736079 0.304865 0.050707 0.073384
0.0 0.624265 0.156796 0.034774 0.038553
0.0 0.375440 0.197572 0.051563 0.075752
0.0 0.261401 0.151188 0.029582 0.046968
0.0 0.129092 0.364895 0.044003 0.083311
0.0 0.088371 0.338056 0.034608 0.082231
0.0 0.080120 0.226544 0.015509 0.021557
0.0 0.040719 0.167615 0.037016 0.035505
0.0 0.021927 0.093177 0.015287 0.087854
0.0 0.156242 0.064657 0.019149 0.062236
0.0 0.120048 0.057215 0.010949 0.025311
0.0 0.087377 0.062166 0.018907 0.030246
0.0 0.215033 0.216764 0.013317 0.026167
0.0 0.454859 0.432657 0.073950 0.092848
0.0 0.298846 0.418098 0.029333 0.039159
0.0 0.250118 0.458736 0.016108 0.040297
0.0 0.204829 0.460183 0.017263 0.052035
0.0 0.147095 0.463590 0.029008 0.029008
0.0 0.129328 0.494641 0.019763 0.032613
0.0 0.012946 0.448332 0.014272 0.031658
0.0 0.051737 0.292327 0.011323 0.037024
0.0 0.017894 0.260579 0.024490 0.058506
0.0 0.028503 0.323554 0.015709 0.027804
0.0 0.130212 0.253084 0.010093 0.022944
0.0 0.185629 0.324007 0.018558 0.019314
0.0 0.856567 0.504246 0.036701 0.074497
0.0 0.845367 0.789905 0.261004 0.405383
0.0 0.910879 0.565043 0.043737 0.050540
0.0 0.975171 0.767000 0.018807 0.027122
0.0 0.942765 0.731298 0.047725 0.102151
0.0 0.953575 0.873994 0.014197 0.029315
0.0 0.779235 0.750590 0.027339 0.050017
0.0 0.757924 0.597286 0.023941 0.041327
0.0 0.622781 0.697744 0.031293 0.051703
0.0 0.527849 0.686706 0.029724 0.075835
0.0 0.433613 0.624057 0.025472 0.138103
0.0 0.390050 0.508201 0.073908 0.067105
0.0 0.488680 0.610574 0.046031 0.122379
0.0 0.453281 0.872775 0.063882 0.070685
0.0 0.688892 0.956703 0.023103 0.063922
0.0 0.715856 0.919887 0.018758 0.025561
0.0 0.642537 0.826867 0.029532 0.045406
0.0 0.315113 0.511376 0.020519 0.031857
0.0 0.279435 0.544563 0.017412 0.056720
0.0 0.107800 0.701684 0.054304 0.088320
0.0 0.039060 0.703097 0.027696 0.036767
0.0 0.051523 0.799624 0.015227 0.037149
0.0 0.024416 0.734049 0.013217 0.023044
0.0 0.116377 0.896822 0.027631 0.083568
0.0 0.121667 0.817707 0.018251 0.034125
0.0 0.091996 0.892129 0.023776 0.085005
0.0 0.082150 0.804117 0.030844 0.037648
0.0 0.277756 0.908083 0.014704 0.020751
0.0 0.223735 0.880887 0.017470 0.034100
0.0 0.317160 0.722356 0.029125 0.057094
0.0 0.026412 0.869992 0.027032 0.064828
0.0 0.521832 0.987833 0.010118 0.023725
0.0 0.500525 0.981479 0.021856 0.024880
0.0 0.425695 0.963545 0.018800 0.051304
0.0 0.401506 0.987519 0.015734 0.024962
0.0 0.622470 0.957261 0.028178 0.027422
0.0 0.580594 0.918735 0.017046 0.020826
0.0 0.196923 0.990830 0.010268 0.018341
0.0 0.171487 0.982607 0.013516 0.032414
0.0 0.278119 0.797077 0.074589 0.064006
0.0 0.390347 0.835702 0.017570 0.037224
0.0 0.199205 0.871509 0.016540 0.029390
0.0 0.194666 0.729394 0.013292 0.025386
0.0 0.180228 0.668887 0.012286 0.018334
0.0 0.002404 0.169768 0.004809 0.023849
0.0 0.398181 0.444628 0.011124 0.030777
0.0 0.398818 0.733818 0.014072 0.025411
0.0 0.317249 0.602761 0.022836 0.031151
0.0 0.333018 0.680422 0.013117 0.019920
0.0 0.304034 0.653990 0.019655 0.053671
