0.0 0.020734 0.207937 0.041468 0.049281
0.0 0.077803 0.376448 0.048435 0.092007
0.0 0.115857 0.372283 0.059442 0.115464
0.0 0.388678 0.516899 0.094862 0.095553
0.0 0.357011 0.205998 0.076176 0.121131
0.0 0.233174 0.173182 0.037949 0.066305
0.0 0.458350 0.435398 0.104084 0.102701
0.0 0.710932 0.047582 0.071262 0.095163
0.0 0.446555 0.629238 0.049350 0.163467
0.0 0.501451 0.613799 0.081481 0.148568
0.0 0.299750 0.817419 0.072896 0.070130
0.0 0.488690 0.870618 0.067618 0.077993
0.0 0.140817 0.930694 0.068967 0.097323
0.0 0.859367 0.480319 0.056734 0.083707
0.0 0.924589 0.271987 0.041565 0.071305
0.0 0.867588 0.765313 0.264825 0.414569
0.0 0.766640 0.573774 0.047790 0.065080
0.0 0.958933 0.686335 0.065693 0.144538
0.0 0.538600 0.687539 0.061151 0.074983
0.0 0.638942 0.685203 0.052280 0.064037
0.0 0.800190 0.736716 0.042524 0.066039
0.0 0.285755 0.567458 0.043520 0.089167
0.0 0.126995 0.732585 0.061614 0.107261
0.0 0.919498 0.534254 0.037366 0.053965
0.0 0.991283 0.731777 0.017433 0.037497
0.0 0.982507 0.829935 0.016092 0.027850
0.0 0.787969 0.143902 0.026810 0.069690
0.0 0.720267 0.286489 0.054768 0.072750
0.0 0.598414 0.149714 0.032973 0.048880
0.0 0.223156 0.998105 0.038687 0.003791
0.0 0.438363 0.988593 0.026358 0.022813
0.0 0.461781 0.969444 0.023897 0.057094
0.0 0.724787 0.945376 0.033459 0.067349
0.0 0.671252 0.815272 0.033568 0.054316
0.0 0.313542 0.929081 0.025253 0.020412
0.0 0.240525 0.893847 0.046248 0.058006
0.0 0.100064 0.845560 0.015910 0.033201
0.0 0.115086 0.839201 0.022378 0.036211
0.0 0.153032 0.848408 0.026080 0.041987
0.0 0.041084 0.773423 0.024890 0.031114
0.0 0.059005 0.736096 0.022645 0.031636
0.0 0.127686 0.523456 0.037656 0.035581
0.0 0.144988 0.494841 0.026528 0.032061
0.0 0.200637 0.493466 0.025705 0.059594
0.0 0.248617 0.486644 0.024793 0.037242
0.0 0.293549 0.444788 0.027973 0.045263
0.0 0.009637 0.486076 0.016834 0.048648
0.0 0.007829 0.300234 0.015657 0.032849
0.0 0.034224 0.330132 0.018047 0.045712
0.0 0.058333 0.098007 0.021953 0.032328
0.0 0.003034 0.129646 0.006068 0.077541
0.0 0.125184 0.105623 0.026810 0.069690
0.0 0.085781 0.090287 0.017209 0.031041
0.0 0.193377 0.240411 0.020060 0.029051
0.0 0.335336 0.740435 0.029418 0.058466
0.0 0.659393 0.943888 0.032014 0.054146
