0.0 0.632812 0.661719 0.094531 0.242188
0.0 0.482031 0.709375 0.039062 0.095312
0.0 0.563281 0.628906 0.031250 0.079687
0.0 0.530469 0.506250 0.046094 0.101562
0.0 0.437500 0.400781 0.059375 0.125781
0.0 0.228906 0.541406 0.042969 0.097656
0.0 0.279687 0.413281 0.054688 0.101562
0.0 0.207813 0.209375 0.050000 0.085156
0.0 0.300000 0.157031 0.035156 0.143750
0.0 0.261719 0.047656 0.059375 0.088281
0.0 0.046875 0.281250 0.089844 0.128125
0.0 0.063281 0.385156 0.041406 0.064844
0.0 0.139844 0.266406 0.064063 0.143750
0.0 0.042969 0.042188 0.085938 0.083594
0.0 0.747656 0.400781 0.053125 0.089062
0.0 0.830469 0.425781 0.055469 0.085938
0.0 0.908594 0.865625 0.056250 0.132031
0.0 0.649219 0.972656 0.078906 0.053906
0.0 0.771094 0.705469 0.039844 0.057031
0.0 0.667969 0.475781 0.035938 0.051563
0.0 0.368750 0.160937 0.045313 0.085156
0.0 0.189063 0.632031 0.058594 0.045313
0.0 0.377344 0.462500 0.048437 0.100781
