0.0 0.499219 0.282031 0.050000 0.142187
0.0 0.325000 0.062500 0.049219 0.107031
0.0 0.550781 0.122656 0.031250 0.046094
0.0 0.478125 0.085938 0.047656 0.042187
0.0 0.709375 0.075000 0.040625 0.060937
0.0 0.683594 0.289062 0.049219 0.117969
0.0 0.542969 0.431250 0.057812 0.143750
0.0 0.434375 0.473437 0.067969 0.107813
0.0 0.275781 0.400781 0.031250 0.115625
0.0 0.427344 0.364062 0.104688 0.027344
0.0 0.381250 0.530469 0.043750 0.056250
0.0 0.375781 0.732031 0.039062 0.060156
0.0 0.753125 0.947656 0.053906 0.103906
0.0 0.264062 0.942187 0.089063 0.115625
3.0 0.543750 0.838281 0.137500 0.292187
