0.0 0.402414 0.458150 0.184519 0.208097
0.0 0.096916 0.304671 0.156300 0.183064
0.0 0.034465 0.186205 0.068930 0.111679
0.0 0.825568 0.169360 0.293376 0.338720
0.0 0.708305 0.402272 0.141008 0.176694
0.0 0.592310 0.469825 0.099784 0.119539
0.0 0.773361 0.531382 0.066738 0.057816
0.0 0.702132 0.541277 0.047571 0.046296
0.0 0.708329 0.687663 0.138571 0.132198
0.0 0.828950 0.807991 0.112129 0.126148
0.0 0.637426 0.874287 0.131142 0.089084
0.0 0.380022 0.825094 0.121924 0.135306
0.0 0.240165 0.850778 0.099893 0.094158
0.0 0.279390 0.959381 0.106050 0.081239
0.0 0.516663 0.587504 0.056862 0.056862
0.0 0.954523 0.614311 0.090955 0.155670
0.0 0.477878 0.822502 0.056835 0.052375
0.0 0.598699 0.557513 0.054791 0.053517
0.0 0.808127 0.898782 0.092171 0.066681
