0.0 0.277344 0.520312 0.082812 0.221094
0.0 0.086719 0.438281 0.076562 0.167187
0.0 0.028125 0.337500 0.040625 0.096094
0.0 0.021094 0.503906 0.026563 0.129688
0.0 0.162500 0.803125 0.062500 0.084375
0.0 0.400000 0.646094 0.062500 0.092188
0.0 0.430469 0.553906 0.045313 0.057812
0.0 0.612500 0.168750 0.038281 0.121094
0.0 0.771875 0.267187 0.028906 0.087500
0.0 0.974219 0.223438 0.051563 0.099219
0.0 0.442187 0.305469 0.039844 0.117188
0.0 0.547656 0.451562 0.045313 0.059375
0.0 0.692187 0.686719 0.061719 0.117188
0.0 0.710156 0.139062 0.029688 0.094531
0.0 0.190625 0.394531 0.038281 0.060938
0.0 0.471875 0.732813 0.033594 0.072656
0.0 0.468750 0.490625 0.027344 0.077344
0.0 0.053125 0.614062 0.038281 0.050000
