0.0 0.257812 0.874219 0.025000 0.049219
0.0 0.379687 0.825000 0.053906 0.082813
0.0 0.642969 0.860156 0.028906 0.046094
0.0 0.766406 0.957031 0.030469 0.085938
1.0 0.692969 0.585156 0.153125 0.185156
0.0 0.458594 0.571094 0.074219 0.091406
0.0 0.381250 0.493750 0.076563 0.075781
0.0 0.264062 0.461719 0.022656 0.060156
0.0 0.308594 0.496875 0.016406 0.022656
0.0 0.428125 0.368750 0.021875 0.136719
0.0 0.483594 0.381250 0.048437 0.128906
0.0 0.492969 0.285156 0.014844 0.018750
0.0 0.521875 0.303125 0.030469 0.067969
0.0 0.580469 0.274219 0.014063 0.017969
0.0 0.625781 0.287500 0.027344 0.045313
0.0 0.766406 0.387500 0.031250 0.041406
0.0 0.352344 0.014844 0.014063 0.018750
0.0 0.368750 0.046875 0.015625 0.025781
0.0 0.410937 0.086719 0.016406 0.024219
0.0 0.446875 0.111719 0.052344 0.064844
0.0 0.338281 0.117969 0.015625 0.016406
0.0 0.374219 0.150781 0.014844 0.022656
0.0 0.255469 0.189062 0.071875 0.064062
0.0 0.253906 0.073438 0.014844 0.021875
0.0 0.233594 0.109375 0.014844 0.017969
0.0 0.294531 0.246875 0.010938 0.018750
0.0 0.302344 0.275781 0.032031 0.039844
0.0 0.237500 0.550781 0.014844 0.036719
0.0 0.288281 0.589844 0.022656 0.039844
0.0 0.584375 0.814063 0.018750 0.030469
0.0 0.778125 0.220312 0.010156 0.035156
0.0 0.753906 0.085156 0.055469 0.132812
0.0 0.683594 0.020312 0.018750 0.031250
0.0 0.607813 0.021094 0.014844 0.021875
0.0 0.621875 0.006250 0.013281 0.012500
0.0 0.569531 0.054688 0.016406 0.031250
0.0 0.404687 0.009375 0.010938 0.017969
0.0 0.407813 0.027344 0.014063 0.017187
0.0 0.282031 0.332812 0.016406 0.020313
0.0 0.297656 0.389844 0.010938 0.019531
0.0 0.309375 0.401563 0.010938 0.017969
0.0 0.347656 0.202344 0.012500 0.019531
0.0 0.638281 0.142969 0.010937 0.014063
0.0 0.648438 0.151563 0.010937 0.021875
0.0 0.710938 0.046875 0.021875 0.022656
0.0 0.383594 0.248438 0.017187 0.019531
0.0 0.392188 0.560156 0.016406 0.023438
0.0 0.632812 0.164062 0.014063 0.021094
0.0 0.701563 0.098437 0.011719 0.018750
0.0 0.321094 0.054688 0.014844 0.017969
0.0 0.316406 0.131250 0.011719 0.017969
0.0 0.540625 0.220312 0.011719 0.015625
0.0 0.392969 0.189844 0.012500 0.015625
0.0 0.460938 0.189844 0.013281 0.015625
0.0 0.465625 0.293750 0.010156 0.016406
0.0 0.414844 0.134375 0.010156 0.025000
0.0 0.332031 0.517969 0.012500 0.017969
