1.0 0.088281 0.477344 0.114063 0.248438
1.0 0.523438 0.167187 0.097656 0.105469
1.0 0.707812 0.316406 0.077344 0.072656
1.0 0.589063 0.293750 0.135937 0.144531
1.0 0.648438 0.546875 0.101562 0.097656
4.0 0.471875 0.932031 0.034375 0.060938
1.0 0.553125 0.900781 0.096094 0.118750
1.0 0.295312 0.920313 0.088281 0.155469
1.0 0.135937 0.907031 0.072656 0.117188
1.0 0.632031 0.967969 0.040625 0.064062
1.0 0.910937 0.735937 0.062500 0.064062
1.0 0.789062 0.619531 0.122656 0.067969
4.0 0.896875 0.182812 0.024219 0.030469
4.0 0.953906 0.133594 0.034375 0.039062
4.0 0.876562 0.062500 0.025000 0.035938
4.0 0.995313 0.091406 0.009375 0.032812
4.0 0.793750 0.450781 0.046875 0.030469
4.0 0.859375 0.389844 0.023438 0.055469
4.0 0.860156 0.316406 0.025781 0.028906
4.0 0.889063 0.288281 0.030469 0.026563
4.0 0.952344 0.334375 0.024219 0.037500
4.0 0.953906 0.290625 0.030469 0.050000
4.0 0.877344 0.576563 0.027344 0.050000
4.0 0.971875 0.584375 0.030469 0.037500
4.0 0.989062 0.426562 0.021875 0.032031
4.0 0.853906 0.821094 0.034375 0.032812
4.0 0.741406 0.949219 0.027344 0.045313
4.0 0.605469 0.764844 0.044531 0.051563
4.0 0.414062 0.556250 0.033594 0.044531
4.0 0.471094 0.456250 0.039062 0.054688
4.0 0.146875 0.716406 0.037500 0.040625
4.0 0.371094 0.817969 0.039844 0.057812
