0.0 0.705469 0.856250 0.059375 0.123437
0.0 0.526563 0.853906 0.034375 0.055469
0.0 0.435938 0.810156 0.038281 0.064063
0.0 0.257812 0.840625 0.054688 0.081250
0.0 0.285937 0.671875 0.056250 0.080469
0.0 0.442187 0.555469 0.075000 0.110156
0.0 0.507813 0.671875 0.057812 0.160937
0.0 0.581250 0.521875 0.085156 0.080469
0.0 0.592969 0.607031 0.100000 0.042188
0.0 0.758594 0.580469 0.057031 0.082812
0.0 0.629687 0.459375 0.058594 0.057812
0.0 0.643750 0.317969 0.032812 0.042969
0.0 0.756250 0.120313 0.147656 0.105469
0.0 0.203906 0.100781 0.065625 0.070312
3.0 0.456250 0.214063 0.133594 0.233594
