0.0 0.802832 0.912121 0.062975 0.115538
0.0 0.667923 0.825722 0.035862 0.043572
0.0 0.467794 0.571473 0.082051 0.098170
0.0 0.419403 0.821176 0.063260 0.079379
0.0 0.305759 0.870846 0.035216 0.060446
0.0 0.323162 0.378482 0.016820 0.037845
0.0 0.305225 0.419502 0.022196 0.029906
0.0 0.274356 0.480638 0.025580 0.056417
0.0 0.258521 0.574834 0.025438 0.047163
0.0 0.308159 0.600557 0.028865 0.042882
0.0 0.385798 0.504193 0.086420 0.087822
0.0 0.419088 0.380016 0.031219 0.137045
0.0 0.476523 0.389269 0.058453 0.124331
0.0 0.503221 0.309703 0.032566 0.064805
0.0 0.597931 0.290946 0.034997 0.050416
0.0 0.745039 0.214425 0.030475 0.059209
0.0 0.741403 0.368651 0.027310 0.042728
0.0 0.706451 0.082601 0.091172 0.165203
0.0 0.627389 0.024257 0.026346 0.048515
0.0 0.564479 0.031256 0.028482 0.038994
0.0 0.599443 0.154985 0.032588 0.049408
0.0 0.365291 0.049323 0.016020 0.053164
0.0 0.337882 0.026119 0.021813 0.026018
0.0 0.227129 0.121037 0.023127 0.031537
0.0 0.257008 0.822270 0.016666 0.036290
0.0 0.758867 0.665244 0.055168 0.083201
0.0 0.606097 0.787855 0.014498 0.029917
0.0 0.314346 0.512022 0.033837 0.046452
0.0 0.345907 0.179195 0.028099 0.035107
0.0 0.326711 0.231330 0.019700 0.035819
0.0 0.289775 0.294634 0.033815 0.061848
0.0 0.241276 0.232688 0.075788 0.073685
0.0 0.449598 0.020601 0.030661 0.037669
0.0 0.403956 0.138931 0.073521 0.081931
0.0 0.278802 0.358519 0.010534 0.028756
0.0 0.334377 0.086128 0.017761 0.031778
0.0 0.213396 0.156932 0.021583 0.023686
