0.0 0.151914 0.160698 0.071757 0.107970
0.0 0.605328 0.228590 0.077644 0.080377
0.0 0.735037 0.168279 0.035434 0.047050
0.0 0.791160 0.216662 0.019677 0.036759
0.0 0.769969 0.500857 0.037320 0.056451
0.0 0.612679 0.435425 0.017108 0.028040
0.0 0.634668 0.487878 0.102746 0.085664
0.0 0.597449 0.591450 0.037054 0.118362
0.0 0.606259 0.797324 0.082591 0.064143
0.0 0.650823 0.867542 0.026068 0.039050
0.0 0.688573 0.841011 0.022888 0.018788
0.0 0.684038 0.888759 0.019841 0.025307
0.0 0.816808 0.801331 0.030702 0.026602
0.0 0.804805 0.713856 0.090996 0.070498
0.0 0.343347 0.901841 0.023407 0.029556
0.0 0.245539 0.873376 0.111702 0.180029
0.0 0.208428 0.753489 0.034011 0.041527
0.0 0.373933 0.788831 0.041085 0.043135
0.0 0.421975 0.894826 0.039626 0.043726
0.0 0.380250 0.683436 0.032701 0.049783
0.0 0.493674 0.658111 0.038707 0.068087
0.0 0.529902 0.592422 0.058348 0.110960
0.0 0.541936 0.435991 0.100788 0.088490
0.0 0.728374 0.402748 0.027399 0.043797
0.0 0.716713 0.476522 0.025976 0.038275
0.0 0.788149 0.422372 0.020695 0.045292
0.0 0.744377 0.655758 0.035306 0.052387
0.0 0.670236 0.759798 0.019585 0.035983
0.0 0.214056 0.615918 0.032018 0.050466
0.0 0.200622 0.371256 0.067944 0.063161
0.0 0.307894 0.234942 0.035192 0.038609
0.0 0.728567 0.556148 0.026602 0.030702
0.0 0.379454 0.261028 0.018311 0.038125
0.0 0.655834 0.685197 0.020396 0.029962
