0.0 0.509525 0.407639 0.071136 0.109698
0.0 0.558851 0.548660 0.106306 0.093235
0.0 0.565721 0.382409 0.039891 0.112438
0.0 0.628482 0.477102 0.113551 0.101133
0.0 0.454597 0.343359 0.056532 0.073526
0.0 0.669109 0.736441 0.061877 0.078870
0.0 0.734211 0.213462 0.081419 0.083380
0.0 0.516648 0.171002 0.072572 0.069958
0.0 0.262374 0.913528 0.078861 0.101082
1.0 0.410276 0.646572 0.353375 0.268409
0.0 0.756436 0.425041 0.030164 0.049118
0.0 0.745838 0.531003 0.023812 0.032309
0.0 0.335503 0.355329 0.036046 0.043236
0.0 0.157228 0.203290 0.108129 0.168912
0.0 0.150128 0.337170 0.032839 0.041989
0.0 0.239801 0.154247 0.023101 0.027676
0.0 0.387667 0.808127 0.037888 0.040503
0.0 0.813025 0.752274 0.035274 0.043117
0.0 0.576068 0.074139 0.023338 0.029220
