3.0 0.296875 0.570312 0.171875 0.176563
0.0 0.542969 0.572656 0.091406 0.123438
0.0 0.519531 0.382031 0.057812 0.123438
0.0 0.620313 0.488281 0.093750 0.098438
0.0 0.480469 0.300781 0.049219 0.083594
0.0 0.890625 0.665625 0.042969 0.060938
0.0 0.749219 0.192187 0.066406 0.055469
0.0 0.554688 0.114062 0.055469 0.068750
0.0 0.920313 0.094531 0.031250 0.060938
0.0 0.943750 0.073438 0.014844 0.039844
0.0 0.947656 0.123438 0.021875 0.054688
0.0 0.989844 0.303125 0.018750 0.036719
0.0 0.735938 0.460156 0.026563 0.058594
0.0 0.712500 0.587500 0.023438 0.030469
0.0 0.692187 0.496875 0.019531 0.029688
0.0 0.764062 0.553125 0.019531 0.039844
0.0 0.871094 0.552344 0.028125 0.033594
0.0 0.892969 0.521875 0.023438 0.035937
0.0 0.920313 0.304688 0.050000 0.085156
0.0 0.373438 0.289062 0.029688 0.044531
0.0 0.140625 0.194531 0.273438 0.388281
0.0 0.214063 0.225000 0.028125 0.041406
0.0 0.038281 0.247656 0.050000 0.107031
0.0 0.028125 0.696094 0.028906 0.039844
0.0 0.223437 0.956250 0.057031 0.082812
0.0 0.621094 0.826562 0.058594 0.088281
0.0 0.743750 0.875781 0.029688 0.053125
0.0 0.976563 0.867969 0.046094 0.040625
0.0 0.357813 0.864062 0.032812 0.042188
0.0 0.121875 0.484375 0.040625 0.070312
0.0 0.228906 0.390625 0.034375 0.043750
0.0 0.749219 0.074219 0.018750 0.025000
0.0 0.802344 0.108594 0.014844 0.036719
0.0 0.910938 0.178125 0.017188 0.032031
0.0 0.942969 0.196875 0.014844 0.033594
0.0 0.830469 0.124219 0.025781 0.025000
0.0 0.696094 0.275781 0.030469 0.039062
0.0 0.625000 0.153906 0.019531 0.028906
0.0 0.315625 0.029688 0.014844 0.027344
0.0 0.921094 0.977344 0.016406 0.032812
0.0 0.792187 0.812500 0.017188 0.025000
0.0 0.990625 0.983594 0.015625 0.024219
0.0 0.931250 0.689063 0.032031 0.089063
0.0 0.590625 0.027344 0.018750 0.023438
0.0 0.632031 0.049219 0.020312 0.024219
0.0 0.391406 0.021875 0.018750 0.023438
0.0 0.574219 0.368750 0.024219 0.139063
0.0 0.969531 0.736719 0.017969 0.038281
