0.0 0.750294 0.849891 0.043179 0.047268
0.0 0.729942 0.524758 0.024987 0.035890
0.0 0.743797 0.605138 0.031779 0.035186
0.0 0.781016 0.499477 0.033639 0.056808
0.0 0.824809 0.281289 0.082383 0.068072
0.0 0.599547 0.399543 0.043639 0.132907
0.0 0.641717 0.512477 0.105017 0.084574
0.0 0.493397 0.333932 0.045299 0.077326
0.0 0.531625 0.401530 0.070828 0.123980
1.0 0.268123 0.530096 0.209281 0.162943
0.0 0.610935 0.792055 0.084713 0.093572
0.0 0.376713 0.303245 0.039113 0.045246
0.0 0.139214 0.846558 0.049342 0.085458
0.0 0.296641 0.781456 0.038221 0.050487
0.0 0.248938 0.098075 0.080790 0.105322
0.0 0.806903 0.584465 0.023131 0.039486
0.0 0.760758 0.335687 0.044779 0.060452
0.0 0.542693 0.569714 0.106218 0.100766
0.0 0.336064 0.074022 0.027502 0.037724
0.0 0.839466 0.179973 0.029076 0.031802
0.0 0.645128 0.166619 0.019487 0.028346
0.0 0.682159 0.224628 0.022518 0.021836
0.0 0.404667 0.072904 0.015044 0.023222
0.0 0.421658 0.082049 0.017183 0.021953
0.0 0.461324 0.118342 0.017371 0.023504
0.0 0.366013 0.183899 0.026843 0.032295
0.0 0.665820 0.099876 0.015937 0.017981
0.0 0.655617 0.119099 0.015843 0.017205
0.0 0.701913 0.139670 0.017443 0.030390
0.0 0.707440 0.275702 0.017958 0.022047
0.0 0.660948 0.308622 0.017183 0.021953
0.0 0.369995 0.754157 0.015421 0.026324
0.0 0.196229 0.370270 0.032720 0.042942
0.0 0.853915 0.210058 0.013493 0.023033
0.0 0.602446 0.181113 0.068046 0.063276
