0.0 0.261840 0.281247 0.347295 0.322175
0.0 0.557777 0.317576 0.258272 0.243200
0.0 0.130466 0.684168 0.250253 0.476336
0.0 0.391409 0.864370 0.261940 0.271260
0.0 0.608703 0.736751 0.295445 0.263147
0.0 0.771147 0.919345 0.457706 0.156288
1.0 0.970400 0.604827 0.059200 0.328405
1.0 0.824072 0.595246 0.111367 0.117109
1.0 0.825759 0.716580 0.110512 0.106205
1.0 0.278878 0.448395 0.091237 0.077600
1.0 0.376311 0.451718 0.085495 0.083342
1.0 0.319831 0.620718 0.109977 0.109259
0.0 0.872381 0.411998 0.218870 0.214564
0.0 0.854093 0.288832 0.251274 0.173760
0.0 0.668820 0.111090 0.481314 0.222180
