0.0 0.267969 0.790625 0.066406 0.069531
0.0 0.441406 0.869531 0.071875 0.071875
0.0 0.749219 0.906250 0.073438 0.182813
0.0 0.770313 0.759375 0.021875 0.032812
0.0 0.620313 0.698438 0.038281 0.053125
0.0 0.607812 0.953906 0.025000 0.035937
0.0 0.672656 0.951563 0.018750 0.025781
0.0 0.412500 0.954687 0.014063 0.046875
0.0 0.384375 0.980469 0.021094 0.029688
0.0 0.328906 0.849219 0.010156 0.019531
0.0 0.267187 0.903906 0.010937 0.021875
0.0 0.521094 0.682813 0.028906 0.071875
0.0 0.483594 0.611719 0.040625 0.125000
0.0 0.428906 0.624219 0.025781 0.146875
0.0 0.386719 0.503906 0.070312 0.071875
0.0 0.316406 0.505469 0.019531 0.032031
0.0 0.275781 0.533594 0.026562 0.061719
0.0 0.457812 0.429688 0.067969 0.089844
0.0 0.386719 0.191406 0.047656 0.082031
0.0 0.267969 0.140625 0.021094 0.054688
0.0 0.228125 0.202344 0.014844 0.035156
0.0 0.759375 0.064062 0.045313 0.096875
0.0 0.634375 0.160937 0.023438 0.048437
0.0 0.577344 0.199219 0.015625 0.033594
0.0 0.632812 0.826562 0.024219 0.042969
0.0 0.383594 0.833594 0.014844 0.035156
0.0 0.376562 0.928906 0.010156 0.021094
0.0 0.301562 0.420313 0.021875 0.038281
0.0 0.249219 0.449219 0.013281 0.032812
0.0 0.739844 0.308594 0.050000 0.054688
0.0 0.314062 0.714063 0.021875 0.046875
0.0 0.251562 0.870312 0.014844 0.021094
0.0 0.349219 0.864063 0.014844 0.018750
0.0 0.757031 0.606250 0.031250 0.042188
0.0 0.314062 0.593750 0.021094 0.025000
0.0 0.391406 0.735938 0.015625 0.021875
0.0 0.356250 0.781250 0.013281 0.021094
0.0 0.499219 0.982031 0.025781 0.035156
0.0 0.296094 0.662500 0.010937 0.032031
