0.0 0.287707 0.916933 0.057385 0.133394
0.0 0.336582 0.848597 0.039729 0.069288
0.0 0.219304 0.918277 0.019512 0.034996
0.0 0.238344 0.949124 0.016292 0.025441
0.0 0.273917 0.591511 0.051831 0.123618
0.0 0.393184 0.451390 0.051879 0.051175
0.0 0.430156 0.524750 0.083836 0.087355
0.0 0.537492 0.584397 0.088826 0.147945
0.0 0.414803 0.628450 0.086987 0.063762
0.0 0.479182 0.710694 0.063642 0.142467
0.0 0.669652 0.952465 0.035730 0.059659
0.0 0.660508 0.734998 0.053611 0.109914
0.0 0.516169 0.882937 0.029733 0.045216
0.0 0.437661 0.916281 0.045362 0.047473
0.0 0.485110 0.970233 0.027068 0.033402
0.0 0.367029 0.875035 0.020550 0.029700
0.0 0.407836 0.842031 0.021287 0.053662
0.0 0.465019 0.851392 0.018620 0.058032
0.0 0.799469 0.057610 0.061136 0.067470
0.0 0.309976 0.043024 0.110720 0.086047
0.0 0.405452 0.272843 0.041101 0.059399
0.0 0.251536 0.273904 0.033249 0.057882
0.0 0.329341 0.239709 0.030990 0.058438
0.0 0.215966 0.647998 0.032211 0.063178
0.0 0.223901 0.713104 0.016475 0.035478
0.0 0.256796 0.763318 0.013994 0.033700
0.0 0.281378 0.702873 0.021624 0.032884
0.0 0.482668 0.024551 0.035213 0.049102
0.0 0.651479 0.062373 0.050612 0.102693
0.0 0.724469 0.268646 0.035100 0.061141
1.0 0.573536 0.164046 0.123059 0.305342
0.0 0.308051 0.752496 0.016922 0.023960
0.0 0.338076 0.692569 0.017439 0.029404
0.0 0.387781 0.003282 0.017330 0.006565
0.0 0.264849 0.150391 0.026474 0.043365
0.0 0.317840 0.113051 0.031808 0.034624
0.0 0.263288 0.356638 0.018439 0.031811
0.0 0.365353 0.818372 0.012625 0.027405
