1.0 0.294726 0.544348 0.186909 0.205309
0.0 0.531460 0.383409 0.074093 0.132017
0.0 0.532989 0.565387 0.098041 0.134159
0.0 0.625291 0.498675 0.104149 0.108919
0.0 0.301625 0.053259 0.083400 0.106517
0.0 0.774398 0.223223 0.085276 0.098223
0.0 0.180274 0.916868 0.046780 0.095845
0.0 0.378317 0.802389 0.018123 0.029708
0.0 0.313822 0.840995 0.035400 0.052436
0.0 0.696314 0.899208 0.032109 0.050509
0.0 0.755037 0.577376 0.020804 0.039203
0.0 0.698768 0.613046 0.026044 0.038311
0.0 0.738526 0.486444 0.031970 0.061954
0.0 0.581255 0.835668 0.066003 0.090536
0.0 0.399273 0.272933 0.031921 0.048958
0.0 0.501598 0.298727 0.035896 0.075421
0.0 0.588218 0.376130 0.038936 0.144563
0.0 0.451127 0.010169 0.019110 0.020338
0.0 0.703243 0.135105 0.014291 0.017017
0.0 0.666341 0.166829 0.017465 0.024279
0.0 0.722049 0.297931 0.031356 0.044304
0.0 0.796645 0.104728 0.020567 0.024656
0.0 0.689026 0.518213 0.017370 0.023504
0.0 0.683017 0.061823 0.022306 0.026395
0.0 0.653996 0.022101 0.014878 0.015560
0.0 0.647954 0.039468 0.014950 0.022446
0.0 0.636830 0.098716 0.018334 0.025149
0.0 0.628176 0.144098 0.013493 0.023033
0.0 0.599107 0.117748 0.060289 0.062333
0.0 0.376296 0.008925 0.019181 0.017850
0.0 0.483626 0.044713 0.013986 0.020801
0.0 0.810342 0.141017 0.015537 0.020989
0.0 0.405025 0.121744 0.016124 0.019532
0.0 0.408219 0.147315 0.013116 0.019931
0.0 0.392285 0.135938 0.014856 0.021670
0.0 0.257471 0.183326 0.010673 0.024983
0.0 0.436063 0.001743 0.015654 0.003485
0.0 0.735134 0.352246 0.013892 0.020025
0.0 0.714233 0.414242 0.016313 0.021083
0.0 0.644402 0.263326 0.020849 0.026982
