0.0 0.921642 0.629608 0.039681 0.087119
0.0 0.881791 0.608557 0.049405 0.091960
0.0 0.980799 0.796911 0.038401 0.045090
0.0 0.993418 0.871882 0.013163 0.082358
0.0 0.286371 0.954732 0.064967 0.090535
0.0 0.542116 0.558515 0.090057 0.098429
0.0 0.642707 0.789314 0.058792 0.085999
0.0 0.801614 0.761266 0.016015 0.036246
0.0 0.764756 0.823154 0.032710 0.064103
0.0 0.715489 0.433961 0.028824 0.063705
0.0 0.878045 0.073343 0.029736 0.087639
0.0 0.855886 0.071685 0.034840 0.077395
0.0 0.698020 0.178945 0.081092 0.085975
0.0 0.872907 0.268632 0.068473 0.105447
0.0 0.959878 0.228315 0.024008 0.031681
0.0 0.942395 0.264659 0.029962 0.052286
0.0 0.900566 0.162921 0.058241 0.050567
0.0 0.855532 0.152610 0.017570 0.036406
0.0 0.871533 0.477671 0.020538 0.042862
0.0 0.853572 0.509352 0.040469 0.027214
0.0 0.796819 0.507309 0.015055 0.056912
0.0 0.750824 0.518301 0.021456 0.036803
0.0 0.709169 0.556334 0.027753 0.038217
0.0 0.610104 0.478519 0.084121 0.085516
0.0 0.556439 0.368569 0.039351 0.143994
0.0 0.504784 0.385637 0.064404 0.125795
0.0 0.458666 0.311040 0.038946 0.072432
0.0 0.363273 0.307455 0.033769 0.051907
0.0 0.518005 0.123553 0.068718 0.077787
0.0 0.138793 0.232125 0.277585 0.414991
0.0 0.207627 0.267630 0.026737 0.035806
0.0 0.047086 0.295060 0.053786 0.104713
0.0 0.011743 0.265063 0.023485 0.025782
0.0 0.023059 0.160087 0.013366 0.032899
0.0 0.077414 0.729386 0.031180 0.041644
0.0 0.144929 0.514361 0.041400 0.058840
0.0 0.080513 0.460485 0.045604 0.062347
0.0 0.235498 0.417132 0.034747 0.038933
0.0 0.209868 0.857186 0.030898 0.053920
0.0 0.401950 0.854014 0.036320 0.046785
0.0 0.280578 0.711729 0.061386 0.066270
0.0 0.939625 0.904989 0.023371 0.025464
0.0 0.987224 0.518444 0.013066 0.037483
0.0 0.664467 0.257772 0.040164 0.061790
0.0 0.568405 0.007448 0.023371 0.014896
0.0 0.540800 0.031691 0.025538 0.054140
0.0 0.276617 0.051669 0.028126 0.064403
0.0 0.344948 0.051741 0.026456 0.048082
0.0 0.796317 0.005741 0.022374 0.011481
0.0 0.771307 0.104689 0.022551 0.039992
0.0 0.747973 0.099224 0.013665 0.028315
0.0 0.699830 0.089232 0.033787 0.059599
0.0 0.580811 0.154034 0.022771 0.034631
0.0 0.332747 0.185712 0.030005 0.037679
0.0 0.873625 0.904678 0.023286 0.054679
0.0 0.686596 0.312836 0.019045 0.035788
0.0 0.672596 0.375525 0.024326 0.034790
0.0 0.679432 0.472992 0.026339 0.031920
0.0 0.604811 0.541887 0.015899 0.020085
0.0 0.890598 0.717602 0.016695 0.027857
0.0 0.992779 0.708953 0.014441 0.049477
0.0 0.979907 0.646418 0.015140 0.027697
0.0 0.961548 0.674213 0.015477 0.038499
0.0 0.826066 0.647246 0.016994 0.023273
0.0 0.808633 0.308196 0.014204 0.026063
0.0 0.432878 0.319962 0.016933 0.030188
0.0 0.577860 0.056169 0.018885 0.034233
