0.0 0.432164 0.529908 0.079728 0.095993
0.0 0.471600 0.717069 0.066442 0.161910
0.0 0.668372 0.727146 0.061905 0.103628
0.0 0.392001 0.454077 0.053907 0.066636
0.0 0.417293 0.632890 0.091536 0.073149
0.0 0.305073 0.042002 0.093098 0.084004
0.0 0.402855 0.266005 0.025966 0.047888
0.0 0.386703 0.001831 0.019241 0.003663
3.0 0.572486 0.160645 0.115831 0.280601
0.0 0.798207 0.050979 0.050368 0.053197
0.0 0.251275 0.285148 0.014292 0.029850
0.0 0.540586 0.579791 0.080867 0.142391
0.0 0.673428 0.947262 0.032190 0.048455
0.0 0.517689 0.882870 0.031836 0.044565
0.0 0.488746 0.968096 0.025045 0.037774
0.0 0.441224 0.912777 0.036647 0.055033
0.0 0.289363 0.917773 0.048330 0.132483
0.0 0.286004 0.704872 0.017475 0.030912
0.0 0.225953 0.709601 0.015919 0.030770
0.0 0.342708 0.840261 0.029149 0.048949
0.0 0.468608 0.844667 0.019740 0.038834
0.0 0.275557 0.578403 0.040614 0.090115
0.0 0.210120 0.642262 0.013091 0.033598
0.0 0.222287 0.637879 0.017970 0.027870
0.0 0.254965 0.632226 0.019879 0.023415
0.0 0.281066 0.629896 0.018463 0.016341
0.0 0.341813 0.695050 0.017263 0.028577
0.0 0.262756 0.150478 0.024974 0.036995
0.0 0.727581 0.266555 0.031908 0.053830
0.0 0.689015 0.371301 0.021649 0.034378
0.0 0.260673 0.759048 0.016414 0.027728
0.0 0.223300 0.919601 0.018608 0.034873
0.0 0.239280 0.950867 0.018890 0.029497
0.0 0.372338 0.876692 0.016414 0.027728
0.0 0.408061 0.854842 0.022851 0.030629
0.0 0.368245 0.818268 0.018324 0.031760
0.0 0.265971 0.804246 0.020800 0.033529
0.0 0.377917 0.505355 0.019950 0.024193
0.0 0.328946 0.233386 0.029290 0.050505
0.0 0.263217 0.352132 0.020658 0.031973
0.0 0.243853 0.254662 0.012382 0.025818
0.0 0.306473 0.118373 0.020940 0.026598
0.0 0.482539 0.022299 0.034595 0.044597
0.0 0.310540 0.754176 0.018112 0.029426
