0.0 0.351287 0.502479 0.078292 0.145276
0.0 0.265693 0.599182 0.053242 0.049263
0.0 0.272634 0.539407 0.111776 0.135651
0.0 0.205143 0.586606 0.025288 0.044521
0.0 0.151658 0.557676 0.117871 0.082721
0.0 0.240643 0.354133 0.045938 0.083077
0.0 0.228245 0.280554 0.050035 0.058656
0.0 0.338414 0.327032 0.066828 0.064838
0.0 0.311588 0.393443 0.050902 0.107274
0.0 0.512737 0.255602 0.075439 0.088040
0.0 0.578141 0.245195 0.082712 0.144390
0.0 0.660117 0.234783 0.119405 0.120069
0.0 0.596120 0.152271 0.055337 0.063958
0.0 0.719947 0.069698 0.086823 0.077539
0.0 0.831097 0.076070 0.045063 0.055675
0.0 0.802404 0.177726 0.051914 0.055893
0.0 0.517222 0.118930 0.017671 0.022977
0.0 0.537752 0.057935 0.051914 0.055893
0.0 0.432233 0.051349 0.149790 0.102697
0.0 0.400260 0.247463 0.030260 0.047503
0.0 0.466548 0.236393 0.034790 0.047391
0.0 0.471992 0.331077 0.047499 0.040867
0.0 0.206326 0.489710 0.057646 0.096112
0.0 0.191505 0.438671 0.043629 0.050924
0.0 0.249283 0.420864 0.017451 0.021430
0.0 0.268631 0.462289 0.024853 0.025516
0.0 0.295201 0.286940 0.028608 0.030598
0.0 0.402788 0.207577 0.038771 0.038108
0.0 0.419048 0.265134 0.028055 0.032034
0.0 0.353230 0.361499 0.129220 0.178297
0.0 0.079125 0.728842 0.100619 0.126484
0.0 0.038484 0.781446 0.038103 0.054683
0.0 0.336909 0.116116 0.024300 0.026953
0.0 0.550243 0.075499 0.032573 0.069049
0.0 0.762059 0.123049 0.024629 0.034577
0.0 0.801165 0.103370 0.033467 0.038110
0.0 0.333737 0.215886 0.130564 0.123932
0.0 0.174446 0.641417 0.017008 0.023640
0.0 0.127557 0.510838 0.039203 0.067721
0.0 0.232053 0.779836 0.055449 0.059428
0.0 0.062032 0.826627 0.040526 0.077002
0.0 0.064739 0.658136 0.082627 0.069363
0.0 0.089469 0.600897 0.035222 0.077004
