0.0 0.089063 0.569531 0.041406 0.086719
0.0 0.058594 0.307031 0.035938 0.075000
0.0 0.164844 0.796875 0.249219 0.405469
0.0 0.070312 0.746875 0.056250 0.130469
0.0 0.224219 0.755469 0.046875 0.062500
0.0 0.567187 0.867188 0.062500 0.075000
0.0 0.739062 0.781250 0.049219 0.088281
0.0 0.906250 0.888281 0.062500 0.097656
0.0 0.476562 0.690625 0.026562 0.066406
0.0 0.381250 0.709375 0.031250 0.033594
0.0 0.514844 0.616406 0.057812 0.109375
0.0 0.569531 0.628906 0.032812 0.139063
0.0 0.611719 0.512500 0.067969 0.071875
0.0 0.717187 0.548438 0.026563 0.040625
0.0 0.698438 0.417188 0.019531 0.025781
0.0 0.871094 0.340625 0.041406 0.053906
0.0 0.910156 0.318750 0.035938 0.074219
0.0 0.541406 0.424219 0.073438 0.091406
0.0 0.614062 0.184375 0.054688 0.078906
0.0 0.732031 0.150000 0.028125 0.069531
0.0 0.951563 0.146875 0.046875 0.077344
0.0 0.242188 0.075000 0.057812 0.100781
