0.0 0.742903 0.921379 0.029694 0.057932
0.0 0.358263 0.947286 0.039348 0.105428
0.0 0.313771 0.986472 0.015402 0.027056
0.0 0.290686 0.961267 0.019630 0.036284
0.0 0.287918 0.623900 0.048423 0.114312
0.0 0.229324 0.073541 0.098242 0.117068
0.0 0.210169 0.190030 0.021238 0.048028
0.0 0.214056 0.311152 0.023410 0.045856
0.0 0.364687 0.292643 0.030529 0.058767
0.0 0.286665 0.263712 0.026632 0.058490
0.0 0.403401 0.032222 0.025859 0.047580
0.0 0.686001 0.229139 0.023797 0.051311
0.0 0.579178 0.041117 0.051386 0.082235
0.0 0.548275 0.573333 0.067335 0.140464
0.0 0.434859 0.531247 0.075992 0.087577
0.0 0.385185 0.471328 0.049956 0.059368
0.0 0.434579 0.637783 0.081968 0.051558
0.0 0.513357 0.710520 0.049129 0.146152
0.0 0.697436 0.699821 0.050656 0.102064
0.0 0.576501 0.872084 0.019569 0.046359
0.0 0.521465 0.847007 0.015065 0.037511
0.0 0.559641 0.965698 0.023349 0.055932
0.0 0.352289 0.780678 0.008113 0.026938
0.0 0.317355 0.740861 0.017016 0.032221
0.0 0.301850 0.798352 0.017525 0.017525
0.0 0.259460 0.752797 0.017016 0.032221
0.0 0.241296 0.684379 0.023963 0.053649
0.0 0.304553 0.018866 0.017973 0.012905
0.0 0.429153 0.892711 0.019697 0.015353
0.0 0.397889 0.860466 0.032916 0.070567
0.0 0.466025 0.849371 0.019287 0.053318
0.0 0.372697 0.715008 0.010003 0.031724
0.0 0.240339 0.394659 0.011451 0.030276
0.0 0.547602 0.685379 0.016519 0.025208
0.0 0.505672 0.922532 0.037100 0.053030
0.0 0.721574 0.022132 0.056411 0.044265
1.0 0.514321 0.160638 0.117624 0.302982
