0.0 0.264062 0.806250 0.163281 0.294531
0.0 0.479688 0.831250 0.060156 0.119531
0.0 0.146875 0.523438 0.099219 0.186719
0.0 0.349219 0.504688 0.073438 0.147656
0.0 0.410937 0.610938 0.047656 0.078125
0.0 0.269531 0.221875 0.120313 0.203125
0.0 0.204688 0.151563 0.062500 0.124219
0.0 0.410937 0.198438 0.083594 0.200000
0.0 0.421875 0.381250 0.053125 0.113281
0.0 0.097656 0.906250 0.042187 0.053125
0.0 0.053906 0.575000 0.101562 0.266406
0.0 0.091406 0.168750 0.085938 0.178906
0.0 0.150000 0.339844 0.110156 0.189062
0.0 0.074219 0.367188 0.135938 0.209375
0.0 0.264062 0.371875 0.162500 0.200000
0.0 0.651563 0.060938 0.050781 0.071875
0.0 0.739062 0.095312 0.060156 0.097656
0.0 0.641406 0.956250 0.039062 0.059375
0.0 0.347656 0.953125 0.054688 0.069531
0.0 0.325000 0.910938 0.036719 0.061719
0.0 0.392188 0.845313 0.082031 0.089844
0.0 0.364844 0.754688 0.070312 0.159375
0.0 0.442187 0.737500 0.109375 0.210156
0.0 0.213281 0.604687 0.182813 0.319531
0.0 0.072656 0.786719 0.145313 0.414062
0.0 0.521094 0.892187 0.017187 0.031250
0.0 0.529688 0.826562 0.025000 0.039844
0.0 0.445312 0.543750 0.113281 0.219531
0.0 0.689062 0.903906 0.077344 0.132812
0.0 0.177344 0.864063 0.185937 0.264844
0.0 0.378125 0.414062 0.059375 0.078125
0.0 0.357812 0.343750 0.022656 0.063281
0.0 0.346875 0.201563 0.044531 0.137500
0.0 0.043750 0.240625 0.082031 0.264844
0.0 0.382812 0.045313 0.087500 0.089844
0.0 0.096875 0.071875 0.175000 0.143750
0.0 0.212500 0.033594 0.081250 0.067188
0.0 0.286719 0.071875 0.157813 0.143750
0.0 0.531250 0.746094 0.035156 0.039062
0.0 0.523437 0.657813 0.100781 0.142969
0.0 0.593750 0.775781 0.040625 0.057813
0.0 0.603125 0.674219 0.089844 0.107813
0.0 0.538281 0.530469 0.110937 0.148438
0.0 0.815625 0.581250 0.032031 0.056250
0.0 0.648438 0.426562 0.040625 0.050781
0.0 0.597656 0.490625 0.067188 0.132031
0.0 0.545313 0.459375 0.028125 0.053906
0.0 0.595312 0.355469 0.043750 0.107813
0.0 0.671094 0.509375 0.079687 0.107031
0.0 0.223438 0.659375 0.071094 0.105469
0.0 0.717969 0.651563 0.020313 0.044531
0.0 0.743750 0.649219 0.014844 0.023438
0.0 0.751562 0.623437 0.012500 0.018750
0.0 0.685938 0.617188 0.058594 0.121875
0.0 0.668750 0.733594 0.015625 0.032812
0.0 0.654688 0.686719 0.030469 0.060938
0.0 0.658594 0.297656 0.045313 0.042187
0.0 0.735156 0.270312 0.029688 0.056250
0.0 0.706250 0.325000 0.046875 0.060156
0.0 0.742969 0.360937 0.064062 0.105469
0.0 0.782031 0.295313 0.039062 0.074219
0.0 0.732813 0.492969 0.046875 0.085938
0.0 0.682813 0.443750 0.085156 0.086719
0.0 0.674219 0.389844 0.054688 0.070312
0.0 0.740625 0.426562 0.027344 0.043750
0.0 0.775000 0.450000 0.028906 0.034375
0.0 0.722656 0.584375 0.035938 0.065625
0.0 0.770312 0.551562 0.061719 0.134375
0.0 0.763281 0.476562 0.023438 0.035156
0.0 0.819531 0.515625 0.039062 0.053906
0.0 0.807813 0.456250 0.036719 0.064844
0.0 0.856250 0.487500 0.016406 0.022656
0.0 0.842188 0.467188 0.013281 0.018750
0.0 0.771094 0.417188 0.014063 0.021875
0.0 0.793750 0.395312 0.014844 0.021094
0.0 0.794531 0.362500 0.032812 0.050781
0.0 0.862500 0.448438 0.024219 0.046094
0.0 0.831250 0.403125 0.050000 0.081250
0.0 0.912500 0.467188 0.025781 0.040625
0.0 0.874219 0.418750 0.020313 0.030469
0.0 0.900000 0.415625 0.005469 0.022656
0.0 0.919531 0.410937 0.010937 0.019531
0.0 0.825000 0.349219 0.059375 0.045313
0.0 0.797656 0.898438 0.298437 0.200000
0.0 0.943750 0.929688 0.028125 0.057031
0.0 0.970312 0.811719 0.035156 0.076562
0.0 0.785937 0.221875 0.038281 0.063281
0.0 0.803125 0.178125 0.011719 0.016406
0.0 0.819531 0.150000 0.023438 0.031250
0.0 0.857813 0.145312 0.010156 0.019531
0.0 0.870313 0.135938 0.011719 0.011719
0.0 0.846875 0.179688 0.025000 0.046094
0.0 0.828125 0.206250 0.015625 0.032031
0.0 0.832812 0.320312 0.013281 0.021094
0.0 0.859375 0.322656 0.025781 0.054688
0.0 0.812500 0.293750 0.015625 0.030469
0.0 0.826563 0.253906 0.043750 0.089062
0.0 0.856250 0.215625 0.008594 0.022656
0.0 0.852344 0.265625 0.023438 0.039844
0.0 0.875000 0.250000 0.027344 0.042969
0.0 0.878125 0.215625 0.018750 0.017969
0.0 0.881250 0.175000 0.017969 0.033594
0.0 0.886719 0.276563 0.020313 0.037500
0.0 0.867188 0.373438 0.025781 0.046094
0.0 0.881250 0.389063 0.019531 0.025000
0.0 0.898438 0.382812 0.010156 0.034375
0.0 0.887500 0.453125 0.010156 0.015625
0.0 0.948438 0.403125 0.005469 0.008594
0.0 0.903125 0.360937 0.065625 0.057031
0.0 0.957031 0.386719 0.007812 0.017187
0.0 0.943750 0.346875 0.022656 0.036719
0.0 0.926562 0.304688 0.075000 0.068750
0.0 0.896094 0.139063 0.026562 0.055469
0.0 0.923437 0.190625 0.050781 0.040625
0.0 0.916406 0.237500 0.060938 0.038281
0.0 0.921875 0.273438 0.013281 0.022656
0.0 0.942969 0.265625 0.023438 0.046094
0.0 0.975000 0.325000 0.014844 0.028906
0.0 0.959375 0.239062 0.025000 0.078906
0.0 0.982031 0.273438 0.029688 0.059375
0.0 0.973437 0.195312 0.014844 0.025781
0.0 0.973437 0.237500 0.017969 0.016406
0.0 0.988281 0.210938 0.023438 0.039844
0.0 0.900781 0.098437 0.039062 0.018750
0.0 0.906250 0.058594 0.033594 0.029688
0.0 0.928125 0.065625 0.009375 0.013281
0.0 0.912500 0.015625 0.008594 0.013281
0.0 0.926562 0.020312 0.006250 0.016406
0.0 0.921875 0.127344 0.021875 0.035938
0.0 0.961719 0.157812 0.070312 0.050781
0.0 0.946875 0.090625 0.038281 0.069531
0.0 0.973437 0.120313 0.008594 0.014844
0.0 0.944531 0.044531 0.010937 0.014063
0.0 0.947656 0.010938 0.007812 0.018750
0.0 0.962500 0.043750 0.009375 0.016406
0.0 0.972656 0.031250 0.017187 0.021094
0.0 0.971875 0.071094 0.008594 0.010937
0.0 0.986719 0.108594 0.026562 0.057812
0.0 0.989062 0.041406 0.005469 0.023438
0.0 0.995313 0.063281 0.007031 0.017187
0.0 0.982813 0.070312 0.013281 0.025781
0.0 0.975781 0.053906 0.014063 0.023438
0.0 0.986719 0.007812 0.026562 0.015625
