1.0 0.268590 0.467665 0.219590 0.184191
0.0 0.611494 0.826389 0.062052 0.070221
0.0 0.248005 0.898339 0.110388 0.121960
0.0 0.373180 0.698877 0.047300 0.074530
0.0 0.146033 0.147350 0.071424 0.115673
0.0 0.606448 0.205230 0.091113 0.114259
0.0 0.751493 0.142649 0.039202 0.058263
0.0 0.740026 0.396695 0.030570 0.025124
0.0 0.785634 0.512331 0.017351 0.035732
0.0 0.826550 0.711967 0.081853 0.063473
0.0 0.537036 0.597006 0.087674 0.129881
0.0 0.603503 0.599905 0.050700 0.139878
0.0 0.642387 0.486541 0.093580 0.065670
0.0 0.540312 0.430537 0.086625 0.090029
0.0 0.490804 0.669554 0.043346 0.067172
