0.0 0.309591 0.042087 0.068735 0.084173
0.0 0.418671 0.142679 0.037882 0.045056
0.0 0.549022 0.438825 0.086585 0.101586
0.0 0.658194 0.209098 0.066965 0.081966
0.0 0.780638 0.189358 0.038201 0.061681
0.0 0.640919 0.661802 0.018754 0.038321
0.0 0.668525 0.626556 0.023613 0.030787
0.0 0.713674 0.575057 0.028458 0.057155
0.0 0.752514 0.487793 0.027792 0.048011
0.0 0.710865 0.450497 0.030934 0.043978
0.0 0.611636 0.524438 0.090312 0.091616
0.0 0.548411 0.636380 0.038600 0.137085
0.0 0.495102 0.613086 0.064769 0.126077
0.0 0.449394 0.683473 0.035832 0.065834
0.0 0.352999 0.678002 0.037416 0.051765
0.0 0.191449 0.715392 0.033449 0.060190
0.0 0.233457 0.566953 0.029390 0.043738
0.0 0.192741 0.865016 0.100840 0.193455
0.0 0.255966 0.936493 0.029656 0.064875
0.0 0.320589 0.937824 0.030335 0.040118
0.0 0.317607 0.809284 0.034980 0.050633
0.0 0.517984 0.970035 0.018834 0.053402
0.0 0.538736 0.992940 0.023014 0.014119
0.0 0.669671 0.935067 0.024624 0.032451
0.0 0.815725 0.248563 0.018515 0.036777
0.0 0.290558 0.275386 0.059192 0.085280
0.0 0.469092 0.194776 0.016012 0.030361
0.0 0.682780 0.534687 0.036045 0.047785
0.0 0.569163 0.849108 0.029736 0.036258
0.0 0.600762 0.803413 0.021483 0.036484
0.0 0.652327 0.751329 0.036897 0.062985
0.0 0.683833 0.823419 0.079011 0.077054
0.0 0.429177 0.976810 0.032411 0.038933
0.0 0.502903 0.873613 0.077241 0.085067
0.0 0.678894 0.692203 0.012033 0.028990
0.0 0.557104 0.942109 0.019340 0.032384
0.0 0.691926 0.903734 0.022654 0.024611
