1.0 0.314212 0.414387 0.182230 0.195919
0.0 0.271428 0.270107 0.066603 0.078238
0.0 0.053084 0.253817 0.034013 0.061391
0.0 0.280331 0.036928 0.066015 0.073856
0.0 0.197837 0.126917 0.038898 0.070383
0.0 0.400164 0.125587 0.031683 0.048110
0.0 0.784912 0.158340 0.034515 0.059155
0.0 0.657613 0.190538 0.065466 0.101058
0.0 0.993443 0.194623 0.013114 0.055051
0.0 0.974522 0.071339 0.024562 0.039620
0.0 0.942345 0.070694 0.014750 0.040759
0.0 0.898938 0.085245 0.027537 0.084346
0.0 0.948130 0.368731 0.043559 0.096946
0.0 0.905906 0.399942 0.051179 0.090193
0.0 0.891687 0.527278 0.025565 0.035147
0.0 0.876449 0.496376 0.033368 0.029946
0.0 0.896026 0.744119 0.059670 0.097314
0.0 0.728373 0.578045 0.035340 0.079145
0.0 0.616518 0.519237 0.090522 0.099420
0.0 0.551814 0.440813 0.090569 0.106311
0.0 0.502122 0.622182 0.067755 0.133462
0.0 0.557298 0.641270 0.044254 0.148290
0.0 0.453819 0.698302 0.041639 0.080652
0.0 0.350349 0.701842 0.042548 0.062397
0.0 0.135239 0.760582 0.270478 0.420078
0.0 0.184162 0.743617 0.030131 0.047927
0.0 0.022293 0.706341 0.044586 0.111097
0.0 0.265089 0.951391 0.032049 0.051213
0.0 0.325971 0.968792 0.037339 0.031179
0.0 0.539203 0.983731 0.030952 0.032538
0.0 0.575810 0.971487 0.020408 0.036835
0.0 0.697310 0.955126 0.028073 0.023966
0.0 0.671287 0.755395 0.035842 0.076909
0.0 0.782848 0.923513 0.022461 0.034781
0.0 0.755052 0.925744 0.016210 0.040166
0.0 0.704361 0.841891 0.083764 0.081026
0.0 0.961929 0.758966 0.026343 0.048246
0.0 0.767141 0.482708 0.023376 0.042540
0.0 0.718495 0.441576 0.030040 0.047151
0.0 0.817118 0.479158 0.020452 0.030719
0.0 0.223217 0.579088 0.038164 0.051169
0.0 0.125200 0.476286 0.048987 0.084579
0.0 0.054399 0.536381 0.045973 0.071982
0.0 0.513387 0.900412 0.074409 0.086044
0.0 0.583772 0.863867 0.013650 0.018441
0.0 0.929019 0.994095 0.026160 0.011810
0.0 0.896395 0.953289 0.038906 0.093422
0.0 0.865360 0.956161 0.035160 0.087678
0.0 0.943060 0.859007 0.022736 0.037109
0.0 0.922932 0.862929 0.016529 0.036378
0.0 0.903718 0.859091 0.022281 0.046237
0.0 0.868435 0.871453 0.020957 0.041490
0.0 0.802276 0.765324 0.020269 0.029167
0.0 0.825609 0.707502 0.023922 0.034188
0.0 0.684043 0.640473 0.031821 0.055777
0.0 0.826980 0.228590 0.020408 0.036835
0.0 0.991742 0.326750 0.016517 0.041124
0.0 0.995837 0.457513 0.008325 0.028117
0.0 0.319471 0.830361 0.029627 0.037156
0.0 0.613859 0.815493 0.021045 0.029259
0.0 0.585206 0.764917 0.023647 0.031861
0.0 0.847952 0.344340 0.019311 0.027524
