3.0 0.574481 0.219566 0.142125 0.253960
0.0 0.477437 0.675946 0.068700 0.140941
0.0 0.846072 0.117917 0.071569 0.088240
0.0 0.329595 0.077946 0.256566 0.155892
0.0 0.360882 0.055532 0.031434 0.050189
0.0 0.470818 0.093101 0.037037 0.052319
0.0 0.668096 0.136778 0.054724 0.088760
0.0 0.377044 0.296072 0.033728 0.057346
0.0 0.209208 0.189522 0.042923 0.049869
0.0 0.194791 0.288554 0.031901 0.076357
0.0 0.369911 0.452441 0.047383 0.055719
0.0 0.418982 0.515774 0.095525 0.082327
0.0 0.400242 0.596279 0.099390 0.053545
0.0 0.539373 0.573305 0.075226 0.115514
0.0 0.694806 0.700539 0.060327 0.090890
0.0 0.711043 0.888450 0.034341 0.055874
0.0 0.661603 0.954705 0.021279 0.026836
0.0 0.491772 0.896652 0.026470 0.025081
0.0 0.467060 0.788762 0.021535 0.043763
0.0 0.433286 0.848034 0.040345 0.047292
0.0 0.524861 0.821595 0.033472 0.040418
0.0 0.315070 0.777378 0.044111 0.053836
0.0 0.252916 0.837573 0.057686 0.116729
0.0 0.190130 0.925983 0.030693 0.043197
0.0 0.198020 0.866326 0.019396 0.023564
0.0 0.176487 0.839692 0.024396 0.041761
0.0 0.150099 0.858894 0.016791 0.042492
0.0 0.233099 0.557365 0.058582 0.110678
0.0 0.165223 0.612240 0.030328 0.046999
0.0 0.174718 0.663525 0.031342 0.034815
0.0 0.289392 0.263220 0.027056 0.045116
0.0 0.577092 0.990164 0.020996 0.019673
0.0 0.490921 0.949198 0.022605 0.053863
0.0 0.247793 0.663409 0.021608 0.029943
0.0 0.313392 0.652287 0.016745 0.034806
0.0 0.400247 0.781686 0.027102 0.052803
0.0 0.360075 0.804928 0.038983 0.027174
0.0 0.193667 0.959354 0.027165 0.024386
0.0 0.296584 0.974182 0.015465 0.015465
0.0 0.278969 0.702849 0.014086 0.031451
