0.0 0.210156 0.889844 0.069531 0.085938
0.0 0.717969 0.882031 0.248438 0.235938
0.0 0.632031 0.661719 0.025781 0.064062
0.0 0.630469 0.543750 0.043750 0.046094
0.0 0.675781 0.898438 0.036719 0.049219
0.0 0.581250 0.389063 0.095312 0.050000
0.0 0.575781 0.471875 0.078906 0.078906
0.0 0.500000 0.327344 0.048437 0.127344
0.0 0.449219 0.436719 0.055469 0.131250
0.0 0.743750 0.407812 0.052344 0.114063
0.0 0.691406 0.147656 0.042187 0.097656
0.0 0.289844 0.330469 0.055469 0.092969
0.0 0.263281 0.149219 0.037500 0.034375
0.0 0.441406 0.197656 0.024219 0.024219
0.0 0.535156 0.161719 0.043750 0.040625
