0.0 0.131669 0.726160 0.263339 0.458380
0.0 0.177836 0.718995 0.060210 0.068535
0.0 0.022154 0.680642 0.044308 0.120419
0.0 0.497815 0.893398 0.072545 0.075107
0.0 0.867963 0.955641 0.084797 0.088718
0.0 0.692116 0.840606 0.069751 0.089604
0.0 0.912473 0.403197 0.052321 0.101633
0.0 0.958602 0.392756 0.046650 0.090198
0.0 0.997730 0.201779 0.004540 0.076378
0.0 0.807101 0.168336 0.041071 0.061565
0.0 0.673874 0.187854 0.067877 0.113987
0.0 0.295597 0.029423 0.075942 0.058847
0.0 0.550660 0.406340 0.108911 0.157583
0.0 0.074499 0.232530 0.053926 0.071218
0.0 0.047757 0.508489 0.060656 0.097800
0.0 0.614766 0.528867 0.107648 0.105727
0.0 0.734228 0.586255 0.042167 0.094681
0.0 0.724243 0.438790 0.029228 0.044598
0.0 0.446713 0.689083 0.051680 0.102273
0.0 0.502078 0.619194 0.080491 0.131084
0.0 0.560747 0.633051 0.060406 0.162873
0.0 0.339465 0.690799 0.041582 0.060154
1.0 0.332358 0.385362 0.189902 0.220642
