0.0 0.772656 0.139062 0.156250 0.132812
0.0 0.675000 0.102344 0.034375 0.036719
0.0 0.212500 0.120312 0.085156 0.107812
0.0 0.448438 0.551562 0.043750 0.107031
0.0 0.634375 0.324219 0.033594 0.050781
0.0 0.583594 0.609375 0.093750 0.054688
0.0 0.574219 0.528125 0.062500 0.078906
0.0 0.625781 0.471094 0.043750 0.057031
0.0 0.744531 0.575000 0.040625 0.093750
0.0 0.504687 0.677344 0.039062 0.117969
0.0 0.293750 0.667969 0.050781 0.062500
0.0 0.264062 0.844531 0.040625 0.039844
0.0 0.437500 0.798437 0.031250 0.027344
0.0 0.535156 0.834375 0.038281 0.033594
0.0 0.699219 0.853125 0.042969 0.080469
