0.0 0.910938 0.430469 0.041406 0.086719
0.0 0.941406 0.692969 0.035938 0.075000
0.0 0.835156 0.203125 0.249219 0.405469
0.0 0.929687 0.253125 0.056250 0.130469
0.0 0.775781 0.244531 0.046875 0.062500
0.0 0.432813 0.132812 0.062500 0.075000
0.0 0.260938 0.218750 0.049219 0.088281
0.0 0.093750 0.111719 0.062500 0.097656
0.0 0.523438 0.309375 0.026563 0.066406
0.0 0.618750 0.290625 0.031250 0.033594
0.0 0.485156 0.383594 0.057812 0.109375
0.0 0.430469 0.371094 0.032812 0.139063
0.0 0.388281 0.487500 0.067969 0.071875
0.0 0.282812 0.451562 0.026562 0.040625
0.0 0.301562 0.582812 0.019531 0.025781
0.0 0.128906 0.659375 0.041406 0.053906
0.0 0.089844 0.681250 0.035938 0.074219
0.0 0.458594 0.575781 0.073437 0.091406
0.0 0.385938 0.815625 0.054688 0.078906
0.0 0.267969 0.850000 0.028125 0.069531
0.0 0.048437 0.853125 0.046875 0.077344
0.0 0.757812 0.925000 0.057813 0.100781
