0.0 0.482813 0.624219 0.054688 0.124219
0.0 0.525781 0.692969 0.035156 0.085156
0.0 0.624219 0.708594 0.031250 0.061719
0.0 0.435156 0.889062 0.065625 0.085938
0.0 0.367969 0.957031 0.015625 0.025781
0.0 0.404688 0.982031 0.017187 0.035937
0.0 0.255469 0.807031 0.075781 0.067969
0.0 0.073438 0.900781 0.058594 0.099219
0.0 0.132812 0.989844 0.032031 0.020312
0.0 0.010156 0.697656 0.020313 0.055469
0.0 0.080469 0.698438 0.063281 0.091406
0.0 0.120313 0.462500 0.050000 0.081250
0.0 0.261719 0.547656 0.025000 0.070312
0.0 0.379687 0.506250 0.089844 0.073438
0.0 0.458594 0.425000 0.092188 0.093750
0.0 0.776562 0.048437 0.071094 0.096875
0.0 0.842187 0.156250 0.021875 0.067969
0.0 0.973437 0.301562 0.030469 0.067188
0.0 0.854688 0.806250 0.261719 0.387500
0.0 0.957813 0.756250 0.047656 0.128906
0.0 0.989063 0.799219 0.021875 0.029687
0.0 0.875781 0.516406 0.034375 0.081250
0.0 0.935938 0.580469 0.035156 0.068750
0.0 0.769531 0.611719 0.022656 0.045313
0.0 0.789062 0.768750 0.026563 0.064844
0.0 0.642969 0.141406 0.034375 0.049219
0.0 0.754687 0.299219 0.059375 0.078906
0.0 0.255469 0.125781 0.031250 0.050000
0.0 0.380469 0.177344 0.060938 0.078906
0.0 0.010156 0.044531 0.020313 0.089062
0.0 0.023438 0.131250 0.038281 0.039062
0.0 0.076563 0.024219 0.030469 0.032031
0.0 0.151563 0.029688 0.017969 0.059375
0.0 0.287500 0.413281 0.022656 0.032031
0.0 0.188281 0.435156 0.014063 0.021094
0.0 0.234375 0.450000 0.019531 0.038281
0.0 0.033594 0.267969 0.017969 0.047656
0.0 0.071094 0.309375 0.027344 0.093750
0.0 0.108594 0.338281 0.035938 0.094531
0.0 0.207812 0.185938 0.012500 0.019531
0.0 0.303906 0.504687 0.025781 0.027344
0.0 0.425781 0.623437 0.020313 0.148438
0.0 0.300000 0.731250 0.029688 0.050000
0.0 0.167969 0.886719 0.021094 0.035156
0.0 0.197656 0.896875 0.014844 0.035938
0.0 0.252344 0.925781 0.016406 0.024219
0.0 0.036719 0.812500 0.013281 0.032031
0.0 0.057031 0.803906 0.013281 0.035937
0.0 0.088281 0.821094 0.017969 0.029687
0.0 0.114062 0.227344 0.011719 0.028906
0.0 0.372656 0.853125 0.018750 0.034375
0.0 0.682813 0.978125 0.013281 0.039844
0.0 0.569531 0.942187 0.015625 0.032031
0.0 0.616406 0.983594 0.033594 0.028906
0.0 0.640625 0.849219 0.028125 0.044531
0.0 0.175781 0.300000 0.021875 0.032812
0.0 0.171094 0.730469 0.010937 0.019531
0.0 0.285937 0.657813 0.015625 0.044531
0.0 0.303906 0.603906 0.026562 0.029688
0.0 0.044531 0.465625 0.013281 0.067969
1.0 0.692969 0.425781 0.154687 0.168750
