0.0 0.550878 0.567473 0.086138 0.104503
0.0 0.623510 0.484210 0.093312 0.080824
0.0 0.716623 0.578182 0.037029 0.062005
0.0 0.766668 0.860127 0.032404 0.049299
0.0 0.637788 0.810494 0.059031 0.092822
0.0 0.260438 0.961565 0.040358 0.076871
0.0 0.541550 0.110994 0.070693 0.079508
0.0 0.605986 0.142463 0.017830 0.025910
0.0 0.725425 0.177777 0.074149 0.058722
0.0 0.723900 0.057350 0.023008 0.034762
0.0 0.741948 0.098559 0.018610 0.025956
0.0 0.568865 0.018239 0.026536 0.036479
0.0 0.604815 0.041580 0.017503 0.033664
0.0 0.360487 0.025267 0.034798 0.037002
0.0 0.406295 0.059384 0.024659 0.036412
0.0 0.467422 0.303122 0.035551 0.076688
0.0 0.363519 0.292730 0.029556 0.053797
0.0 0.219873 0.096832 0.074449 0.157456
0.0 0.206661 0.232985 0.019245 0.036875
0.0 0.225172 0.403291 0.034562 0.046316
0.0 0.378869 0.866243 0.035206 0.044021
0.0 0.256663 0.716053 0.056927 0.083372
0.0 0.668627 0.318029 0.024559 0.048066
0.0 0.691291 0.384795 0.028141 0.042833
0.0 0.734469 0.440977 0.028405 0.060726
0.0 0.691083 0.488889 0.024341 0.030953
0.0 0.765141 0.537797 0.022083 0.045590
0.0 0.686973 0.256704 0.036802 0.058105
0.0 0.567254 0.364617 0.029448 0.145512
0.0 0.507925 0.380589 0.056982 0.137786
0.0 0.338469 0.158019 0.036576 0.054206
0.0 0.632332 0.191798 0.022509 0.026182
0.0 0.599312 0.243020 0.020950 0.026092
0.0 0.288044 0.031045 0.024106 0.040266
0.0 0.705928 0.313512 0.019608 0.043114
0.0 0.607958 0.553198 0.016914 0.023525
0.0 0.633764 0.108763 0.011128 0.030962
0.0 0.660454 0.123645 0.015218 0.021095
0.0 0.495373 0.285845 0.013558 0.032658
3.0 0.312264 0.582131 0.180184 0.184592
