0.0 0.140930 0.187753 0.281861 0.340711
0.0 0.225868 0.240026 0.058595 0.066496
0.0 0.204388 0.467379 0.041613 0.037303
0.0 0.350765 0.203659 0.111090 0.144129
0.0 0.449492 0.052571 0.041562 0.046590
0.0 0.537539 0.015938 0.036212 0.027593
0.0 0.318185 0.026748 0.015830 0.014393
0.0 0.296264 0.037074 0.010378 0.013969
0.0 0.267790 0.023619 0.010438 0.014748
0.0 0.339467 0.038412 0.006614 0.025288
0.0 0.372899 0.035026 0.017266 0.012957
0.0 0.399582 0.055673 0.014515 0.017388
0.0 0.326072 0.067665 0.012350 0.009477
0.0 0.383333 0.108657 0.015769 0.013615
0.0 0.314618 0.121843 0.013129 0.009538
0.0 0.450113 0.141071 0.010074 0.010074
0.0 0.424703 0.136780 0.001446 0.008628
0.0 0.498008 0.162417 0.013148 0.029668
0.0 0.428613 0.217188 0.014757 0.020503
0.0 0.572909 0.228678 0.053283 0.087759
0.0 0.513109 0.356362 0.067335 0.059435
0.0 0.435178 0.382020 0.014949 0.032905
0.0 0.390487 0.391768 0.020573 0.025601
0.0 0.514439 0.433836 0.028959 0.023932
0.0 0.594566 0.386066 0.020331 0.022486
0.0 0.550073 0.478862 0.072289 0.103174
0.0 0.610290 0.477308 0.026875 0.036930
0.0 0.680326 0.531410 0.022323 0.038124
0.0 0.702419 0.513234 0.022182 0.016436
0.0 0.604900 0.609375 0.017276 0.023022
0.0 0.568173 0.741531 0.081842 0.196044
0.0 0.733647 0.652637 0.032821 0.053651
0.0 0.853646 0.825092 0.057037 0.066375
0.0 0.797408 0.918019 0.032630 0.041249
0.0 0.756974 0.801274 0.034957 0.031366
0.0 0.686511 0.932922 0.023628 0.025065
0.0 0.697147 0.707197 0.045363 0.075530
0.0 0.661047 0.676312 0.027229 0.031539
0.0 0.611846 0.668389 0.018764 0.012299
0.0 0.621454 0.691149 0.022495 0.030396
0.0 0.609486 0.708537 0.007272 0.023791
0.0 0.695047 0.639970 0.016567 0.033805
0.0 0.677366 0.634294 0.015900 0.025237
0.0 0.689426 0.587905 0.009599 0.013908
0.0 0.673867 0.609490 0.009781 0.016245
0.0 0.781205 0.569005 0.014100 0.022000
0.0 0.938801 0.771445 0.020168 0.040279
0.0 0.849281 0.899875 0.012318 0.038893
0.0 0.764583 0.929195 0.029678 0.023213
0.0 0.749755 0.899788 0.034593 0.026693
0.0 0.712116 0.889397 0.019188 0.017752
0.0 0.808330 0.806679 0.016851 0.017570
0.0 0.790591 0.739886 0.022463 0.059812
0.0 0.644931 0.549838 0.017994 0.022304
0.0 0.573637 0.560090 0.021837 0.031893
0.0 0.502581 0.311732 0.013736 0.017327
0.0 0.448883 0.235984 0.033288 0.039752
