0.0 0.566056 0.466460 0.072237 0.091519
0.0 0.511307 0.286064 0.052669 0.149851
0.0 0.458727 0.427596 0.069617 0.131320
0.0 0.572831 0.363412 0.086021 0.069824
0.0 0.612797 0.538933 0.051579 0.063920
0.0 0.716866 0.403523 0.037093 0.091854
0.0 0.617450 0.726507 0.021766 0.053388
3.0 0.455001 0.844770 0.095637 0.273803
0.0 0.236997 0.969360 0.048336 0.054506
0.0 0.294444 0.752102 0.027184 0.049552
0.0 0.725476 0.032508 0.012104 0.030615
0.0 0.676716 0.057674 0.034997 0.111354
0.0 0.528003 0.078446 0.034066 0.037923
0.0 0.453987 0.123605 0.020055 0.041651
0.0 0.294527 0.067673 0.030319 0.050372
0.0 0.727069 0.952994 0.071525 0.094011
0.0 0.557225 0.977845 0.024781 0.044310
0.0 0.319946 0.281294 0.049602 0.092794
0.0 0.506751 0.152401 0.013756 0.037665
0.0 0.477058 0.029359 0.015990 0.029102
0.0 0.743077 0.061640 0.010552 0.031376
0.0 0.769226 0.340900 0.015159 0.025186
0.0 0.759191 0.269674 0.015911 0.022852
0.0 0.700483 0.278305 0.012856 0.028281
0.0 0.769387 0.697962 0.015931 0.024415
0.0 0.769325 0.826097 0.010502 0.027470
0.0 0.323122 0.646988 0.015941 0.025196
0.0 0.631009 0.150070 0.023239 0.046377
0.0 0.710344 0.178422 0.012737 0.018907
0.0 0.643248 0.293987 0.014428 0.029082
