0.0 0.710565 0.902050 0.027510 0.047406
0.0 0.679908 0.701070 0.047864 0.088419
0.0 0.737512 0.039990 0.054830 0.079980
0.0 0.348085 0.023304 0.025758 0.038001
0.0 0.433828 0.051253 0.026075 0.053622
0.0 0.384078 0.294503 0.027622 0.052873
0.0 0.393089 0.468574 0.038668 0.058563
0.0 0.438053 0.527828 0.068699 0.076351
0.0 0.432244 0.626404 0.077341 0.040612
0.0 0.294344 0.608112 0.039637 0.106210
0.0 0.246232 0.663008 0.024833 0.030955
0.0 0.261493 0.068824 0.111958 0.130323
0.0 0.240810 0.204429 0.018585 0.030828
0.0 0.688848 0.257046 0.022856 0.048872
0.0 0.595990 0.071396 0.042587 0.097681
0.0 0.539846 0.576549 0.054828 0.123695
0.0 0.555673 0.855191 0.016416 0.039372
0.0 0.537145 0.943086 0.015429 0.029202
0.0 0.485373 0.894910 0.032946 0.045955
0.0 0.505750 0.821043 0.018823 0.042544
0.0 0.500178 0.700819 0.038679 0.135859
0.0 0.407174 0.815234 0.013835 0.027608
0.0 0.348102 0.753923 0.014073 0.039325
0.0 0.319220 0.717003 0.016194 0.028437
0.0 0.340440 0.915050 0.037501 0.116316
0.0 0.302914 0.952540 0.011285 0.017406
0.0 0.282049 0.925615 0.013994 0.035419
0.0 0.413706 0.867456 0.024659 0.022363
0.0 0.383389 0.836816 0.030171 0.063075
0.0 0.453592 0.830700 0.018153 0.047996
0.0 0.303069 0.768123 0.012272 0.027576
0.0 0.263969 0.728285 0.016178 0.027656
0.0 0.235469 0.710111 0.021757 0.033235
0.0 0.235223 0.313941 0.023700 0.052013
0.0 0.311709 0.270970 0.020401 0.043357
0.0 0.676335 0.986358 0.021471 0.019175
0.0 0.535775 0.683685 0.010663 0.025201
0.0 0.260883 0.384527 0.012272 0.027576
0.0 0.371889 0.694052 0.011539 0.029904
0.0 0.619938 0.979691 0.013660 0.019016
0.0 0.231687 0.524212 0.010520 0.018172
0.0 0.284474 0.161345 0.022411 0.027002
0.0 0.252976 0.149483 0.010615 0.022858
0.0 0.661200 0.357629 0.019223 0.023814
