0.0 0.140367 0.258428 0.280734 0.445184
0.0 0.039502 0.325655 0.061867 0.117980
0.0 0.081556 0.489264 0.043159 0.067585
0.0 0.148437 0.536343 0.047007 0.062851
0.0 0.232423 0.435649 0.029740 0.048224
0.0 0.194929 0.281638 0.027950 0.041154
0.0 0.083783 0.742380 0.025779 0.052185
0.0 0.004605 0.292196 0.009211 0.025128
0.0 0.007864 0.178263 0.015728 0.038591
0.0 0.261225 0.070624 0.025136 0.058143
0.0 0.324841 0.062912 0.030817 0.040059
0.0 0.503595 0.129971 0.074628 0.070667
0.0 0.519875 0.036007 0.016259 0.043985
0.0 0.544300 0.007891 0.016529 0.015783
0.0 0.835503 0.061759 0.038521 0.066907
0.0 0.861578 0.061899 0.033873 0.097247
0.0 0.839288 0.141739 0.018301 0.026883
0.0 0.865179 0.259547 0.055918 0.087605
0.0 0.932642 0.245746 0.024745 0.039929
0.0 0.677897 0.469282 0.032346 0.034986
0.0 0.714240 0.431603 0.034430 0.064797
0.0 0.555393 0.371111 0.043835 0.139557
0.0 0.451936 0.322268 0.036975 0.066681
0.0 0.499542 0.388742 0.059114 0.119848
0.0 0.549812 0.565363 0.078501 0.107548
0.0 0.707436 0.552606 0.028289 0.043473
0.0 0.656349 0.786665 0.068947 0.088752
0.0 0.988428 0.782616 0.023144 0.046165
0.0 0.886443 0.594363 0.050846 0.089134
0.0 0.926937 0.612136 0.040457 0.085347
0.0 0.987905 0.499802 0.016433 0.029636
0.0 0.857625 0.494353 0.032424 0.025163
0.0 0.871680 0.466246 0.025518 0.040042
0.0 0.686276 0.180666 0.076079 0.075419
0.0 0.673224 0.069669 0.016190 0.022792
0.0 0.727328 0.094138 0.021106 0.040910
0.0 0.756400 0.098577 0.013793 0.032277
0.0 0.872260 0.156662 0.009910 0.026414
0.0 0.900541 0.155690 0.037792 0.046374
0.0 0.950545 0.211550 0.026048 0.033310
0.0 0.969401 0.659623 0.016051 0.047738
0.0 0.996088 0.689008 0.007825 0.055503
0.0 0.986773 0.632610 0.018527 0.028429
0.0 0.778420 0.816999 0.033961 0.056406
0.0 0.289448 0.723397 0.053417 0.065300
0.0 0.307571 0.961244 0.064344 0.077512
0.0 0.221834 0.865914 0.025909 0.058256
0.0 0.413168 0.856920 0.038565 0.046486
0.0 0.465597 0.805049 0.025067 0.036950
0.0 0.609303 0.545621 0.021714 0.024355
0.0 0.612301 0.479651 0.090784 0.082862
0.0 0.752395 0.514459 0.028081 0.047225
0.0 0.656803 0.259977 0.037166 0.057631
0.0 0.831790 0.641822 0.013888 0.027751
0.0 0.890467 0.892221 0.029679 0.063346
0.0 0.926948 0.898736 0.019751 0.031634
0.0 0.958513 0.887810 0.021827 0.025128
0.0 0.811246 0.749831 0.015530 0.023452
0.0 0.568748 0.154406 0.016190 0.022792
0.0 0.562496 0.062943 0.018075 0.025337
0.0 0.353594 0.319260 0.030495 0.043038
0.0 0.775853 0.242590 0.011248 0.030392
0.0 0.431114 0.022916 0.034118 0.036758
0.0 0.320938 0.192966 0.032606 0.047129
0.0 0.670663 0.381910 0.026500 0.036402
0.0 0.679507 0.312718 0.020264 0.019604
0.0 0.799490 0.523372 0.026048 0.033310
0.0 0.575564 0.249734 0.022487 0.024468
0.0 0.899609 0.706134 0.019960 0.027882
0.0 0.931612 0.481969 0.017736 0.023017
