0.0 0.443410 0.553754 0.107496 0.088371
0.0 0.356116 0.486312 0.112085 0.096501
0.0 0.422689 0.382469 0.048215 0.141717
0.0 0.489479 0.398655 0.071869 0.121454
0.0 0.541819 0.339814 0.045127 0.064253
0.0 0.663395 0.331107 0.040260 0.053010
0.0 0.780450 0.906361 0.056907 0.092325
0.0 0.184749 0.787836 0.032409 0.051534
0.0 0.331414 0.761770 0.077997 0.086497
0.0 0.241397 0.549757 0.036020 0.048771
0.0 0.186816 0.511134 0.025057 0.047015
0.0 0.224930 0.444741 0.036209 0.068084
0.0 0.271011 0.473190 0.028609 0.034984
0.0 0.284147 0.282978 0.048449 0.066866
0.0 0.231369 0.215494 0.086926 0.074176
0.0 0.216141 0.140396 0.017865 0.027074
0.0 0.240790 0.110447 0.026913 0.033288
0.0 0.311453 0.170906 0.015021 0.038397
0.0 0.341640 0.157926 0.020420 0.021128
0.0 0.377964 0.190205 0.025786 0.029328
0.0 0.459486 0.164572 0.082537 0.076870
0.0 0.424665 0.089286 0.021815 0.036690
0.0 0.827508 0.171691 0.095203 0.132037
0.0 0.749643 0.121567 0.034384 0.056342
0.0 0.691201 0.222218 0.035312 0.049479
0.0 0.672668 0.105251 0.028040 0.037249
0.0 0.615338 0.132270 0.018933 0.021767
0.0 0.378637 0.103983 0.023162 0.034496
0.0 0.345974 0.232046 0.021397 0.032022
0.0 0.383307 0.279320 0.014543 0.024460
0.0 0.819485 0.436093 0.039562 0.045229
1.0 0.728773 0.581698 0.210344 0.159344
0.0 0.782811 0.696358 0.069448 0.077240
0.0 0.641848 0.816278 0.041896 0.045438
0.0 0.255210 0.334505 0.024150 0.036900
0.0 0.276921 0.389790 0.035483 0.025566
0.0 0.852975 0.290063 0.025287 0.032371
