0.0 0.386719 0.957031 0.064844 0.083594
0.0 0.201563 0.860156 0.040625 0.054688
0.0 0.263281 0.906250 0.020313 0.025781
0.0 0.382812 0.834375 0.016406 0.019531
0.0 0.387500 0.738281 0.017187 0.017187
0.0 0.032812 0.687500 0.019531 0.035156
0.0 0.315625 0.503906 0.015625 0.023438
0.0 0.226562 0.477344 0.012500 0.021094
0.0 0.038281 0.069531 0.023438 0.074219
0.0 0.206250 0.453125 0.020313 0.058594
0.0 0.313281 0.635938 0.053906 0.098437
0.0 0.441406 0.778906 0.006250 0.010938
0.0 0.463281 0.796094 0.007031 0.012500
0.0 0.397656 0.796875 0.007031 0.015625
0.0 0.413281 0.797656 0.004688 0.014062
0.0 0.357031 0.783594 0.012500 0.018750
0.0 0.350000 0.864844 0.007812 0.012500
0.0 0.328125 0.849219 0.006250 0.009375
0.0 0.364844 0.897656 0.004688 0.009375
0.0 0.330469 0.922656 0.007812 0.007812
0.0 0.433594 0.981250 0.004688 0.009375
0.0 0.472656 0.885156 0.014063 0.021094
0.0 0.490625 0.977344 0.005469 0.012500
0.0 0.675000 0.964844 0.019531 0.046875
0.0 0.702344 0.932031 0.012500 0.017969
0.0 0.609375 0.962500 0.023438 0.025000
0.0 0.566406 0.925000 0.010156 0.020313
0.0 0.610156 0.914844 0.007812 0.011719
0.0 0.633594 0.830469 0.021094 0.035156
0.0 0.505469 0.993750 0.008594 0.012500
0.0 0.754688 0.868750 0.013281 0.017969
0.0 0.698438 0.856250 0.006250 0.010156
0.0 0.691406 0.882031 0.006250 0.015625
0.0 0.782813 0.952344 0.007031 0.012500
0.0 0.813281 0.978906 0.008594 0.021094
0.0 0.842187 0.939062 0.006250 0.019531
0.0 0.807031 0.863281 0.007812 0.013281
0.0 0.695312 0.820312 0.007031 0.014062
0.0 0.678125 0.753125 0.006250 0.014844
0.0 0.578125 0.716406 0.006250 0.011719
0.0 0.542969 0.702344 0.009375 0.014844
0.0 0.539062 0.767969 0.007812 0.015625
0.0 0.492188 0.707031 0.007812 0.014063
0.0 0.467969 0.698438 0.007812 0.013281
0.0 0.453906 0.655469 0.007031 0.018750
0.0 0.561719 0.557813 0.013281 0.016406
0.0 0.540625 0.542188 0.009375 0.015625
0.0 0.601562 0.483594 0.007812 0.010937
0.0 0.607812 0.438281 0.009375 0.012500
0.0 0.692187 0.439062 0.009375 0.017969
0.0 0.689063 0.480469 0.008594 0.012500
0.0 0.916406 0.655469 0.010156 0.018750
0.0 0.839844 0.248438 0.007031 0.010156
0.0 0.846094 0.317969 0.004687 0.009375
0.0 0.874219 0.297656 0.005469 0.006250
0.0 0.700000 0.237500 0.007031 0.006250
0.0 0.662500 0.285937 0.005469 0.007031
0.0 0.677344 0.285156 0.002344 0.020313
0.0 0.857812 0.721094 0.009375 0.013281
0.0 0.828906 0.686719 0.008594 0.017187
0.0 0.514844 0.183594 0.017187 0.038281
0.0 0.525000 0.123438 0.005469 0.016406
0.0 0.178125 0.035937 0.014844 0.025781
0.0 0.080469 0.203125 0.023438 0.046875
0.0 0.034375 0.304688 0.010156 0.021875
0.0 0.006250 0.152344 0.009375 0.019531
0.0 0.188281 0.717969 0.009375 0.014063
0.0 0.157031 0.788281 0.012500 0.025000
