0.0 0.724093 0.267781 0.032802 0.051401
0.0 0.785120 0.844418 0.047117 0.065715
0.0 0.729252 0.649087 0.080888 0.119516
0.0 0.767814 0.072968 0.074034 0.139843
0.0 0.257736 0.104281 0.267724 0.191184
0.0 0.243188 0.609468 0.045106 0.098040
0.0 0.326163 0.877842 0.055944 0.098148
0.0 0.511412 0.669163 0.057048 0.130726
0.0 0.424938 0.531190 0.090034 0.089319
0.0 0.415619 0.618954 0.097369 0.055881
0.0 0.555366 0.554283 0.073038 0.118103
0.0 0.366983 0.473983 0.057348 0.077377
0.0 0.347367 0.319596 0.056606 0.058752
0.0 0.494756 0.859422 0.042754 0.040608
0.0 0.584694 0.818399 0.028574 0.056471
3.0 0.528032 0.199079 0.158227 0.261948
