0.0 0.491406 0.695312 0.053125 0.146875
0.0 0.671875 0.696875 0.047656 0.089063
0.0 0.273438 0.075000 0.112500 0.142187
0.0 0.338281 0.912500 0.036719 0.126562
0.0 0.440625 0.525781 0.065625 0.067187
0.0 0.434375 0.617969 0.074219 0.041406
0.0 0.699219 0.906250 0.028125 0.052344
0.0 0.479688 0.895313 0.035937 0.041406
0.0 0.552344 0.851562 0.024219 0.049219
0.0 0.295312 0.593750 0.032031 0.092969
0.0 0.399219 0.460938 0.038281 0.068750
0.0 0.750000 0.051562 0.054688 0.103125
0.0 0.389062 0.289844 0.022656 0.053906
0.0 0.359375 0.022656 0.027344 0.045313
1.0 0.594531 0.336719 0.157031 0.492969
0.0 0.539844 0.570312 0.054688 0.128125
0.0 0.382031 0.829688 0.025781 0.069531
0.0 0.443750 0.046875 0.025000 0.056250
