0.0 0.776729 0.944578 0.045918 0.095065
0.0 0.647965 0.852519 0.044730 0.057583
0.0 0.390754 0.826282 0.060433 0.085384
0.0 0.458550 0.573225 0.084477 0.105648
0.0 0.379451 0.494443 0.078442 0.087515
0.0 0.419316 0.371242 0.026519 0.147494
0.0 0.479888 0.383391 0.047057 0.130984
0.0 0.514769 0.300213 0.033760 0.080638
0.0 0.615030 0.282183 0.026844 0.059357
0.0 0.425858 0.109185 0.070075 0.094271
0.0 0.306240 0.059044 0.020339 0.026387
0.0 0.352844 0.049750 0.025307 0.060088
0.0 0.388703 0.022037 0.019904 0.037295
0.0 0.553624 0.046510 0.016335 0.023140
0.0 0.600972 0.013133 0.027465 0.026265
0.0 0.663639 0.016223 0.025247 0.032446
0.0 0.242147 0.083744 0.029076 0.031345
0.0 0.247349 0.198481 0.085731 0.071365
0.0 0.335784 0.201930 0.015950 0.035609
0.0 0.364652 0.150989 0.020003 0.040418
0.0 0.291917 0.272887 0.032261 0.057968
0.0 0.259770 0.466972 0.030116 0.064141
0.0 0.289648 0.595777 0.031480 0.057943
0.0 0.236874 0.558368 0.020127 0.044322
0.0 0.264427 0.885003 0.028332 0.057064
0.0 0.759633 0.380774 0.038656 0.062851
0.0 0.760948 0.693390 0.053157 0.077353
0.0 0.738116 0.076412 0.083918 0.152824
0.0 0.630367 0.149599 0.027576 0.057820
0.0 0.281564 0.365449 0.027277 0.097594
0.0 0.375630 0.250691 0.014996 0.030118
0.0 0.302294 0.501579 0.029176 0.034468
0.0 0.448023 0.339848 0.016223 0.044198
0.0 0.486163 0.285487 0.008650 0.026797
0.0 0.223607 0.041342 0.028903 0.025879
0.0 0.451958 0.192774 0.020388 0.027949
0.0 0.326032 0.116258 0.019805 0.034171
3.0 0.692101 0.568165 0.170802 0.195753
