0.0 0.373304 0.942018 0.068556 0.115963
0.0 0.305970 0.960333 0.017271 0.050208
0.0 0.476988 0.847688 0.022002 0.059144
0.0 0.522370 0.917791 0.040913 0.047921
0.0 0.574321 0.958984 0.033741 0.061072
0.0 0.532879 0.849240 0.025265 0.061006
0.0 0.586800 0.870613 0.030565 0.052289
0.0 0.751245 0.906205 0.035997 0.060524
0.0 0.519382 0.712405 0.068601 0.156900
0.0 0.551131 0.572676 0.073046 0.147329
0.0 0.439101 0.638679 0.093781 0.053136
0.0 0.384296 0.465096 0.051689 0.071311
0.0 0.436993 0.529766 0.088275 0.098787
0.0 0.293361 0.625579 0.057660 0.139652
0.0 0.355849 0.288127 0.042074 0.051885
0.0 0.702242 0.695937 0.070613 0.107054
0.0 0.409261 0.861434 0.037761 0.078406
0.0 0.243441 0.692521 0.024816 0.048643
0.0 0.271422 0.753349 0.033455 0.042566
0.0 0.325232 0.741761 0.015267 0.037692
0.0 0.207100 0.316146 0.028968 0.082928
0.0 0.219068 0.087303 0.112412 0.132734
0.0 0.202670 0.199611 0.034355 0.067291
0.0 0.710706 0.022298 0.058456 0.044595
0.0 0.392411 0.038018 0.030258 0.049179
0.0 0.565143 0.043696 0.059739 0.087391
0.0 0.677066 0.225825 0.024488 0.060929
1.0 0.504440 0.150166 0.125703 0.300331
0.0 0.314427 0.799350 0.024990 0.034801
0.0 0.326113 0.838234 0.020796 0.031308
0.0 0.363035 0.782780 0.021114 0.026720
0.0 0.378746 0.719212 0.020008 0.038929
0.0 0.443734 0.892576 0.025384 0.030991
0.0 0.279535 0.270534 0.039271 0.054688
0.0 0.236604 0.400375 0.018847 0.034965
