0.0 0.160938 0.194531 0.248437 0.389062
0.0 0.064063 0.257812 0.041406 0.113281
0.0 0.231250 0.239844 0.023438 0.034375
0.0 0.378906 0.303125 0.025000 0.066406
0.0 0.244531 0.397656 0.039062 0.039844
0.0 0.085938 0.423438 0.034375 0.057031
0.0 0.844531 0.031250 0.017969 0.033594
0.0 0.821875 0.014062 0.010937 0.015625
0.0 0.625000 0.075000 0.012500 0.026562
0.0 0.617969 0.017188 0.018750 0.027344
0.0 0.555469 0.135937 0.059375 0.066406
0.0 0.568750 0.381250 0.016406 0.132812
0.0 0.514844 0.386719 0.039844 0.121875
0.0 0.478906 0.314063 0.029688 0.072656
0.0 0.540625 0.571094 0.078125 0.089844
0.0 0.615625 0.492188 0.082031 0.060156
0.0 0.722656 0.461719 0.017187 0.043750
0.0 0.686719 0.278125 0.028906 0.058594
0.0 0.731250 0.208594 0.066406 0.058594
0.0 0.618750 0.174219 0.024219 0.017969
0.0 0.812500 0.138281 0.017187 0.016406
0.0 0.785156 0.132031 0.013281 0.039062
0.0 0.734375 0.097656 0.018750 0.024219
0.0 0.983594 0.276563 0.020313 0.030469
0.0 0.957031 0.221875 0.011719 0.020312
0.0 0.935156 0.206250 0.014844 0.023438
0.0 0.919531 0.208594 0.016406 0.046094
0.0 0.921875 0.140625 0.014063 0.046094
0.0 0.895312 0.114063 0.027344 0.052344
0.0 0.917188 0.096875 0.016406 0.041406
0.0 0.885938 0.198437 0.024219 0.035156
0.0 0.896094 0.312500 0.040625 0.083594
0.0 0.960156 0.312500 0.025000 0.038281
0.0 0.702344 0.584375 0.017969 0.038281
0.0 0.242188 0.942969 0.045313 0.104687
0.0 0.364062 0.843750 0.035937 0.040625
0.0 0.260156 0.688281 0.053125 0.064062
0.0 0.175781 0.819531 0.024219 0.049219
0.0 0.057031 0.689062 0.021875 0.039062
0.0 0.423438 0.798437 0.015625 0.022656
0.0 0.681250 0.497656 0.020313 0.014062
0.0 0.599219 0.560938 0.010937 0.021875
0.0 0.613281 0.807813 0.057031 0.071875
0.0 0.326562 0.039844 0.014063 0.048437
0.0 0.433594 0.078125 0.017969 0.020313
0.0 0.388281 0.044531 0.026563 0.026562
0.0 0.496875 0.022656 0.027344 0.045313
0.0 0.364844 0.171094 0.018750 0.039844
0.0 0.057031 0.114844 0.004688 0.021875
0.0 0.035938 0.222656 0.018750 0.031250
0.0 0.983594 0.571094 0.014063 0.025000
0.0 0.930469 0.546875 0.015625 0.012500
0.0 0.873438 0.517187 0.016406 0.027344
0.0 0.972656 0.758594 0.014844 0.041406
0.0 0.963281 0.701563 0.014844 0.028906
0.0 0.942969 0.726562 0.010937 0.026562
0.0 0.904688 0.676562 0.026562 0.071875
0.0 0.869531 0.651563 0.035938 0.096094
0.0 0.850000 0.553906 0.024219 0.032812
0.0 0.792188 0.564844 0.011719 0.023438
0.0 0.748438 0.551562 0.016406 0.035156
0.0 0.878125 0.407813 0.007031 0.028125
0.0 0.825781 0.343750 0.013281 0.017969
0.0 0.770312 0.796875 0.021875 0.043750
0.0 0.731250 0.853125 0.018750 0.045313
0.0 0.807031 0.687500 0.013281 0.022656
0.0 0.964063 0.929688 0.014063 0.075781
0.0 0.948438 0.846875 0.036719 0.029688
0.0 0.894531 0.952344 0.013281 0.033594
0.0 0.867188 0.956250 0.014063 0.028906
0.0 0.829687 0.940625 0.013281 0.066406
0.0 0.852344 0.897656 0.006250 0.026562
0.0 0.705469 0.337500 0.013281 0.032031
0.0 0.685938 0.400000 0.018750 0.031250
0.0 0.611719 0.264062 0.019531 0.031250
0.0 0.811719 0.283594 0.017969 0.022656
0.0 0.864062 0.762500 0.007812 0.021094
0.0 0.588281 0.042969 0.014844 0.047656
0.0 0.143750 0.482812 0.032813 0.060937
