0.0 0.128125 0.359375 0.085156 0.221875
0.0 0.418750 0.457812 0.071875 0.122656
0.0 0.123438 0.829687 0.049219 0.089844
0.0 0.046094 0.403125 0.032812 0.075781
0.0 0.710938 0.589063 0.043750 0.118750
0.0 0.703125 0.471875 0.081250 0.100781
0.0 0.717969 0.292188 0.014063 0.061719
0.0 0.690625 0.404687 0.032031 0.071094
0.0 0.662500 0.423438 0.021094 0.096094
0.0 0.753125 0.546875 0.028125 0.042969
0.0 0.060156 0.525000 0.017187 0.031250
0.0 0.164062 0.803125 0.027344 0.067969
0.0 0.021875 0.814062 0.034375 0.067969
0.0 0.071875 0.750000 0.025781 0.057031
0.0 0.476562 0.128125 0.035156 0.052344
0.0 0.089063 0.564844 0.027344 0.060938
0.0 0.157812 0.555469 0.014844 0.029688
0.0 0.138281 0.714063 0.029688 0.046875
0.0 0.415625 0.721094 0.034375 0.042187
0.0 0.461719 0.614062 0.014063 0.043750
0.0 0.493750 0.607031 0.016406 0.035938
0.0 0.462500 0.814062 0.021875 0.036719
0.0 0.487500 0.734375 0.019531 0.037500
0.0 0.361719 0.459375 0.020313 0.031250
0.0 0.584375 0.326562 0.017969 0.034375
0.0 0.565625 0.059375 0.021094 0.042969
0.0 0.598437 0.114063 0.031250 0.061719
0.0 0.660937 0.052344 0.021875 0.067188
0.0 0.418750 0.207813 0.019531 0.037500
0.0 0.041406 0.457812 0.048437 0.156250
0.0 0.015625 0.540625 0.021875 0.036719
0.0 0.015625 0.590625 0.031250 0.065625
0.0 0.016406 0.876562 0.032812 0.096875
0.0 0.148438 0.882031 0.031250 0.085938
