0.0 0.222684 0.252398 0.078865 0.082076
0.0 0.382706 0.133837 0.071928 0.062939
0.0 0.411241 0.390451 0.052672 0.158619
0.0 0.584364 0.283962 0.046628 0.072954
0.0 0.470579 0.394813 0.085163 0.133321
0.0 0.493562 0.309400 0.057675 0.094275
0.0 0.389674 0.512853 0.102498 0.098004
0.0 0.112421 0.978055 0.067692 0.043890
0.0 0.072856 0.921309 0.018112 0.032238
0.0 0.117423 0.922590 0.066790 0.059085
0.0 0.831786 0.893758 0.075529 0.120477
0.0 0.443772 0.823023 0.084263 0.118937
0.0 0.080900 0.375838 0.079253 0.106863
0.0 0.786384 0.185388 0.327929 0.370776
0.0 0.476631 0.578348 0.109694 0.132167
0.0 0.271896 0.495267 0.048041 0.081431
0.0 0.320327 0.614709 0.056132 0.071542
0.0 0.968290 0.610415 0.060755 0.072313
0.0 0.891320 0.191590 0.073862 0.141925
0.0 0.723069 0.203806 0.044830 0.071156
0.0 0.152458 0.586468 0.074629 0.106092
0.0 0.847929 0.425348 0.049325 0.075651
0.0 0.893646 0.352778 0.042133 0.072954
0.0 0.912894 0.145222 0.020938 0.035706
0.0 0.530784 0.029148 0.025948 0.047779
0.0 0.592562 0.029143 0.020425 0.046109
0.0 0.578702 0.155012 0.035324 0.054587
0.0 0.772170 0.650248 0.069106 0.095432
0.0 0.871462 0.765961 0.035711 0.070385
0.0 0.336790 0.889177 0.049838 0.060753
0.0 0.180621 0.992438 0.028388 0.015125
0.0 0.213502 0.998987 0.024919 0.002027
0.0 0.249334 0.982706 0.030573 0.034589
0.0 0.077858 0.842063 0.032628 0.069871
0.0 0.097890 0.791201 0.029800 0.039432
0.0 0.128196 0.740209 0.042391 0.092476
0.0 0.160431 0.710280 0.052795 0.096458
0.0 0.022575 0.197059 0.034043 0.087337
0.0 0.048133 0.193589 0.042390 0.083485
0.0 0.319163 0.526987 0.022479 0.031468
0.0 0.279330 0.321363 0.039820 0.063578
0.0 0.278604 0.839477 0.027101 0.023249
0.0 0.689985 0.817608 0.036735 0.036093
0.0 0.622553 0.783706 0.028901 0.043028
0.0 0.215392 0.593398 0.026976 0.058439
0.0 0.260731 0.594550 0.029029 0.034808
0.0 0.031733 0.650953 0.022222 0.034422
0.0 0.014604 0.391770 0.029207 0.040331
0.0 0.311678 0.102119 0.029672 0.047651
0.0 0.306921 0.045094 0.019140 0.033908
0.0 0.134058 0.195893 0.017598 0.024661
0.0 0.158974 0.188570 0.020809 0.034936
0.0 0.201226 0.142715 0.021451 0.029798
0.0 0.078821 0.087883 0.015928 0.028128
0.0 0.102580 0.073624 0.023121 0.030826
0.0 0.872042 0.042733 0.016056 0.019909
0.0 0.330437 0.195620 0.024278 0.046752
0.0 0.027976 0.281698 0.048423 0.038791
0.0 0.065221 0.258063 0.021836 0.027615
0.0 0.084646 0.616785 0.023634 0.029413
0.0 0.226450 0.735705 0.024020 0.036220
0.0 0.302073 0.434001 0.027615 0.026331
0.0 0.156675 0.336273 0.013102 0.020165
0.0 0.417374 0.023507 0.037763 0.037763
0.0 0.336976 0.063843 0.026720 0.065889
0.0 0.351123 0.281670 0.017212 0.022349
