4.0 0.693183 0.099896 0.071717 0.050471
4.0 0.711439 0.047424 0.053870 0.048387
4.0 0.663199 0.045192 0.055241 0.047016
4.0 0.879933 0.062359 0.051916 0.038209
4.0 0.961710 0.338331 0.051259 0.058798
4.0 0.425040 0.363239 0.098191 0.054327
4.0 0.109781 0.485785 0.114640 0.037878
4.0 0.305805 0.595038 0.065612 0.037512
1.0 0.578759 0.729917 0.308723 0.166165
4.0 0.432487 0.615641 0.058577 0.042813
4.0 0.743053 0.378807 0.067282 0.058372
4.0 0.899463 0.748317 0.075558 0.044031
4.0 0.835635 0.720374 0.128143 0.048640
4.0 0.768961 0.816254 0.050908 0.042683
1.0 0.601958 0.975761 0.069492 0.037965
1.0 0.744229 0.233943 0.327413 0.195137
1.0 0.175703 0.780912 0.128045 0.106799
4.0 0.250691 0.933625 0.210961 0.132749
4.0 0.744116 0.011332 0.075597 0.022664
