0.0 0.223385 0.130772 0.270757 0.221112
0.0 0.373126 0.133005 0.035410 0.063499
0.0 0.635758 0.005630 0.053106 0.011260
0.0 0.568245 0.121925 0.052518 0.076687
0.0 0.729916 0.073311 0.079841 0.087680
0.0 0.695615 0.261190 0.027806 0.053281
0.0 0.676980 0.355754 0.017289 0.029047
0.0 0.340373 0.341198 0.046041 0.059105
0.0 0.172226 0.383695 0.031784 0.044848
0.0 0.163895 0.288542 0.031130 0.045501
0.0 0.270012 0.130705 0.039150 0.053521
0.0 0.371224 0.485053 0.051565 0.060710
0.0 0.554833 0.553211 0.079253 0.123019
0.0 0.729534 0.635388 0.066122 0.091597
0.0 0.783197 0.804186 0.040455 0.042414
0.0 0.868869 0.929322 0.041465 0.044078
0.0 0.682589 0.869481 0.034693 0.039266
0.0 0.691510 0.937667 0.023050 0.032196
0.0 0.755412 0.880398 0.018773 0.023999
0.0 0.589394 0.864863 0.026496 0.034988
0.0 0.479613 0.778220 0.030419 0.050669
0.0 0.539367 0.776132 0.022516 0.033621
0.0 0.602091 0.783071 0.028219 0.041284
0.0 0.526605 0.831849 0.050076 0.036358
0.0 0.435751 0.616608 0.099374 0.043197
0.0 0.428966 0.531492 0.092252 0.075268
0.0 0.271043 0.619842 0.063510 0.104010
0.0 0.208277 0.720412 0.023704 0.031542
0.0 0.220149 0.674318 0.033564 0.036830
0.0 0.399431 0.801636 0.037604 0.043483
0.0 0.360596 0.867693 0.051752 0.115768
0.0 0.265448 0.906851 0.018359 0.035996
0.0 0.314867 0.909516 0.019190 0.031601
0.0 0.320875 0.963923 0.026911 0.032790
0.0 0.334839 0.992176 0.022337 0.015648
0.0 0.287481 0.890810 0.020913 0.037897
0.0 0.244035 0.726762 0.016399 0.037956
0.0 0.307825 0.709823 0.015567 0.032551
0.0 0.297201 0.758887 0.026198 0.028157
0.0 0.578946 0.899672 0.019428 0.033145
0.0 0.603954 0.913210 0.022161 0.041105
0.0 0.428565 0.980536 0.015684 0.023523
0.0 0.468423 0.993947 0.015208 0.012106
0.0 0.370307 0.684391 0.015982 0.030353
0.0 0.440418 0.821409 0.023823 0.032315
0.0 0.520698 0.665181 0.060067 0.111018
0.0 0.558886 0.641118 0.021267 0.020613
0.0 0.253236 0.334857 0.033090 0.043542
0.0 0.204667 0.440354 0.022990 0.026910
0.0 0.347566 0.736902 0.017290 0.038847
