0.0 0.803125 0.914062 0.059375 0.080469
0.0 0.750000 0.135156 0.032812 0.040625
0.0 0.530469 0.103125 0.024219 0.027344
0.0 0.558594 0.182812 0.020312 0.037500
0.0 0.411719 0.391406 0.101562 0.050000
0.0 0.292969 0.125781 0.042969 0.117969
0.0 0.235937 0.103125 0.019531 0.027344
0.0 0.238281 0.045313 0.025000 0.032031
0.0 0.213281 0.128125 0.010937 0.034375
0.0 0.238281 0.411719 0.050781 0.104688
0.0 0.343750 0.206250 0.038281 0.048438
0.0 0.496094 0.207031 0.020313 0.037500
0.0 0.468750 0.146875 0.041406 0.049219
0.0 0.540625 0.035156 0.014844 0.027344
0.0 0.544531 0.436719 0.064844 0.135937
0.0 0.419531 0.475000 0.090625 0.075000
0.0 0.368750 0.533594 0.050781 0.051563
0.0 0.717187 0.320312 0.059375 0.085156
0.0 0.280469 0.917188 0.240625 0.165625
0.0 0.318750 0.928125 0.032031 0.046094
0.0 0.425000 0.898438 0.032031 0.048437
0.0 0.178125 0.773438 0.026562 0.040625
0.0 0.174219 0.672656 0.021094 0.047656
0.0 0.263281 0.713281 0.026562 0.049219
0.0 0.358594 0.686719 0.035156 0.044531
0.0 0.634375 0.886719 0.040625 0.083594
3.0 0.546094 0.792188 0.109375 0.235156
0.0 0.740625 0.717188 0.026563 0.048437
0.0 0.197656 0.607813 0.021875 0.028906
0.0 0.176562 0.359375 0.032031 0.042188
0.0 0.196875 0.300781 0.017969 0.030469
0.0 0.263281 0.315625 0.024219 0.025781
0.0 0.702344 0.069531 0.018750 0.036719
0.0 0.632031 0.014844 0.019531 0.029687
0.0 0.242188 0.010156 0.022656 0.019531
0.0 0.341406 0.012500 0.016406 0.024219
0.0 0.539844 0.342969 0.017187 0.021094
0.0 0.328906 0.325000 0.017969 0.028906
0.0 0.298437 0.275000 0.012500 0.025000
0.0 0.430469 0.212500 0.015625 0.041406
0.0 0.386719 0.176563 0.013281 0.016406
