0.0 0.589063 0.229687 0.018750 0.034375
0.0 0.707031 0.164844 0.020313 0.026563
0.0 0.753906 0.404687 0.007031 0.010156
0.0 0.796094 0.382812 0.008594 0.011719
0.0 0.751562 0.482031 0.006250 0.011719
0.0 0.319531 0.969531 0.007812 0.021875
0.0 0.664062 0.884375 0.006250 0.016406
0.0 0.742188 0.134375 0.009375 0.012500
0.0 0.756250 0.145313 0.007031 0.015625
0.0 0.775000 0.110156 0.005469 0.012500
0.0 0.713281 0.235156 0.013281 0.014844
0.0 0.665625 0.382031 0.007031 0.012500
0.0 0.631250 0.442187 0.006250 0.014844
0.0 0.784375 0.428125 0.011719 0.014063
0.0 0.608594 0.735156 0.007031 0.014063
0.0 0.608594 0.680469 0.006250 0.019531
0.0 0.626562 0.689844 0.003906 0.014844
