3.0 0.730476 0.538427 0.215945 0.179365
0.0 0.397153 0.170784 0.060528 0.068970
0.0 0.762413 0.108445 0.107757 0.119716
0.0 0.632021 0.304537 0.045568 0.073707
0.0 0.844543 0.861862 0.068723 0.114448
0.0 0.385814 0.791860 0.088573 0.112490
0.0 0.239170 0.850594 0.037861 0.057558
0.0 0.257333 0.596938 0.030077 0.024449
0.0 0.214790 0.480140 0.016488 0.035482
0.0 0.179154 0.279494 0.080636 0.061642
0.0 0.465535 0.402051 0.084688 0.128303
0.0 0.399168 0.397400 0.047213 0.139367
0.0 0.357307 0.509699 0.092375 0.063533
0.0 0.457870 0.568376 0.084715 0.088233
0.0 0.513664 0.330748 0.041789 0.066410
