0.0 0.524839 0.693917 0.077394 0.153783
0.0 0.702931 0.664681 0.062146 0.095885
0.0 0.204280 0.119862 0.135100 0.159290
0.0 0.410995 0.934036 0.057764 0.130970
0.0 0.445891 0.535529 0.076121 0.077395
0.0 0.455454 0.627432 0.080193 0.053456
0.0 0.765579 0.866326 0.036639 0.056373
0.0 0.547399 0.892986 0.042472 0.046928
0.0 0.611530 0.837487 0.032257 0.052628
0.0 0.314298 0.627283 0.047416 0.097069
0.0 0.394034 0.478696 0.049445 0.074271
0.0 0.669865 0.035484 0.071473 0.070968
0.0 0.354849 0.311841 0.031517 0.056980
0.0 0.280032 0.053630 0.034670 0.049312
3.0 0.565302 0.322990 0.238798 0.512527
0.0 0.551251 0.562488 0.075736 0.135574
0.0 0.439982 0.844976 0.037261 0.072909
0.0 0.367301 0.063105 0.034226 0.059689
