0.0 0.847396 0.219275 0.305208 0.401664
0.0 0.473877 0.108609 0.055795 0.071380
0.0 0.809402 0.250829 0.061370 0.081914
0.0 0.972334 0.261843 0.055332 0.088256
0.0 0.936489 0.452032 0.069209 0.091879
0.0 0.636178 0.301985 0.047944 0.069905
0.0 0.537506 0.300206 0.049385 0.103226
0.0 0.493197 0.383303 0.064182 0.147777
0.0 0.436370 0.360956 0.033695 0.143502
0.0 0.279377 0.169624 0.082101 0.080684
0.0 0.098155 0.056128 0.073298 0.103052
0.0 0.105084 0.267747 0.071382 0.107512
0.0 0.262832 0.441890 0.035053 0.081101
0.0 0.376056 0.482623 0.103656 0.097281
0.0 0.456458 0.574538 0.092891 0.106351
0.0 0.099280 0.639022 0.051812 0.087233
0.0 0.049212 0.646303 0.049489 0.078535
0.0 0.011074 0.827306 0.022148 0.064377
0.0 0.221083 0.855439 0.041161 0.063123
0.0 0.346712 0.810217 0.069059 0.098813
0.0 0.738854 0.963949 0.082147 0.072102
0.0 0.951151 0.734937 0.041800 0.061636
1.0 0.674115 0.587759 0.187952 0.176617
