0.0 0.203542 0.181032 0.296924 0.362065
0.0 0.099260 0.203177 0.055786 0.117704
0.0 0.267365 0.207103 0.027709 0.037131
0.0 0.405537 0.289049 0.033424 0.069093
0.0 0.260010 0.365303 0.043912 0.044585
0.0 0.099410 0.370240 0.041500 0.061017
0.0 0.902565 0.080036 0.022185 0.035645
0.0 0.882336 0.060048 0.012877 0.016915
0.0 0.679208 0.094865 0.015848 0.027963
0.0 0.679755 0.036629 0.022147 0.029550
0.0 0.602343 0.146243 0.067507 0.073564
0.0 0.583609 0.391199 0.033539 0.133818
0.0 0.529449 0.389611 0.055355 0.126022
0.0 0.503266 0.312898 0.038884 0.075900
0.0 0.531035 0.575773 0.089145 0.099241
0.0 0.615659 0.507290 0.089158 0.070313
0.0 0.725744 0.490999 0.022731 0.045614
0.0 0.713987 0.304291 0.036281 0.061855
0.0 0.767182 0.241142 0.073462 0.066732
0.0 0.660108 0.192428 0.026350 0.020966
0.0 0.856886 0.181992 0.019175 0.018502
0.0 0.830588 0.172240 0.018248 0.040458
0.0 0.784708 0.131553 0.021740 0.026451
0.0 0.998247 0.341349 0.003507 0.032852
0.0 0.989319 0.283672 0.014261 0.021664
0.0 0.969662 0.265335 0.017766 0.025169
0.0 0.953865 0.265627 0.022261 0.047836
0.0 0.965028 0.198540 0.019937 0.047531
0.0 0.942145 0.168749 0.033919 0.055455
0.0 0.966070 0.154552 0.021652 0.043188
0.0 0.921877 0.251188 0.028585 0.038007
0.0 0.917114 0.365603 0.051151 0.088167
0.0 0.980632 0.373934 0.029766 0.041207
0.0 0.689653 0.609973 0.022795 0.040293
0.0 0.186770 0.905679 0.058542 0.109691
0.0 0.320514 0.823153 0.040915 0.044954
0.0 0.237708 0.655492 0.061005 0.070427
0.0 0.136981 0.774654 0.030414 0.051950
0.0 0.036206 0.629851 0.026769 0.041576
0.0 0.385277 0.785946 0.018439 0.024496
0.0 0.680016 0.521247 0.021969 0.016585
0.0 0.590451 0.573323 0.013689 0.023112
0.0 0.572289 0.819930 0.065894 0.078681
0.0 0.387877 0.023062 0.020242 0.046124
0.0 0.489021 0.073072 0.020458 0.022477
0.0 0.448462 0.033871 0.029791 0.029791
0.0 0.558978 0.026303 0.033004 0.048484
0.0 0.408764 0.156310 0.023772 0.041944
0.0 0.110881 0.060508 0.007492 0.022299
0.0 0.075946 0.164662 0.022655 0.033423
0.0 0.970242 0.633379 0.017194 0.026616
0.0 0.920717 0.602458 0.017118 0.014426
0.0 0.868031 0.565606 0.019823 0.029245
0.0 0.935013 0.817865 0.020102 0.042985
0.0 0.933135 0.760099 0.018477 0.030591
0.0 0.909743 0.782245 0.014299 0.027759
0.0 0.878290 0.727691 0.035684 0.074719
0.0 0.846683 0.698332 0.048129 0.099951
0.0 0.840017 0.598965 0.028280 0.035683
0.0 0.781274 0.602291 0.014667 0.024762
0.0 0.739622 0.583433 0.020839 0.036991
0.0 0.886903 0.457769 0.010629 0.028801
0.0 0.843334 0.387443 0.015505 0.019543
0.0 0.729410 0.829507 0.027379 0.046223
0.0 0.683364 0.880199 0.024484 0.047366
0.0 0.780040 0.725836 0.016115 0.024191
0.0 0.904242 0.973952 0.023798 0.052095
0.0 0.899520 0.902247 0.040268 0.034211
0.0 0.832355 0.991146 0.017537 0.017708
0.0 0.804736 0.992441 0.017702 0.015118
0.0 0.769586 0.972987 0.021804 0.054027
0.0 0.797638 0.940100 0.009651 0.027150
0.0 0.724856 0.365600 0.017334 0.033486
0.0 0.697363 0.425030 0.022655 0.033423
0.0 0.641453 0.280595 0.023429 0.033525
0.0 0.837214 0.325969 0.020763 0.024801
0.0 0.826834 0.807616 0.010489 0.021931
0.0 0.646967 0.058331 0.020915 0.049182
0.0 0.149010 0.436630 0.040459 0.064687
