0.0 0.715794 0.677984 0.067539 0.115452
0.0 0.782085 0.890174 0.038719 0.060439
0.0 0.503353 0.849723 0.028952 0.055783
0.0 0.555854 0.841565 0.022475 0.039724
0.0 0.611279 0.859854 0.040635 0.058523
0.0 0.551271 0.921599 0.048826 0.053937
0.0 0.405505 0.949584 0.063067 0.100832
0.0 0.341338 0.973239 0.028033 0.050392
0.0 0.300809 0.642535 0.062428 0.120563
0.0 0.260334 0.707289 0.033669 0.048362
0.0 0.284981 0.772829 0.027621 0.043592
0.0 0.187713 0.104673 0.107228 0.128948
0.0 0.356364 0.038672 0.044057 0.047890
0.0 0.542222 0.049883 0.074602 0.099766
0.0 0.675105 0.013356 0.061578 0.026713
0.0 0.657941 0.213126 0.035709 0.077872
0.0 0.340636 0.299715 0.042850 0.067126
0.0 0.382386 0.474878 0.048521 0.074074
0.0 0.442459 0.534378 0.089146 0.097451
0.0 0.551750 0.566467 0.085227 0.144639
0.0 0.532221 0.702940 0.066403 0.152646
0.0 0.448895 0.641856 0.088952 0.048066
0.0 0.434059 0.866292 0.044993 0.057770
0.0 0.608927 0.952980 0.019920 0.042279
0.0 0.195168 0.348291 0.033853 0.062601
0.0 0.180716 0.226329 0.027770 0.048852
0.0 0.263385 0.283562 0.043584 0.058278
0.0 0.259029 0.044171 0.015736 0.022124
0.0 0.344509 0.754755 0.027980 0.036924
0.0 0.396676 0.726048 0.026965 0.039741
0.0 0.334332 0.815929 0.019228 0.029449
0.0 0.379849 0.794697 0.013574 0.026990
0.0 0.304701 0.860607 0.016200 0.042393
1.0 0.482128 0.152750 0.145408 0.305501
0.0 0.474098 0.891959 0.022046 0.028434
