3.0 0.701562 0.420313 0.135938 0.181250
0.0 0.437500 0.889063 0.074219 0.077344
0.0 0.760938 0.907031 0.078125 0.139062
0.0 0.250000 0.796094 0.079687 0.114844
0.0 0.481250 0.617188 0.056250 0.089844
0.0 0.423437 0.635938 0.028906 0.138281
0.0 0.518750 0.691406 0.046094 0.115625
0.0 0.617969 0.712500 0.032031 0.064844
0.0 0.374219 0.508594 0.103125 0.093750
0.0 0.466406 0.421094 0.072656 0.092188
0.0 0.388281 0.175781 0.056250 0.091406
0.0 0.261719 0.126562 0.043750 0.065625
0.0 0.282031 0.422656 0.019531 0.047656
0.0 0.264844 0.552344 0.019531 0.066406
0.0 0.774219 0.060938 0.077344 0.121875
0.0 0.640625 0.134375 0.026563 0.040625
