0.0 0.826848 0.114155 0.064014 0.106663
0.0 0.626045 0.225285 0.019023 0.027935
0.0 0.690339 0.192807 0.038180 0.056640
0.0 0.874366 0.238139 0.027536 0.055545
0.0 0.969598 0.393375 0.030127 0.040311
0.0 0.847196 0.578333 0.041985 0.069993
0.0 0.776369 0.819158 0.321325 0.361684
0.0 0.883461 0.817714 0.059558 0.111119
0.0 0.911100 0.855005 0.026514 0.036699
0.0 0.869514 0.953258 0.021555 0.042561
0.0 0.724156 0.803618 0.032599 0.045967
0.0 0.734004 0.645956 0.036315 0.045863
0.0 0.891429 0.652591 0.043391 0.069490
0.0 0.770382 0.353342 0.056241 0.074701
0.0 0.471829 0.424559 0.090498 0.100046
0.0 0.388719 0.487874 0.086856 0.091948
0.0 0.410671 0.612982 0.043467 0.138950
0.0 0.465283 0.608956 0.063289 0.132673
0.0 0.491115 0.688750 0.038136 0.069327
0.0 0.582365 0.720402 0.034775 0.045597
0.0 0.441915 0.175970 0.063762 0.087951
0.0 0.334039 0.112104 0.034997 0.059823
0.0 0.251835 0.020418 0.025656 0.040837
0.0 0.183515 0.001980 0.023539 0.003959
0.0 0.216913 0.000629 0.016077 0.001258
0.0 0.117667 0.021576 0.034509 0.043151
0.0 0.073550 0.073358 0.012302 0.019304
0.0 0.113446 0.081057 0.037721 0.045360
0.0 0.076212 0.222878 0.022295 0.038209
0.0 0.076405 0.171375 0.017676 0.037410
0.0 0.103304 0.203781 0.012628 0.029815
0.0 0.129787 0.261488 0.042814 0.079098
0.0 0.159365 0.296736 0.049239 0.081703
0.0 0.278598 0.166730 0.024486 0.020667
0.0 0.035854 0.350680 0.019512 0.043701
0.0 0.136905 0.417329 0.023405 0.031681
0.0 0.162723 0.396426 0.027358 0.028631
0.0 0.220518 0.396916 0.012998 0.027639
0.0 0.262028 0.413615 0.022192 0.041925
0.0 0.315648 0.383253 0.028794 0.032613
0.0 0.271901 0.498575 0.027536 0.055545
0.0 0.320340 0.475245 0.025611 0.035796
0.0 0.226605 0.265560 0.014405 0.027136
0.0 0.222674 0.750907 0.092289 0.080194
0.0 0.277568 0.681123 0.039083 0.057543
0.0 0.076561 0.619372 0.063688 0.096152
0.0 0.011941 0.609719 0.023881 0.042325
0.0 0.186487 0.190430 0.028291 0.034020
0.0 0.022746 0.783695 0.030393 0.041851
0.0 0.021783 0.835065 0.024294 0.049756
0.0 0.044655 0.812859 0.035160 0.065078
0.0 0.077459 0.907338 0.022695 0.040519
0.0 0.099561 0.926229 0.012332 0.023790
0.0 0.301516 0.959600 0.013975 0.020341
0.0 0.334026 0.936684 0.033265 0.049816
0.0 0.381415 0.855293 0.074213 0.079306
0.0 0.488327 0.929299 0.015515 0.020607
0.0 0.526847 0.972439 0.031533 0.039808
0.0 0.592546 0.976934 0.029979 0.046132
0.0 0.576442 0.846236 0.027447 0.042088
0.0 0.200303 0.857244 0.023879 0.025789
0.0 0.132665 0.808271 0.023169 0.034627
0.0 0.157298 0.812535 0.018180 0.036003
0.0 0.004642 0.699949 0.009283 0.028809
0.0 0.019949 0.717403 0.015915 0.022917
0.0 0.038187 0.717388 0.022458 0.043465
0.0 0.068254 0.736071 0.025049 0.028231
0.0 0.287025 0.832611 0.012939 0.018668
0.0 0.325723 0.806009 0.019023 0.027935
0.0 0.305618 0.899259 0.025522 0.022339
0.0 0.411192 0.426749 0.012732 0.026099
0.0 0.269486 0.617880 0.023761 0.046677
0.0 0.301537 0.565549 0.026218 0.030674
0.0 0.083434 0.382701 0.021599 0.029875
0.0 0.150907 0.602112 0.009223 0.018771
