0.0 0.590678 0.371941 0.247492 0.267521
0.0 0.543666 0.941354 0.064140 0.116810
0.0 0.415054 0.633252 0.063416 0.149467
0.0 0.157943 0.590394 0.079900 0.120701
0.0 0.042394 0.689956 0.050106 0.100550
0.0 0.715399 0.664591 0.036610 0.095214
0.0 0.845355 0.492356 0.043583 0.110347
0.0 0.796070 0.508084 0.041022 0.089983
0.0 0.693955 0.531110 0.045683 0.121349
0.0 0.849352 0.240291 0.040357 0.092285
0.0 0.735393 0.181770 0.053342 0.103045
0.0 0.426439 0.245502 0.031719 0.059166
0.0 0.448224 0.449364 0.047671 0.066958
0.0 0.527652 0.569034 0.030494 0.081679
0.0 0.333935 0.304817 0.060425 0.073036
0.0 0.374592 0.241019 0.040802 0.069733
0.0 0.105059 0.279340 0.067151 0.051572
0.0 0.233500 0.552252 0.047160 0.072382
0.0 0.312635 0.586677 0.035158 0.049995
0.0 0.360063 0.549139 0.023685 0.054099
0.0 0.933910 0.559170 0.035763 0.078047
0.0 0.932208 0.366050 0.056474 0.087631
