0.0 0.436745 0.465154 0.063070 0.090723
0.0 0.483305 0.291145 0.053849 0.148766
0.0 0.663976 0.292069 0.050647 0.091753
0.0 0.539746 0.423243 0.065774 0.136027
0.0 0.393645 0.536580 0.052774 0.068469
0.0 0.428081 0.371688 0.085391 0.065960
0.0 0.375118 0.982470 0.028878 0.035060
0.0 0.286819 0.942740 0.106645 0.114521
0.0 0.459070 0.953709 0.024593 0.047014
0.0 0.763848 0.949359 0.058802 0.081971
0.0 0.702264 0.733029 0.023779 0.046200
0.0 0.672194 0.632653 0.013351 0.020825
0.0 0.395876 0.717898 0.026154 0.047080
0.0 0.324995 0.742805 0.023580 0.041517
0.0 0.259358 0.817534 0.018366 0.028829
0.0 0.242817 0.833095 0.012571 0.020792
0.0 0.254018 0.691867 0.010262 0.021473
0.0 0.243438 0.718903 0.012571 0.020792
0.0 0.681010 0.085691 0.025922 0.041617
0.0 0.643931 0.007811 0.015759 0.015623
0.0 0.531774 0.143642 0.020259 0.036701
0.0 0.507084 0.059458 0.021621 0.032084
0.0 0.427844 0.163698 0.014098 0.020078
0.0 0.431862 0.184640 0.017188 0.019430
0.0 0.482597 0.182484 0.017453 0.025674
0.0 0.461328 0.105192 0.032100 0.040321
0.0 0.319518 0.098707 0.035748 0.126181
0.0 0.366513 0.174124 0.025440 0.048608
0.0 0.256776 0.094336 0.013650 0.027850
0.0 0.274183 0.062318 0.015078 0.024794
0.0 0.247116 0.290235 0.018815 0.021057
0.0 0.303813 0.299555 0.017685 0.031138
0.0 0.287747 0.418313 0.040467 0.090541
0.0 0.217371 0.307920 0.018333 0.028049
0.0 0.227034 0.351299 0.010096 0.017570
0.0 0.241349 0.356946 0.015626 0.019363
0.0 0.272156 0.364239 0.014846 0.019330
0.0 0.298113 0.367827 0.013866 0.014614
0.0 0.394813 0.140861 0.014813 0.018550
0.0 0.587349 0.016168 0.013218 0.017703
0.0 0.266195 0.628793 0.017387 0.024113
