0.0 0.499219 0.667188 0.050000 0.125000
0.0 0.546875 0.552344 0.066406 0.124219
0.0 0.703906 0.662500 0.050000 0.090625
0.0 0.735937 0.839062 0.030469 0.055469
0.0 0.698438 0.903906 0.014844 0.024219
0.0 0.792188 0.105469 0.073437 0.093750
0.0 0.713281 0.022656 0.048437 0.045313
0.0 0.285937 0.095312 0.237500 0.190625
0.0 0.323438 0.093750 0.040625 0.057812
0.0 0.431250 0.115625 0.036719 0.039062
0.0 0.365625 0.315625 0.032031 0.071094
0.0 0.378906 0.463281 0.044531 0.067188
0.0 0.428125 0.522656 0.082031 0.059375
0.0 0.420312 0.600781 0.087500 0.028906
0.0 0.257812 0.579688 0.046094 0.100000
0.0 0.193750 0.629687 0.025000 0.029688
0.0 0.177344 0.671094 0.025000 0.036719
0.0 0.211719 0.686719 0.022656 0.030469
0.0 0.279687 0.674219 0.015625 0.017969
0.0 0.308594 0.846094 0.036719 0.100781
0.0 0.252344 0.874219 0.010938 0.028125
0.0 0.253906 0.930469 0.015625 0.021094
0.0 0.230469 0.850781 0.012500 0.032031
0.0 0.259375 0.967969 0.014844 0.019531
0.0 0.174219 0.976562 0.010938 0.021875
0.0 0.192188 0.331250 0.014062 0.042969
0.0 0.179688 0.229688 0.007812 0.025000
0.0 0.201562 0.238281 0.019531 0.037500
0.0 0.280469 0.299219 0.033594 0.048437
0.0 0.557031 0.797656 0.020313 0.036719
0.0 0.496094 0.775781 0.021094 0.040625
0.0 0.434375 0.775781 0.017969 0.047656
0.0 0.475000 0.828906 0.035156 0.038281
0.0 0.532812 0.873437 0.021875 0.030469
0.0 0.539062 0.938281 0.016406 0.026563
0.0 0.793750 0.984375 0.040625 0.031250
0.0 0.354688 0.779687 0.042188 0.045312
0.0 0.726562 0.292969 0.026562 0.050000
0.0 0.624219 0.134375 0.053906 0.076563
0.0 0.623438 0.958594 0.015625 0.023438
0.0 0.392969 0.800781 0.015625 0.026563
0.0 0.219531 0.397656 0.021875 0.027344
0.0 0.342187 0.659375 0.017187 0.039062
0.0 0.257812 0.722656 0.009375 0.028906
0.0 0.631250 0.898438 0.013281 0.021094
0.0 0.311719 0.713281 0.014063 0.026563
0.0 0.353125 0.962500 0.015625 0.038281
0.0 0.392188 0.987500 0.014844 0.024219
