0.0 0.725772 0.929953 0.079082 0.081028
0.0 0.727554 0.367758 0.059816 0.092244
0.0 0.785308 0.198963 0.035923 0.050840
0.0 0.757798 0.123379 0.015910 0.024341
0.0 0.600940 0.209136 0.026152 0.031989
0.0 0.521403 0.330949 0.069117 0.122299
0.0 0.536985 0.228215 0.020069 0.036283
0.0 0.525621 0.165489 0.044969 0.046266
0.0 0.588458 0.133574 0.024049 0.037669
0.0 0.426503 0.459807 0.092656 0.090710
0.0 0.430346 0.386055 0.091137 0.052872
0.0 0.268060 0.376806 0.066759 0.093350
0.0 0.217977 0.323731 0.031217 0.026029
0.0 0.246643 0.272922 0.021400 0.030479
0.0 0.203383 0.276312 0.019386 0.041437
0.0 0.315465 0.089277 0.023189 0.032268
0.0 0.320091 0.035428 0.027237 0.024642
0.0 0.335900 0.006113 0.016435 0.012225
0.0 0.359801 0.128778 0.057947 0.118263
0.0 0.396624 0.195562 0.044868 0.059785
0.0 0.552638 0.442727 0.076162 0.109887
0.0 0.558728 0.359840 0.026185 0.027483
0.0 0.692789 0.734830 0.034380 0.050594
0.0 0.564323 0.875743 0.054839 0.103481
0.0 0.632726 0.997819 0.036181 0.004363
0.0 0.369388 0.862873 0.030646 0.050751
0.0 0.224636 0.862746 0.267068 0.232045
0.0 0.262842 0.871208 0.027135 0.038161
0.0 0.160726 0.707788 0.020348 0.033320
0.0 0.167889 0.613205 0.022875 0.039738
0.0 0.336952 0.654388 0.032905 0.041336
0.0 0.370342 0.509399 0.052125 0.053422
0.0 0.249694 0.665798 0.027560 0.050259
0.0 0.695303 0.058833 0.016033 0.025113
0.0 0.477790 0.212452 0.022472 0.041929
0.0 0.369572 0.310708 0.019577 0.033197
0.0 0.341862 0.261199 0.024609 0.031743
0.0 0.309606 0.294823 0.018034 0.032951
0.0 0.865638 0.062245 0.040878 0.025313
0.0 0.471797 0.005122 0.010946 0.010245
0.0 0.425552 0.019008 0.020785 0.026622
0.0 0.288508 0.109505 0.015630 0.027304
0.0 0.440186 0.180353 0.016983 0.035791
0.0 0.605730 0.069873 0.014524 0.020361
0.0 0.675699 0.643502 0.019242 0.026376
