1.0 0.680152 0.601800 0.196098 0.203907
0.0 0.699803 0.970358 0.072170 0.059284
0.0 0.935020 0.766720 0.037531 0.047292
0.0 0.788242 0.890788 0.028253 0.060141
0.0 0.868752 0.254601 0.262495 0.427111
0.0 0.980021 0.322125 0.039957 0.122218
0.0 0.875692 0.539945 0.047367 0.081206
0.0 0.823551 0.272385 0.040920 0.068903
0.0 0.781801 0.432695 0.037727 0.053345
0.0 0.656129 0.306227 0.041374 0.062198
0.0 0.551178 0.304791 0.043629 0.081373
0.0 0.447907 0.358184 0.042780 0.152758
0.0 0.382397 0.478392 0.096884 0.089725
0.0 0.443493 0.567845 0.095688 0.106100
0.0 0.328876 0.804506 0.066329 0.091709
0.0 0.202223 0.830508 0.038332 0.057204
0.0 0.040901 0.911173 0.017025 0.036547
0.0 0.012195 0.904258 0.024390 0.034020
0.0 0.084274 0.906905 0.025696 0.058234
0.0 0.183436 0.491471 0.025529 0.061972
0.0 0.123613 0.494741 0.035745 0.045506
0.0 0.110295 0.458648 0.027013 0.042631
0.0 0.276387 0.554289 0.029479 0.053557
0.0 0.271133 0.421401 0.041208 0.065936
0.0 0.230199 0.505923 0.027300 0.039665
0.0 0.307001 0.464985 0.025076 0.030282
0.0 0.502434 0.378598 0.072170 0.138547
0.0 0.502762 0.104242 0.059761 0.078633
0.0 0.756233 0.056218 0.028269 0.045839
0.0 0.685952 0.040450 0.033762 0.037667
0.0 0.482360 0.017321 0.023517 0.034643
0.0 0.139918 0.041429 0.079616 0.082857
0.0 0.115103 0.236396 0.065996 0.099185
0.0 0.046774 0.223307 0.026104 0.056039
0.0 0.304528 0.153021 0.082219 0.087425
0.0 0.430015 0.139489 0.018659 0.027770
0.0 0.337672 0.234137 0.037227 0.064559
0.0 0.722937 0.737411 0.065148 0.093782
0.0 0.584710 0.882590 0.033157 0.033808
0.0 0.318827 0.036644 0.015451 0.026514
0.0 0.296808 0.071149 0.019794 0.030206
0.0 0.259352 0.062902 0.025227 0.040845
0.0 0.231825 0.072028 0.021701 0.032764
0.0 0.439850 0.026366 0.023366 0.033778
0.0 0.145398 0.113829 0.028602 0.038363
0.0 0.109592 0.130355 0.018644 0.042071
0.0 0.091386 0.120383 0.017917 0.037440
0.0 0.695595 0.175608 0.042812 0.047367
0.0 0.944352 0.480333 0.047095 0.069871
0.0 0.425764 0.232137 0.016177 0.031145
0.0 0.638706 0.069417 0.020566 0.030327
0.0 0.209430 0.214814 0.018705 0.023260
0.0 0.089958 0.588313 0.059050 0.098095
0.0 0.046933 0.615569 0.042796 0.100063
0.0 0.004342 0.660335 0.008684 0.034474
0.0 0.039440 0.476794 0.019915 0.030978
0.0 0.165114 0.764587 0.020642 0.035609
0.0 0.143668 0.644185 0.016949 0.031266
0.0 0.386196 0.539879 0.015042 0.028708
0.0 0.119842 0.342316 0.022473 0.032885
0.0 0.185293 0.282991 0.023169 0.027724
0.0 0.073873 0.705992 0.022034 0.025288
0.0 0.395451 0.178353 0.030721 0.032673
0.0 0.065402 0.129751 0.018568 0.036790
