0.0 0.713084 0.257639 0.034933 0.052496
0.0 0.800785 0.830826 0.049796 0.067360
0.0 0.735919 0.638296 0.085803 0.122280
0.0 0.747724 0.066032 0.079963 0.132063
0.0 0.239646 0.115941 0.274386 0.202107
0.0 0.248540 0.621259 0.049322 0.099309
0.0 0.343871 0.885497 0.060071 0.099926
0.0 0.519244 0.668452 0.062696 0.132273
0.0 0.426465 0.534637 0.093450 0.092775
0.0 0.421226 0.622739 0.099151 0.059971
0.0 0.557823 0.551657 0.077954 0.120511
0.0 0.365920 0.480179 0.060487 0.079401
0.0 0.339166 0.326868 0.058876 0.060903
0.0 0.511428 0.859278 0.044291 0.042265
0.0 0.599367 0.814129 0.030980 0.057324
3.0 0.514048 0.198103 0.169163 0.267111
