0.0 0.425041 0.470209 0.077454 0.079795
0.0 0.496328 0.331245 0.049378 0.114912
0.0 0.706485 0.330755 0.054798 0.079763
0.0 0.546177 0.439908 0.061090 0.110241
0.0 0.417333 0.395198 0.093799 0.035286
0.0 0.365376 0.679501 0.030533 0.046136
0.0 0.375737 0.531859 0.046935 0.043034
0.0 0.284589 0.909077 0.236189 0.181577
0.0 0.327562 0.906011 0.032088 0.040669
0.0 0.790867 0.889466 0.064949 0.075871
0.0 0.726283 0.701876 0.027401 0.041444
0.0 0.715732 0.986076 0.032851 0.027848
0.0 0.429940 0.881153 0.029747 0.043010
0.0 0.696709 0.619804 0.017222 0.025024
0.0 0.734070 0.156574 0.029745 0.041447
0.0 0.553543 0.198511 0.021139 0.032842
0.0 0.538890 0.060991 0.018002 0.024244
0.0 0.530984 0.128168 0.024262 0.031284
0.0 0.474682 0.165590 0.035987 0.035987
0.0 0.304387 0.152853 0.039995 0.109430
0.0 0.358199 0.220897 0.027400 0.040663
0.0 0.260803 0.033262 0.020349 0.026591
0.0 0.696663 0.089335 0.021129 0.025810
0.0 0.624075 0.040015 0.017226 0.028149
0.0 0.279936 0.320788 0.014883 0.028146
0.0 0.257341 0.276226 0.008619 0.017981
0.0 0.213541 0.312103 0.018007 0.027369
0.0 0.176020 0.327676 0.016458 0.037523
0.0 0.340853 0.335717 0.013316 0.025018
0.0 0.268131 0.382491 0.016428 0.015648
0.0 0.240012 0.378546 0.013309 0.020331
0.0 0.193931 0.369107 0.028944 0.027384
0.0 0.255574 0.423880 0.042290 0.074277
0.0 0.253644 0.125439 0.013313 0.022675
0.0 0.230953 0.150408 0.015668 0.031272
0.0 0.252937 0.071532 0.022691 0.025031
0.0 0.174100 0.022204 0.014096 0.024238
0.0 0.495685 0.231244 0.018788 0.027370
0.0 0.195883 0.651922 0.017226 0.028149
0.0 0.198079 0.758175 0.019573 0.030496
0.0 0.280973 0.699697 0.032086 0.039888
0.0 0.395207 0.012354 0.012525 0.017986
0.0 0.353770 0.034953 0.013318 0.026581
0.0 0.807701 0.016832 0.014875 0.022677
0.0 0.362516 0.488091 0.011741 0.016423
0.0 0.187256 0.676129 0.013305 0.017206
0.0 0.431649 0.212405 0.013306 0.017987
0.0 0.435526 0.233504 0.011743 0.017204
0.0 0.631030 0.095494 0.013303 0.015643
0.0 0.515459 0.056271 0.010968 0.021890
