0.0 0.092188 0.528125 0.130469 0.278906
0.0 0.145313 0.288281 0.042969 0.028906
0.0 0.163281 0.104688 0.117969 0.208594
0.0 0.284375 0.091406 0.075000 0.182812
0.0 0.374219 0.185156 0.050000 0.109375
0.0 0.553906 0.107031 0.095312 0.157812
0.0 0.471875 0.064062 0.036719 0.069531
0.0 0.340625 0.085938 0.019531 0.055469
0.0 0.349219 0.678125 0.093750 0.164844
0.0 0.235938 0.359375 0.063281 0.167969
0.0 0.412500 0.446875 0.021094 0.071094
0.0 0.492188 0.400781 0.082031 0.117969
0.0 0.455469 0.543750 0.064062 0.064844
0.0 0.521875 0.856250 0.093750 0.149219
0.0 0.572656 0.685156 0.175000 0.181250
0.0 0.667969 0.535937 0.085156 0.068750
0.0 0.475781 0.270312 0.111719 0.102344
0.0 0.635938 0.394531 0.127344 0.214844
0.0 0.781250 0.387500 0.146875 0.137500
0.0 0.876562 0.407031 0.035156 0.097656
0.0 0.793750 0.539844 0.040625 0.084375
0.0 0.714844 0.690625 0.071094 0.115625
0.0 0.858594 0.630469 0.057031 0.135938
0.0 0.915625 0.867188 0.108594 0.164844
0.0 0.970312 0.685937 0.059375 0.113281
0.0 0.976562 0.446094 0.043750 0.135937
0.0 0.859375 0.243750 0.150000 0.123438
0.0 0.602344 0.230469 0.040625 0.060156
0.0 0.739062 0.064844 0.035938 0.116406
0.0 0.637500 0.031250 0.056250 0.062500
0.0 0.119531 0.366406 0.042969 0.042187
0.0 0.675000 0.266406 0.078906 0.135937
0.0 0.989062 0.878125 0.020313 0.139062
