0.0 0.886719 0.227344 0.006250 0.010156
0.0 0.625000 0.850000 0.009375 0.016406
0.0 0.585156 0.916406 0.011719 0.021094
0.0 0.659375 0.885156 0.007031 0.008594
0.0 0.631250 0.955469 0.008594 0.015625
0.0 0.590625 0.975781 0.010937 0.013281
0.0 0.607031 0.967969 0.004688 0.007812
0.0 0.596094 0.993750 0.007812 0.010937
0.0 0.649219 0.985156 0.008594 0.005469
0.0 0.583594 0.867969 0.005469 0.017187
0.0 0.561719 0.793750 0.006250 0.012500
0.0 0.616406 0.750781 0.010937 0.010937
0.0 0.651563 0.798437 0.008594 0.014063
0.0 0.690625 0.503906 0.010937 0.017187
0.0 0.700000 0.503125 0.004688 0.007031
0.0 0.660156 0.558594 0.004688 0.007031
0.0 0.668750 0.484375 0.007031 0.009375
0.0 0.684375 0.685938 0.006250 0.010937
0.0 0.717188 0.667969 0.006250 0.014844
0.0 0.703906 0.608594 0.004688 0.013281
0.0 0.689844 0.600000 0.003906 0.012500
