0.0 0.460938 0.431250 0.071875 0.085156
0.0 0.483594 0.614844 0.050000 0.117969
0.0 0.386719 0.503906 0.078125 0.075781
0.0 0.840625 0.805469 0.246875 0.389063
0.0 0.432031 0.625000 0.025781 0.129688
0.0 0.388281 0.194531 0.055469 0.085938
0.0 0.225000 0.205469 0.013281 0.028125
0.0 0.271875 0.146875 0.024219 0.049219
0.0 0.093750 0.323438 0.031250 0.078906
0.0 0.131250 0.344531 0.038281 0.056250
0.0 0.008594 0.152344 0.012500 0.027344
0.0 0.051562 0.153125 0.040625 0.036719
0.0 0.103125 0.046875 0.020313 0.022656
0.0 0.036719 0.069531 0.021875 0.076562
0.0 0.250781 0.453125 0.015625 0.033594
0.0 0.299219 0.416406 0.024219 0.035937
0.0 0.277344 0.536719 0.024219 0.055469
0.0 0.128906 0.482031 0.019531 0.032812
0.0 0.148438 0.450000 0.026562 0.030469
0.0 0.015625 0.428125 0.020313 0.035937
0.0 0.576562 0.203125 0.017969 0.032813
0.0 0.634375 0.159375 0.027344 0.046094
0.0 0.617969 0.697656 0.027344 0.050000
0.0 0.521094 0.684375 0.025781 0.065625
0.0 0.375000 0.924219 0.014844 0.025000
0.0 0.412500 0.943750 0.018750 0.019531
0.0 0.417969 0.889844 0.014063 0.023438
0.0 0.450000 0.863281 0.052344 0.062500
0.0 0.419531 0.846094 0.009375 0.022656
0.0 0.381250 0.828125 0.012500 0.025781
0.0 0.313281 0.711719 0.025781 0.040625
0.0 0.268750 0.791406 0.070312 0.063281
0.0 0.103906 0.689062 0.047656 0.084375
0.0 0.034375 0.685938 0.022656 0.035156
0.0 0.082812 0.903906 0.010937 0.041406
0.0 0.078906 0.857031 0.019531 0.043750
0.0 0.103906 0.885156 0.028125 0.059375
0.0 0.153906 0.971094 0.015625 0.032031
0.0 0.179688 0.987500 0.016406 0.024219
0.0 0.264844 0.900000 0.019531 0.027344
0.0 0.189062 0.859375 0.014844 0.030469
0.0 0.214844 0.867188 0.014063 0.036719
0.0 0.250000 0.865625 0.017187 0.024219
0.0 0.113281 0.804688 0.020313 0.031250
0.0 0.080469 0.784375 0.018750 0.040625
0.0 0.385156 0.982031 0.016406 0.034375
0.0 0.410156 0.967188 0.014063 0.019531
0.0 0.601562 0.948438 0.014063 0.028906
0.0 0.616406 0.967969 0.012500 0.025781
0.0 0.680469 0.977344 0.017187 0.021875
0.0 0.671875 0.950000 0.016406 0.032031
0.0 0.632812 0.830469 0.032812 0.037500
0.0 0.934375 0.742969 0.043750 0.096094
0.0 0.770313 0.757031 0.025781 0.045313
0.0 0.753906 0.603906 0.025781 0.041406
0.0 0.856250 0.515625 0.032813 0.064844
0.0 0.945313 0.314063 0.025781 0.041406
0.0 0.825781 0.177344 0.019531 0.051562
0.0 0.760938 0.059375 0.046875 0.096875
0.0 0.565625 0.921094 0.016406 0.026562
0.0 0.321875 0.505469 0.017187 0.019531
0.0 0.058594 0.276563 0.010156 0.037500
0.0 0.028125 0.242187 0.017187 0.036719
0.0 0.189062 0.717188 0.012500 0.023438
0.0 0.174219 0.656250 0.013281 0.025781
0.0 0.295313 0.659375 0.014063 0.021094
0.0 0.206250 0.440625 0.011719 0.019531
0.0 0.144531 0.100000 0.013281 0.021094
0.0 0.175000 0.036719 0.013281 0.023438
0.0 0.191406 0.310937 0.014844 0.022656
