1.0 0.453125 0.830469 0.103125 0.305469
0.0 0.621875 0.716406 0.035937 0.070312
0.0 0.610938 0.543750 0.042969 0.078125
0.0 0.563281 0.472656 0.081250 0.097656
0.0 0.457031 0.425000 0.074219 0.149219
0.0 0.716406 0.396875 0.047656 0.110937
0.0 0.671875 0.063281 0.042188 0.126562
0.0 0.525000 0.081250 0.039062 0.058594
0.0 0.315625 0.282031 0.053906 0.110156
0.0 0.287500 0.063281 0.038281 0.070312
0.0 0.448438 0.125781 0.023438 0.052344
0.0 0.628906 0.139844 0.034375 0.071094
0.0 0.572656 0.365625 0.094531 0.050000
0.0 0.504688 0.287500 0.053906 0.147656
0.0 0.696094 0.272656 0.019531 0.034375
0.0 0.756250 0.266406 0.024219 0.039844
0.0 0.774219 0.705469 0.023438 0.075781
0.0 0.767188 0.821094 0.022656 0.067188
0.0 0.242969 0.969531 0.064844 0.060156
0.0 0.296875 0.752344 0.032812 0.053125
0.0 0.386719 0.954687 0.037500 0.089844
0.0 0.696094 0.749219 0.032031 0.049219
0.0 0.737500 0.949219 0.090625 0.101562
0.0 0.500781 0.156250 0.017969 0.051563
0.0 0.470312 0.033594 0.021875 0.050000
0.0 0.739844 0.054688 0.013281 0.047656
0.0 0.771094 0.334375 0.028906 0.046875
0.0 0.563281 0.971875 0.031250 0.049219
