0.0 0.149870 0.211461 0.265647 0.405017
0.0 0.222504 0.248422 0.032605 0.055084
0.0 0.145533 0.493111 0.047844 0.065828
0.0 0.087822 0.438349 0.040414 0.074882
0.0 0.241320 0.405607 0.026454 0.057176
0.0 0.371704 0.303423 0.038600 0.049090
0.0 0.469877 0.314340 0.033417 0.055896
0.0 0.544795 0.135411 0.065300 0.073542
0.0 0.570700 0.040546 0.012059 0.048025
0.0 0.606924 0.066459 0.022238 0.049213
0.0 0.596769 0.010514 0.016615 0.021028
0.0 0.719382 0.199557 0.076385 0.077884
0.0 0.878087 0.101710 0.030639 0.064358
0.0 0.899913 0.100052 0.030299 0.094740
0.0 0.255219 0.946891 0.063368 0.103080
0.0 0.381918 0.850328 0.035759 0.055990
0.0 0.433871 0.800549 0.013025 0.033256
0.0 0.266273 0.696246 0.055026 0.070013
0.0 0.062468 0.702860 0.022768 0.042999
0.0 0.959672 0.829493 0.043657 0.039161
0.0 0.875279 0.635846 0.042414 0.085873
0.0 0.911472 0.660978 0.030422 0.078378
0.0 0.793364 0.542961 0.017740 0.034224
0.0 0.852535 0.536678 0.028637 0.033882
0.0 0.872328 0.503827 0.024546 0.029042
0.0 0.601394 0.552227 0.015803 0.024794
0.0 0.682509 0.488768 0.022267 0.030509
0.0 0.721131 0.457507 0.023300 0.056270
0.0 0.612253 0.491587 0.076947 0.072451
0.0 0.566182 0.376153 0.033458 0.134614
0.0 0.512664 0.386901 0.052441 0.122126
0.0 0.542599 0.567878 0.077043 0.094277
0.0 0.058670 0.276888 0.049003 0.094711
0.0 0.310254 0.058033 0.020862 0.034350
0.0 0.373921 0.046878 0.021144 0.041375
0.0 0.188071 0.832303 0.027078 0.053304
0.0 0.627841 0.802149 0.059305 0.079537
0.0 0.743879 0.849097 0.022956 0.047683
0.0 0.982455 0.734754 0.020489 0.044467
0.0 0.987648 0.552368 0.014369 0.047338
0.0 0.956985 0.294796 0.020988 0.037472
0.0 0.889039 0.296740 0.051750 0.085468
0.0 0.770081 0.118553 0.017646 0.031883
0.0 0.717276 0.088615 0.011900 0.024638
0.0 0.814970 0.014772 0.040566 0.029543
0.0 0.874974 0.180023 0.012868 0.029353
0.0 0.915381 0.193257 0.034039 0.032540
0.0 0.974467 0.262820 0.024173 0.039159
0.0 0.702347 0.573979 0.022925 0.046902
0.0 0.751897 0.542279 0.024859 0.036848
0.0 0.813489 0.674291 0.018925 0.024920
0.0 0.681110 0.278499 0.028389 0.047122
0.0 0.842716 0.935048 0.027485 0.063452
0.0 0.886713 0.940320 0.015523 0.037253
0.0 0.914815 0.939192 0.024922 0.038409
0.0 0.607905 0.168845 0.019364 0.035848
0.0 0.042508 0.127416 0.017427 0.026418
0.0 0.027377 0.237486 0.017959 0.039689
0.0 0.983594 0.920792 0.032812 0.083155
0.0 0.353422 0.179056 0.030357 0.057332
0.0 0.787179 0.778555 0.018116 0.043592
0.0 0.948884 0.697007 0.020209 0.056925
0.0 0.683685 0.401150 0.023703 0.027449
0.0 0.704504 0.335419 0.018270 0.028011
0.0 0.803698 0.274362 0.018769 0.021017
0.0 0.795531 0.129261 0.017521 0.028760
0.0 0.479895 0.018388 0.026389 0.036130
0.0 0.417640 0.084217 0.015053 0.025544
0.0 0.819193 0.329254 0.010652 0.032381
0.0 0.993247 0.838919 0.013507 0.047652
