1.0 0.406100 0.165590 0.161170 0.301084
0.0 0.164990 0.083107 0.066425 0.074769
0.0 0.670749 0.045439 0.133229 0.090877
0.0 0.576580 0.270965 0.058981 0.084012
0.0 0.566156 0.526173 0.087373 0.110478
0.0 0.608632 0.439075 0.056674 0.092615
0.0 0.735195 0.566046 0.072737 0.117021
0.0 0.744457 0.905886 0.056810 0.111364
0.0 0.542471 0.706765 0.064271 0.138078
0.0 0.599330 0.615680 0.091848 0.065534
0.0 0.473954 0.562174 0.093172 0.154143
0.0 0.353554 0.737541 0.068109 0.107259
0.0 0.363929 0.967342 0.043441 0.065317
0.0 0.526878 0.888381 0.047037 0.079769
0.0 0.596501 0.911599 0.049209 0.056911
