0.0 0.241197 0.089082 0.074180 0.076330
0.0 0.283520 0.649684 0.053553 0.089389
0.0 0.239185 0.822490 0.032538 0.049023
0.0 0.272539 0.895683 0.014260 0.023578
0.0 0.422187 0.797885 0.024102 0.030552
0.0 0.491923 0.670209 0.060584 0.119355
0.0 0.484449 0.773849 0.017527 0.035445
0.0 0.500698 0.835490 0.042166 0.043599
0.0 0.440558 0.872236 0.021483 0.036534
0.0 0.576423 0.534304 0.087261 0.085111
0.0 0.578378 0.608130 0.088831 0.046544
0.0 0.740889 0.604621 0.060562 0.089948
0.0 0.794981 0.653603 0.029774 0.024040
0.0 0.770389 0.706505 0.019367 0.029401
0.0 0.813250 0.699731 0.016404 0.040773
0.0 0.716184 0.894982 0.021049 0.031083
0.0 0.715796 0.949028 0.025818 0.022951
0.0 0.702756 0.984824 0.014915 0.022082
0.0 0.789889 0.994829 0.017561 0.010342
0.0 0.668887 0.859081 0.049495 0.116150
0.0 0.626938 0.795391 0.040947 0.057431
0.0 0.452016 0.561226 0.068812 0.106082
0.0 0.452448 0.644335 0.024508 0.025942
0.0 0.289385 0.281016 0.030981 0.048899
0.0 0.406401 0.130460 0.047537 0.101291
0.0 0.327486 0.007620 0.034226 0.015239
0.0 0.601745 0.128000 0.027149 0.049367
0.0 0.746061 0.116771 0.253945 0.215242
0.0 0.707308 0.111332 0.024598 0.036783
0.0 0.821929 0.266239 0.018058 0.032392
0.0 0.822208 0.361092 0.020112 0.038747
0.0 0.650435 0.333297 0.030236 0.039553
0.0 0.628521 0.480459 0.048893 0.050326
0.0 0.736530 0.315078 0.024034 0.049119
0.0 0.339906 0.955128 0.014322 0.024356
0.0 0.544697 0.784919 0.019519 0.041021
0.0 0.644875 0.678478 0.017279 0.032330
0.0 0.676383 0.725661 0.022544 0.030428
0.0 0.705902 0.689610 0.015721 0.032206
0.0 0.169827 0.965087 0.039712 0.022510
0.0 0.567192 0.993135 0.009808 0.013730
0.0 0.611949 0.973670 0.019057 0.025507
0.0 0.741472 0.872702 0.013730 0.026631
0.0 0.584704 0.813970 0.014412 0.035197
0.0 0.428336 0.937095 0.013171 0.019622
0.0 0.313586 0.370722 0.017499 0.025383
