0.0 0.576112 0.528089 0.087813 0.100699
0.0 0.449492 0.562545 0.073259 0.131243
0.0 0.490844 0.671695 0.067319 0.143916
3.0 0.477175 0.180722 0.161704 0.287696
0.0 0.268847 0.654560 0.064515 0.099592
0.0 0.577889 0.612882 0.105972 0.057293
0.0 0.751542 0.102543 0.252454 0.185163
0.0 0.720746 0.085949 0.041087 0.048961
0.0 0.605381 0.107205 0.036729 0.052478
0.0 0.229889 0.069059 0.065569 0.093488
0.0 0.223794 0.843736 0.042456 0.046751
0.0 0.417258 0.816243 0.036376 0.038524
0.0 0.674570 0.891094 0.048476 0.102166
0.0 0.499121 0.860473 0.043360 0.048371
0.0 0.751156 0.602570 0.053599 0.079370
0.0 0.635486 0.481936 0.051022 0.047442
0.0 0.656560 0.327662 0.034330 0.051511
0.0 0.432714 0.896654 0.028526 0.037116
0.0 0.260715 0.920393 0.025034 0.032193
0.0 0.280240 0.270639 0.034833 0.057740
0.0 0.326630 0.919443 0.015463 0.019042
0.0 0.329703 0.978475 0.014684 0.018979
0.0 0.733958 0.650561 0.022534 0.020386
0.0 0.765760 0.654695 0.018955 0.023966
0.0 0.754062 0.896726 0.019646 0.032531
0.0 0.727132 0.919634 0.016870 0.026892
0.0 0.725784 0.975174 0.028551 0.027835
0.0 0.625441 0.810317 0.027660 0.045557
0.0 0.655807 0.686577 0.011796 0.031124
0.0 0.719711 0.710546 0.013165 0.028914
0.0 0.789104 0.724769 0.016870 0.026892
0.0 0.809581 0.665286 0.025900 0.023753
0.0 0.418679 0.963711 0.020889 0.028764
0.0 0.481291 0.790060 0.015312 0.026766
0.0 0.808040 0.422187 0.021668 0.028826
0.0 0.836619 0.359439 0.021053 0.040382
0.0 0.828377 0.209070 0.019395 0.029417
0.0 0.841989 0.254061 0.026592 0.032318
0.0 0.754605 0.307359 0.021581 0.037330
0.0 0.445620 0.969804 0.015627 0.030660
0.0 0.302855 0.359465 0.018364 0.026239
0.0 0.547782 0.811103 0.021015 0.030321
0.0 0.644552 0.524992 0.018113 0.023124
0.0 0.616271 0.996042 0.015463 0.007916
0.0 0.681714 0.744318 0.017774 0.028512
0.0 0.644154 0.821233 0.014471 0.025925
0.0 0.585799 0.835334 0.017334 0.023061
0.0 0.737869 0.757472 0.017624 0.036237
