0.0 0.153157 0.164519 0.084670 0.105028
0.0 0.663702 0.095509 0.295038 0.191019
0.0 0.602341 0.303832 0.036292 0.058557
0.0 0.599686 0.060071 0.048811 0.053264
0.0 0.761248 0.538714 0.047220 0.100022
0.0 0.607056 0.586881 0.112573 0.046412
0.0 0.584894 0.518571 0.082635 0.088997
0.0 0.620291 0.452959 0.040878 0.054874
0.0 0.463935 0.561763 0.068671 0.107477
0.0 0.535144 0.665966 0.069033 0.122471
0.0 0.755021 0.818112 0.052710 0.097242
0.0 0.329425 0.691358 0.061788 0.076420
0.0 0.329257 0.877725 0.053194 0.057011
0.0 0.506948 0.809621 0.033480 0.059563
0.0 0.606530 0.835158 0.062737 0.047469
