1.0 0.732882 0.531253 0.210696 0.161033
0.0 0.506294 0.333149 0.065848 0.076053
0.0 0.468044 0.406319 0.073720 0.109097
0.0 0.398759 0.406160 0.048154 0.137275
0.0 0.357224 0.516727 0.104101 0.095257
0.0 0.389660 0.190822 0.080187 0.080867
0.0 0.752461 0.106962 0.091659 0.149486
0.0 0.625931 0.307453 0.040668 0.063799
0.0 0.176841 0.284619 0.094825 0.081899
0.0 0.240662 0.342907 0.039541 0.048385
0.0 0.270770 0.524184 0.038927 0.062058
0.0 0.220249 0.497323 0.033009 0.063623
0.0 0.259141 0.609043 0.050193 0.054275
0.0 0.189724 0.582139 0.026944 0.045312
0.0 0.252768 0.852254 0.037471 0.062643
0.0 0.389837 0.789001 0.086280 0.086961
0.0 0.856704 0.834842 0.058197 0.113303
0.0 0.456036 0.571510 0.109690 0.109690
0.0 0.702361 0.782935 0.047010 0.047010
0.0 0.626169 0.752139 0.023191 0.033396
0.0 0.818995 0.630097 0.068650 0.080215
0.0 0.661156 0.074872 0.036373 0.035013
0.0 0.582946 0.078956 0.037229 0.041992
0.0 0.340710 0.112606 0.025393 0.045122
0.0 0.299364 0.141291 0.022035 0.030199
0.0 0.160408 0.182737 0.034361 0.024837
0.0 0.144841 0.209834 0.018662 0.021383
0.0 0.312739 0.224658 0.026292 0.033776
0.0 0.335799 0.309985 0.024061 0.034266
0.0 0.628722 0.189045 0.040602 0.050807
0.0 0.803603 0.369879 0.038561 0.052848
0.0 0.257695 0.436845 0.034018 0.046944
0.0 0.272964 0.201988 0.015451 0.026336
0.0 0.291796 0.272092 0.025327 0.032130
0.0 0.246380 0.216269 0.019518 0.028362
0.0 0.535273 0.120224 0.034618 0.039380
0.0 0.242742 0.154534 0.016336 0.021098
