1.0 0.561661 0.680573 0.232829 0.516826
0.0 0.548248 0.434851 0.079479 0.141218
0.0 0.528626 0.303624 0.070787 0.148123
0.0 0.444965 0.462839 0.085046 0.095444
0.0 0.448738 0.363778 0.082244 0.063398
0.0 0.402141 0.067736 0.054380 0.125216
0.0 0.756512 0.127630 0.033953 0.048250
0.0 0.308778 0.368576 0.049506 0.108645
0.0 0.351599 0.688542 0.036511 0.064456
0.0 0.393061 0.521083 0.052838 0.067786
0.0 0.672308 0.968568 0.070586 0.062864
0.0 0.650409 0.769720 0.029444 0.062588
0.0 0.699658 0.327459 0.061569 0.113559
0.0 0.601078 0.155294 0.029363 0.043011
0.0 0.538204 0.102660 0.042644 0.055642
0.0 0.279761 0.953234 0.040980 0.040330
0.0 0.371063 0.936010 0.034684 0.052880
0.0 0.206570 0.895807 0.123913 0.141460
0.0 0.592749 0.067769 0.025587 0.033385
0.0 0.429601 0.154326 0.033790 0.066284
