0.0 0.536794 0.306466 0.074956 0.149488
3.0 0.385675 0.657932 0.223176 0.506268
0.0 0.470328 0.430638 0.082199 0.157386
0.0 0.564795 0.484645 0.083711 0.103325
0.0 0.273913 0.706394 0.028790 0.045134
0.0 0.186815 0.913554 0.065775 0.094542
0.0 0.660713 0.948968 0.122308 0.102064
0.0 0.571808 0.987663 0.027307 0.024673
0.0 0.492492 0.950948 0.026411 0.049294
0.0 0.579996 0.725672 0.031997 0.046380
0.0 0.600347 0.551747 0.043874 0.054988
0.0 0.589875 0.388112 0.077084 0.050279
0.0 0.721641 0.435984 0.044219 0.076909
0.0 0.365913 0.065275 0.033124 0.048815
0.0 0.725943 0.114167 0.046578 0.111958
0.0 0.507135 0.139098 0.021726 0.033494
0.0 0.582793 0.109601 0.035740 0.046200
0.0 0.359894 0.274594 0.055973 0.094547
0.0 0.541311 0.060559 0.025000 0.020423
