0.0 0.463130 0.383142 0.083553 0.141754
0.0 0.473566 0.595732 0.105057 0.144294
0.0 0.387907 0.516381 0.099921 0.095998
0.0 0.386849 0.127684 0.062686 0.074457
0.0 0.809213 0.177452 0.325934 0.354905
0.0 0.918128 0.175127 0.059153 0.115392
0.0 0.741890 0.185527 0.035727 0.055999
0.0 0.750460 0.344659 0.036207 0.049285
0.0 0.870035 0.423556 0.045634 0.076370
3.0 0.703589 0.539155 0.181190 0.188384
0.0 0.590491 0.270369 0.039825 0.058135
0.0 0.491220 0.298222 0.044208 0.076905
0.0 0.205382 0.232939 0.074868 0.070290
0.0 0.117156 0.172950 0.019704 0.030167
0.0 0.141402 0.155800 0.025458 0.043114
0.0 0.179123 0.149231 0.017867 0.023098
0.0 0.191081 0.118946 0.018576 0.027732
0.0 0.259978 0.496460 0.031866 0.055407
0.0 0.140756 0.605616 0.034613 0.033959
0.0 0.202766 0.607972 0.018159 0.029930
0.0 0.244418 0.585784 0.029256 0.048221
0.0 0.304626 0.617660 0.027774 0.043469
0.0 0.312408 0.523995 0.019405 0.033137
0.0 0.430287 0.839470 0.070221 0.089185
0.0 0.318043 0.906458 0.035191 0.057425
0.0 0.257910 0.849279 0.017094 0.022980
0.0 0.840025 0.908694 0.067960 0.094118
0.0 0.990838 0.622143 0.018324 0.046377
0.0 0.409553 0.384236 0.041789 0.139881
0.0 0.301295 0.069657 0.019286 0.032365
0.0 0.335113 0.037605 0.022431 0.038126
0.0 0.323562 0.173736 0.017867 0.023098
0.0 0.270970 0.305089 0.030153 0.039309
0.0 0.535242 0.009748 0.015668 0.019495
0.0 0.546477 0.000307 0.015793 0.000613
0.0 0.603143 0.000399 0.014068 0.000799
0.0 0.696510 0.833464 0.033535 0.046614
0.0 0.893800 0.785063 0.030620 0.052200
0.0 0.630186 0.797783 0.021485 0.031948
0.0 0.072263 0.803424 0.021067 0.034146
0.0 0.104076 0.747967 0.044967 0.096629
0.0 0.139912 0.718767 0.051464 0.065197
0.0 0.085663 0.991318 0.031846 0.017363
0.0 0.086314 0.936424 0.042983 0.044290
0.0 0.113038 0.574295 0.028428 0.042815
0.0 0.055794 0.365714 0.058874 0.088956
0.0 0.013866 0.262277 0.019342 0.037652
0.0 0.009741 0.191112 0.019483 0.047803
0.0 0.047914 0.242044 0.020413 0.034800
0.0 0.025871 0.160062 0.042079 0.063005
0.0 0.004055 0.156125 0.008109 0.017574
0.0 0.001402 0.134085 0.002804 0.028267
0.0 0.141059 0.318667 0.015195 0.020427
0.0 0.207550 0.742391 0.020003 0.027196
0.0 0.190951 0.969397 0.017387 0.029812
