0.0 0.430349 0.459317 0.088500 0.090463
0.0 0.521647 0.332599 0.066013 0.120964
0.0 0.729506 0.363593 0.066105 0.087038
0.0 0.554657 0.447502 0.076888 0.118102
0.0 0.433963 0.383998 0.097987 0.048923
0.0 0.340008 0.657311 0.037086 0.050170
0.0 0.372367 0.512887 0.052831 0.049561
0.0 0.225745 0.872196 0.260624 0.214831
0.0 0.268692 0.875602 0.037804 0.045000
0.0 0.729248 0.928640 0.075554 0.084712
0.0 0.693491 0.733493 0.033288 0.045064
0.0 0.640466 0.998342 0.036687 0.003315
0.0 0.373639 0.866359 0.035841 0.046963
0.0 0.676545 0.647917 0.020769 0.027311
0.0 0.782870 0.195509 0.035605 0.045418
0.0 0.598098 0.209933 0.025811 0.035624
0.0 0.604209 0.071769 0.021423 0.026657
0.0 0.586331 0.137004 0.028664 0.034552
0.0 0.525058 0.165570 0.040957 0.040957
0.0 0.358592 0.127470 0.055919 0.114141
0.0 0.401605 0.202806 0.033170 0.044291
0.0 0.333413 0.008681 0.024094 0.017362
0.0 0.755957 0.123426 0.024748 0.028674
0.0 0.691576 0.063790 0.021241 0.030400
0.0 0.309262 0.289847 0.018924 0.030046
0.0 0.293597 0.242403 0.011211 0.019061
0.0 0.244918 0.271315 0.021896 0.029746
0.0 0.205487 0.281092 0.021886 0.039549
0.0 0.367256 0.313732 0.016908 0.026720
0.0 0.288349 0.349086 0.018580 0.017925
0.0 0.261137 0.340973 0.016199 0.022087
0.0 0.216990 0.324738 0.032707 0.031399
0.0 0.269733 0.388127 0.052921 0.079743
0.0 0.312528 0.092764 0.016553 0.024403
0.0 0.286353 0.114052 0.020169 0.033253
0.0 0.319904 0.039359 0.026175 0.028137
0.0 0.535990 0.233629 0.022668 0.029864
0.0 0.176558 0.604655 0.021241 0.030400
0.0 0.162814 0.710039 0.023912 0.033071
0.0 0.253532 0.664636 0.037686 0.044228
0.0 0.469433 0.005992 0.015073 0.011985
0.0 0.425078 0.018296 0.017144 0.028265
0.0 0.876602 0.068373 0.018098 0.024640
0.0 0.365851 0.467632 0.014064 0.017989
0.0 0.164402 0.627297 0.015727 0.018998
0.0 0.475498 0.205411 0.015845 0.019770
0.0 0.476171 0.226853 0.014182 0.018761
0.0 0.690141 0.119684 0.015490 0.017453
0.0 0.581750 0.063593 0.014118 0.023277
