0.0 0.331599 0.939649 0.158065 0.120702
0.0 0.423697 0.980580 0.038448 0.038839
0.0 0.809672 0.912623 0.081539 0.099203
0.0 0.416222 0.722247 0.035659 0.050705
0.0 0.432659 0.483425 0.078169 0.082095
0.0 0.528223 0.426136 0.076386 0.144422
0.0 0.637419 0.271923 0.068219 0.110742
0.0 0.466092 0.298909 0.071806 0.149002
0.0 0.273523 0.109431 0.053773 0.119846
0.0 0.276126 0.441761 0.051520 0.114977
0.0 0.397677 0.544097 0.052684 0.078198
0.0 0.624136 0.055823 0.056973 0.066786
0.0 0.488931 0.138141 0.029790 0.036986
0.0 0.448740 0.051027 0.033897 0.029318
0.0 0.409243 0.113180 0.042791 0.048025
3.0 0.606840 0.645682 0.224266 0.514729
