0.0 0.796402 0.913986 0.064084 0.113943
0.0 0.847526 0.798258 0.029420 0.074220
0.0 0.955887 0.650957 0.033968 0.062149
0.0 0.809081 0.188026 0.281544 0.376052
0.0 0.904692 0.388351 0.039862 0.057927
0.0 0.854734 0.455428 0.041887 0.075126
0.0 0.939176 0.183752 0.024648 0.040545
0.0 0.914126 0.227087 0.055513 0.113320
0.0 0.754037 0.223052 0.031178 0.055746
0.0 0.744038 0.376523 0.031165 0.044894
0.0 0.605561 0.292587 0.035087 0.066881
0.0 0.506276 0.306067 0.041674 0.082861
0.0 0.475372 0.387426 0.054351 0.118661
0.0 0.421481 0.378809 0.030449 0.141727
0.0 0.385615 0.499694 0.078722 0.070051
0.0 0.310365 0.412730 0.025597 0.042939
0.0 0.273031 0.470274 0.024845 0.064587
0.0 0.309204 0.601592 0.025654 0.043718
0.0 0.256448 0.565476 0.016020 0.039143
0.0 0.209243 0.562639 0.022011 0.068256
0.0 0.143381 0.550975 0.047837 0.071683
0.0 0.077648 0.142163 0.034052 0.084633
0.0 0.089486 0.218851 0.024491 0.049059
0.0 0.052218 0.147927 0.027379 0.088798
0.0 0.089972 0.344145 0.058616 0.102694
0.0 0.023345 0.343502 0.023103 0.051284
0.0 0.003608 0.306184 0.007216 0.053282
0.0 0.071835 0.579672 0.015184 0.038307
0.0 0.022489 0.601273 0.015624 0.033689
0.0 0.143811 0.675490 0.043359 0.095385
0.0 0.107768 0.696908 0.045214 0.110246
0.0 0.075425 0.877069 0.048137 0.043802
0.0 0.295555 0.866559 0.033346 0.053578
0.0 0.406261 0.816217 0.057711 0.090227
0.0 0.465243 0.571456 0.080817 0.098882
0.0 0.755137 0.669458 0.056961 0.069245
0.0 0.658307 0.824538 0.033063 0.049682
0.0 0.204892 0.966360 0.034691 0.061427
0.0 0.166385 0.975424 0.018967 0.037032
0.0 0.135544 0.971398 0.023543 0.046665
0.0 0.068236 0.959059 0.028767 0.081882
0.0 0.076724 0.754778 0.018358 0.039313
0.0 0.045200 0.784484 0.015268 0.060791
0.0 0.208368 0.712315 0.014505 0.028957
0.0 0.295697 0.297083 0.034125 0.053635
0.0 0.244403 0.227179 0.070038 0.067870
0.0 0.411667 0.135912 0.067544 0.076215
0.0 0.379387 0.047394 0.016260 0.053112
0.0 0.351975 0.025886 0.019520 0.033972
0.0 0.146324 0.041610 0.017296 0.035360
0.0 0.119844 0.054500 0.018018 0.034638
0.0 0.464519 0.022409 0.037285 0.043788
0.0 0.576850 0.027189 0.034238 0.054378
0.0 0.640970 0.027106 0.029010 0.054213
0.0 0.669401 0.060789 0.012890 0.028064
0.0 0.236917 0.113359 0.014349 0.037471
0.0 0.225665 0.152559 0.015567 0.032909
0.0 0.185134 0.144537 0.017805 0.042373
0.0 0.163783 0.163321 0.015637 0.044541
0.0 0.346474 0.079551 0.016403 0.033745
0.0 0.358452 0.179727 0.018841 0.024621
0.0 0.316606 0.509407 0.024139 0.033532
0.0 0.913612 0.079862 0.017622 0.029183
0.0 0.461486 0.228640 0.010553 0.027895
0.0 0.337410 0.224338 0.018231 0.026902
0.0 0.060839 0.234248 0.013356 0.045150
0.0 0.042861 0.234771 0.016729 0.027568
0.0 0.244940 0.806005 0.026816 0.038377
0.0 0.176820 0.310420 0.010892 0.032570
0.0 0.164589 0.368490 0.016573 0.036083
0.0 0.607016 0.161669 0.035174 0.046735
0.0 0.155180 0.778061 0.018005 0.023786
0.0 0.040944 0.671997 0.010383 0.025557
0.0 0.033462 0.881684 0.016516 0.035304
