0.0 0.657530 0.087903 0.263934 0.175806
0.0 0.616625 0.073632 0.038437 0.041768
0.0 0.518140 0.114140 0.035321 0.046647
0.0 0.610676 0.303200 0.040415 0.045079
0.0 0.620517 0.447753 0.054194 0.056859
0.0 0.577835 0.515209 0.086909 0.062925
0.0 0.755690 0.552010 0.057466 0.096775
0.0 0.823060 0.588393 0.030289 0.032288
0.0 0.738588 0.809157 0.060242 0.122203
0.0 0.683534 0.759230 0.037320 0.044648
0.0 0.600542 0.763668 0.028315 0.056297
0.0 0.568822 0.824868 0.042650 0.039318
0.0 0.538186 0.774702 0.023648 0.033642
0.0 0.484838 0.799471 0.026486 0.043142
0.0 0.320496 0.695325 0.059271 0.087919
0.0 0.314628 0.874401 0.034460 0.040457
0.0 0.154921 0.156743 0.071006 0.084997
0.0 0.246854 0.330111 0.022124 0.055437
0.0 0.461188 0.566919 0.071783 0.112424
0.0 0.525254 0.658974 0.062414 0.132370
0.0 0.804136 0.889175 0.030848 0.030848
0.0 0.813370 0.813748 0.021542 0.034866
0.0 0.883974 0.930136 0.024356 0.022357
0.0 0.768288 0.200048 0.036480 0.033149
0.0 0.689130 0.271786 0.036740 0.051398
0.0 0.779971 0.295442 0.028034 0.043357
0.0 0.593794 0.590290 0.093829 0.047192
0.0 0.518917 0.874399 0.022787 0.027451
0.0 0.741213 0.640786 0.014942 0.025602
0.0 0.327033 0.163580 0.050651 0.085962
0.0 0.485724 0.652638 0.014598 0.028589
0.0 0.437656 0.976402 0.023776 0.029106
0.0 0.361816 0.930154 0.021326 0.033319
0.0 0.519655 0.942130 0.016531 0.015199
0.0 0.645513 0.792122 0.012318 0.017648
0.0 0.844903 0.626372 0.019178 0.045162
0.0 0.807590 0.647334 0.016920 0.028912
0.0 0.707823 0.939636 0.011524 0.022850
0.0 0.671478 0.967562 0.020681 0.028676
0.0 0.799778 0.931586 0.016510 0.020508
0.0 0.821110 0.460884 0.027090 0.058403
