0.0 0.666032 0.239526 0.073305 0.086060
0.0 0.807937 0.205146 0.044567 0.049527
0.0 0.220842 0.095420 0.091385 0.106974
0.0 0.552100 0.434848 0.103779 0.098819
0.0 0.642832 0.516686 0.109213 0.107796
0.0 0.812167 0.473776 0.026573 0.064130
0.0 0.757101 0.449246 0.024418 0.040007
0.0 0.776100 0.570167 0.050209 0.060838
0.0 0.577765 0.612839 0.033180 0.138054
0.0 0.512735 0.594477 0.072614 0.121507
0.0 0.459496 0.654822 0.055143 0.072858
0.0 0.331988 0.668526 0.040650 0.066159
0.0 0.530363 0.836068 0.081921 0.096094
0.0 0.780543 0.792539 0.089451 0.076696
0.0 0.129390 0.837884 0.133435 0.136978
3.0 0.276940 0.424376 0.217853 0.174628
