0.0 0.626834 0.294106 0.286133 0.283897
0.0 0.828209 0.320260 0.107917 0.252531
0.0 0.838422 0.512965 0.117851 0.126797
0.0 0.783045 0.638230 0.061368 0.135166
0.0 0.833362 0.922979 0.125596 0.108451
0.0 0.122222 0.202576 0.240220 0.232766
0.0 0.261561 0.275308 0.263450 0.368557
0.0 0.133876 0.915271 0.132925 0.132925
0.0 0.197192 0.740381 0.377327 0.250603
0.0 0.425075 0.503363 0.188691 0.386231
0.0 0.455081 0.823433 0.296950 0.351367
0.0 0.620614 0.747966 0.073586 0.233855
0.0 0.703078 0.773201 0.051942 0.116050
0.0 0.744179 0.922289 0.134681 0.102627
0.0 0.602441 0.517299 0.074926 0.124870
0.0 0.136039 0.545270 0.257245 0.178228
0.0 0.283175 0.443258 0.117641 0.122114
