0.0 0.247728 0.064218 0.059165 0.103449
0.0 0.059620 0.313958 0.034735 0.065034
0.0 0.167046 0.805968 0.249005 0.385740
0.0 0.035151 0.781017 0.014987 0.025863
0.0 0.068141 0.749168 0.043597 0.113518
0.0 0.093292 0.581337 0.047964 0.055733
0.0 0.143634 0.519897 0.045702 0.070563
0.0 0.380128 0.701681 0.021440 0.062616
0.0 0.481750 0.691308 0.027812 0.084526
0.0 0.515734 0.621183 0.043688 0.129924
0.0 0.570403 0.624612 0.021067 0.136048
0.0 0.544101 0.436963 0.074703 0.087911
0.0 0.617932 0.506905 0.082438 0.073892
0.0 0.618062 0.202213 0.048167 0.092451
0.0 0.732404 0.152066 0.021445 0.063397
0.0 0.246285 0.605624 0.022916 0.047000
0.0 0.228234 0.760995 0.022187 0.056371
0.0 0.323194 0.965432 0.026900 0.061084
0.0 0.393510 0.965041 0.035321 0.029882
0.0 0.557301 0.873761 0.057399 0.066722
0.0 0.731950 0.796605 0.071405 0.056644
0.0 0.900468 0.698320 0.049760 0.097928
0.0 0.963769 0.694766 0.018194 0.040724
0.0 0.980796 0.723767 0.013450 0.030542
0.0 0.893910 0.894381 0.030859 0.070481
0.0 0.918163 0.888265 0.020008 0.086045
0.0 0.819176 0.986221 0.015004 0.027558
0.0 0.841880 0.978468 0.020490 0.032144
0.0 0.734472 0.905214 0.015772 0.026649
0.0 0.787002 0.871912 0.010343 0.033650
0.0 0.812027 0.867363 0.022061 0.033715
0.0 0.887330 0.813093 0.014253 0.034453
0.0 0.917898 0.795294 0.013481 0.036011
0.0 0.935836 0.800862 0.016567 0.028997
0.0 0.956222 0.787694 0.015733 0.019618
0.0 0.612916 0.987993 0.014197 0.024014
0.0 0.588841 0.962219 0.011953 0.042252
0.0 0.498869 0.985157 0.022035 0.029027
0.0 0.617651 0.838940 0.015000 0.028207
0.0 0.368458 0.833650 0.026766 0.036866
0.0 0.686951 0.599477 0.018168 0.036037
0.0 0.724784 0.539530 0.023684 0.044661
0.0 0.685110 0.508840 0.021250 0.028242
0.0 0.703560 0.422223 0.023641 0.036848
0.0 0.603410 0.449011 0.014192 0.023515
0.0 0.261978 0.311957 0.057386 0.064378
0.0 0.370609 0.164901 0.030642 0.031419
0.0 0.424280 0.207388 0.015798 0.031336
0.0 0.832116 0.063556 0.020651 0.061049
0.0 0.869676 0.052827 0.010286 0.023494
0.0 0.901694 0.055349 0.018893 0.025885
0.0 0.968750 0.079159 0.021566 0.085272
0.0 0.953469 0.157981 0.034591 0.039253
0.0 0.945717 0.287628 0.008047 0.042230
0.0 0.976385 0.251860 0.017434 0.044626
0.0 0.871083 0.362215 0.035603 0.080663
0.0 0.907189 0.331946 0.026180 0.072017
0.0 0.778945 0.212482 0.014991 0.026645
0.0 0.797092 0.461805 0.011267 0.059435
0.0 0.851783 0.461328 0.030633 0.029856
0.0 0.872729 0.488007 0.018138 0.030568
0.0 0.751802 0.457647 0.011132 0.035216
0.0 0.931417 0.471145 0.012795 0.053194
0.0 0.985504 0.438632 0.007973 0.028949
0.0 0.686248 0.726038 0.033129 0.057213
0.0 0.622599 0.932719 0.015829 0.036805
0.0 0.813497 0.321269 0.008745 0.027391
0.0 0.177560 0.178673 0.021380 0.051679
0.0 0.054878 0.886597 0.016545 0.025091
0.0 0.979238 0.863604 0.012786 0.051631
0.0 0.866226 0.252030 0.009544 0.030520
0.0 0.705319 0.668330 0.013494 0.038354
0.0 0.611943 0.741250 0.013433 0.027417
0.0 0.659734 0.857924 0.031427 0.032204
0.0 0.842917 0.791752 0.009475 0.018021
0.0 0.810478 0.724384 0.011840 0.021940
0.0 0.646062 0.787534 0.018945 0.035260
0.0 0.878371 0.597415 0.016554 0.026653
