3.0 0.290209 0.445546 0.157072 0.196506
0.0 0.609584 0.878506 0.083116 0.085835
0.0 0.290768 0.931044 0.094536 0.137912
0.0 0.784316 0.763318 0.093127 0.123722
0.0 0.532933 0.614017 0.066809 0.096045
0.0 0.592603 0.625560 0.045591 0.140778
0.0 0.504785 0.692263 0.059880 0.120392
0.0 0.408888 0.725325 0.039717 0.068273
0.0 0.625889 0.493156 0.113810 0.105652
0.0 0.523698 0.417579 0.083379 0.100377
0.0 0.571254 0.164557 0.067000 0.097596
0.0 0.690851 0.100238 0.051443 0.070480
0.0 0.706881 0.396595 0.025210 0.049686
0.0 0.739791 0.523209 0.027501 0.068296
0.0 0.174173 0.097746 0.091660 0.130415
0.0 0.315741 0.154304 0.031329 0.043567
