0.0 0.571236 0.537839 0.085720 0.087789
0.0 0.485128 0.668139 0.061677 0.119602
0.0 0.276187 0.645560 0.063205 0.085271
0.0 0.447506 0.554661 0.072802 0.116246
0.0 0.570665 0.613242 0.097076 0.045357
0.0 0.653512 0.336359 0.035402 0.049194
0.0 0.627009 0.481972 0.051360 0.047912
0.0 0.759008 0.117037 0.254619 0.206348
0.0 0.715958 0.115367 0.036348 0.043933
0.0 0.253636 0.080963 0.072864 0.082518
0.0 0.297241 0.274508 0.031776 0.044189
0.0 0.338938 0.004411 0.035735 0.008822
0.0 0.611470 0.128839 0.034279 0.046002
0.0 0.317628 0.359330 0.019859 0.026755
0.0 0.229652 0.815661 0.034105 0.044449
0.0 0.413691 0.793791 0.024610 0.034953
0.0 0.413162 0.932088 0.020549 0.026066
0.0 0.428393 0.866185 0.027542 0.033748
0.0 0.488462 0.835169 0.039709 0.039709
0.0 0.656330 0.866519 0.051752 0.113125
0.0 0.610311 0.792980 0.031689 0.043412
0.0 0.686525 0.987922 0.023139 0.024156
0.0 0.259453 0.886600 0.023828 0.027966
0.0 0.326189 0.943588 0.020207 0.029861
0.0 0.699066 0.702282 0.017877 0.029600
0.0 0.716633 0.749055 0.010537 0.018813
0.0 0.764105 0.718202 0.020896 0.029171
0.0 0.803110 0.706841 0.020472 0.039091
0.0 0.640155 0.680758 0.015977 0.026321
0.0 0.717571 0.642248 0.018041 0.017351
0.0 0.745087 0.649255 0.015456 0.021663
0.0 0.789854 0.663695 0.031766 0.030387
0.0 0.734595 0.602487 0.050174 0.078447
0.0 0.703758 0.899336 0.015717 0.023992
0.0 0.729052 0.877009 0.019001 0.032793
0.0 0.698544 0.952996 0.025294 0.027363
0.0 0.771491 0.998931 0.016667 0.002137
0.0 0.474792 0.767606 0.021673 0.029258
0.0 0.818954 0.382374 0.020207 0.029861
0.0 0.828433 0.276521 0.022796 0.032451
0.0 0.739621 0.325549 0.036261 0.043157
0.0 0.550638 0.993289 0.014420 0.013422
0.0 0.594306 0.978287 0.016151 0.027874
0.0 0.141128 0.946477 0.017270 0.024165
0.0 0.635346 0.526927 0.013469 0.017607
0.0 0.830186 0.359260 0.015109 0.018557
0.0 0.536374 0.793359 0.015196 0.019333
0.0 0.534836 0.771962 0.013556 0.018383
0.0 0.325366 0.887681 0.014935 0.017004
0.0 0.435933 0.939352 0.013301 0.022955
