0.0 0.437438 0.457379 0.098035 0.142967
0.0 0.573199 0.468767 0.094168 0.101871
1.0 0.513333 0.826482 0.191973 0.324203
0.0 0.479524 0.329956 0.080314 0.148997
0.0 0.566878 0.383487 0.101860 0.062705
0.0 0.646421 0.105653 0.068489 0.118557
0.0 0.468548 0.145653 0.045862 0.045862
0.0 0.389062 0.196154 0.034815 0.038025
0.0 0.461379 0.216552 0.031987 0.030062
0.0 0.193449 0.182088 0.038029 0.048300
0.0 0.224248 0.100907 0.020813 0.025948
0.0 0.405194 0.036631 0.014390 0.018883
0.0 0.379638 0.044859 0.020170 0.022095
0.0 0.401237 0.112538 0.023767 0.025693
0.0 0.596483 0.181318 0.031993 0.048041
0.0 0.750525 0.325888 0.017088 0.021581
0.0 0.721115 0.334760 0.022866 0.020298
0.0 0.699133 0.274273 0.018244 0.024021
0.0 0.800994 0.305579 0.012464 0.020809
0.0 0.789308 0.311491 0.017731 0.025434
0.0 0.741294 0.379706 0.054095 0.086190
0.0 0.765016 0.256143 0.019658 0.028003
0.0 0.636721 0.298953 0.015548 0.025818
0.0 0.635247 0.508305 0.056269 0.058837
0.0 0.682480 0.012397 0.033144 0.024794
0.0 0.720264 0.083024 0.022872 0.038278
0.0 0.690333 0.065053 0.014647 0.020424
0.0 0.290758 0.039107 0.020556 0.024407
0.0 0.670359 0.661648 0.039443 0.052281
0.0 0.860334 0.717842 0.027110 0.036738
0.0 0.765147 0.669580 0.034564 0.054463
0.0 0.854783 0.627681 0.015675 0.022094
0.0 0.843345 0.606621 0.021584 0.026077
0.0 0.781140 0.879184 0.258966 0.196060
0.0 0.751990 0.894349 0.034559 0.040978
0.0 0.638450 0.887963 0.037001 0.046630
0.0 0.266778 0.959450 0.071561 0.081101
0.0 0.810705 0.553459 0.024412 0.034040
0.0 0.713631 0.223536 0.015289 0.019782
0.0 0.518401 0.207030 0.016960 0.025305
0.0 0.520707 0.187635 0.019269 0.016701
0.0 0.557945 0.159239 0.021584 0.026077
0.0 0.641011 0.462195 0.022356 0.030701
0.0 0.313689 0.660220 0.026851 0.030702
0.0 0.298049 0.751543 0.036488 0.048042
0.0 0.851487 0.764468 0.018117 0.027745
0.0 0.614073 0.163331 0.014007 0.025561
0.0 0.257466 0.356742 0.067068 0.092102
0.0 0.237202 0.045675 0.015160 0.019012
0.0 0.292961 0.099729 0.022097 0.024665
0.0 0.697694 0.189762 0.015673 0.017599
0.0 0.669567 0.595246 0.015804 0.022865
