3.0 0.417272 0.169141 0.142556 0.301328
0.0 0.181085 0.069242 0.061997 0.058662
0.0 0.347048 0.740354 0.059439 0.106136
0.0 0.351308 0.959801 0.041262 0.067947
0.0 0.503498 0.879649 0.038886 0.056231
0.0 0.551291 0.843084 0.033868 0.041874
0.0 0.534888 0.969955 0.022633 0.031972
0.0 0.579024 0.912602 0.037151 0.049159
0.0 0.650382 0.869630 0.027169 0.031839
0.0 0.679041 0.837284 0.035551 0.059567
0.0 0.731407 0.908134 0.053890 0.131942
0.0 0.780326 0.936872 0.014920 0.025593
0.0 0.800579 0.906474 0.022953 0.034294
0.0 0.596429 0.621552 0.100852 0.054155
0.0 0.532921 0.709971 0.061204 0.151931
0.0 0.470330 0.582171 0.069556 0.140936
0.0 0.570936 0.522545 0.087139 0.097813
0.0 0.603328 0.448673 0.050229 0.066907
0.0 0.590158 0.267523 0.037125 0.054470
0.0 0.720141 0.140750 0.029678 0.039018
0.0 0.675725 0.041536 0.104193 0.083072
0.0 0.732636 0.579884 0.060827 0.116197
0.0 0.786441 0.626875 0.014787 0.030130
0.0 0.701799 0.745025 0.018604 0.041285
0.0 0.755600 0.746275 0.015347 0.028689
0.0 0.786420 0.701012 0.025676 0.043020
0.0 0.723811 0.693090 0.030186 0.048198
0.0 0.303121 0.382058 0.019190 0.034534
0.0 0.266713 0.278248 0.027358 0.060714
0.0 0.659087 0.224098 0.032002 0.061355
0.0 0.744435 0.259639 0.025063 0.055083
0.0 0.610723 0.845135 0.028052 0.054736
0.0 0.650991 0.811186 0.015454 0.029463
0.0 0.325728 0.065842 0.055168 0.097196
0.0 0.497643 0.022894 0.032161 0.045788
0.0 0.731231 0.341115 0.017348 0.026688
0.0 0.667181 0.682767 0.021459 0.045475
0.0 0.492355 0.690332 0.024767 0.025434
0.0 0.701217 0.100774 0.018390 0.039738
0.0 0.677688 0.587467 0.014146 0.025487
0.0 0.791336 0.782353 0.016548 0.031892
