0.0 0.137658 0.242265 0.275316 0.423436
0.0 0.202125 0.272919 0.036962 0.057289
0.0 0.146230 0.523264 0.052957 0.069219
0.0 0.084074 0.473606 0.046377 0.077545
0.0 0.234233 0.427935 0.031053 0.058834
0.0 0.355460 0.315039 0.042382 0.051868
0.0 0.454205 0.317572 0.037834 0.058162
0.0 0.513644 0.132923 0.070888 0.078342
0.0 0.531392 0.036200 0.016028 0.048551
0.0 0.569688 0.058939 0.026202 0.050595
0.0 0.554620 0.007579 0.018625 0.015158
0.0 0.693051 0.181998 0.082228 0.083583
0.0 0.842865 0.071015 0.035807 0.066298
0.0 0.864472 0.067509 0.038061 0.096333
0.0 0.294089 0.956188 0.071495 0.087624
0.0 0.412122 0.859097 0.040160 0.058454
0.0 0.459656 0.805082 0.015724 0.034019
0.0 0.283799 0.715402 0.060421 0.073973
0.0 0.081294 0.739314 0.026197 0.044491
0.0 0.981372 0.789230 0.037255 0.042475
0.0 0.885467 0.603457 0.049293 0.088592
0.0 0.923665 0.625421 0.036788 0.080153
0.0 0.795954 0.517871 0.020473 0.035380
0.0 0.854377 0.506581 0.031227 0.035970
0.0 0.871306 0.472166 0.026766 0.030832
0.0 0.605466 0.543420 0.017752 0.025883
0.0 0.680894 0.473296 0.024636 0.032089
0.0 0.716719 0.438866 0.027855 0.057669
0.0 0.611132 0.482076 0.082320 0.078255
0.0 0.555416 0.370976 0.044587 0.136060
0.0 0.503005 0.386234 0.062307 0.125322
0.0 0.548214 0.564012 0.084277 0.099861
0.0 0.041303 0.315207 0.056567 0.097899
0.0 0.273375 0.075760 0.023573 0.035770
0.0 0.335863 0.059234 0.024451 0.042746
0.0 0.217444 0.857614 0.031341 0.055056
0.0 0.653060 0.790190 0.065468 0.083762
0.0 0.772668 0.827105 0.026782 0.049142
0.0 0.994315 0.692897 0.011371 0.045749
0.0 0.990334 0.510730 0.018256 0.048069
0.0 0.937889 0.256697 0.023964 0.038870
0.0 0.870355 0.264409 0.058497 0.088988
0.0 0.736682 0.096978 0.020180 0.033054
0.0 0.681524 0.071636 0.013876 0.025395
0.0 0.772151 0.003034 0.043537 0.006068
0.0 0.846420 0.149309 0.015237 0.030143
0.0 0.887805 0.159061 0.036458 0.035103
0.0 0.952590 0.223350 0.027259 0.040811
0.0 0.707903 0.556512 0.026684 0.048367
0.0 0.754579 0.520716 0.027742 0.038583
0.0 0.827169 0.647015 0.020852 0.026273
0.0 0.661627 0.263907 0.032110 0.049050
0.0 0.878454 0.904344 0.032609 0.065133
0.0 0.922739 0.905857 0.018538 0.038187
0.0 0.950644 0.902345 0.027937 0.040133
0.0 0.579367 0.160872 0.022218 0.037125
0.0 0.012495 0.167649 0.019497 0.027628
0.0 0.008676 0.278607 0.017353 0.040805
0.0 0.998915 0.878160 0.002169 0.085096
0.0 0.326673 0.192676 0.034929 0.059322
0.0 0.809816 0.753138 0.021643 0.044681
0.0 0.964004 0.658140 0.024852 0.058054
0.0 0.674618 0.385896 0.025796 0.029184
0.0 0.689775 0.318633 0.020467 0.029276
0.0 0.783421 0.249366 0.020365 0.022397
0.0 0.762950 0.105483 0.019790 0.029954
0.0 0.439033 0.021839 0.029194 0.038003
0.0 0.382598 0.092722 0.017074 0.026560
0.0 0.803525 0.302742 0.013301 0.032951
