0.0 0.500781 0.320312 0.053906 0.132812
0.0 0.449219 0.436719 0.071875 0.114063
0.0 0.291406 0.328906 0.048437 0.086719
0.0 0.212500 0.886719 0.071875 0.090625
0.0 0.714844 0.907812 0.242188 0.184375
0.0 0.671094 0.902344 0.026563 0.058594
0.0 0.564063 0.874219 0.035156 0.052344
0.0 0.823437 0.019531 0.017188 0.030469
0.0 0.735156 0.030469 0.021094 0.033594
0.0 0.746094 0.068750 0.021094 0.027344
0.0 0.767188 0.147656 0.010156 0.032812
0.0 0.694531 0.153906 0.044531 0.107813
0.0 0.644531 0.213281 0.033594 0.056250
0.0 0.643750 0.036719 0.015625 0.017969
0.0 0.603906 0.012500 0.010156 0.020313
0.0 0.482813 0.054688 0.008594 0.031250
0.0 0.460938 0.060156 0.016406 0.020313
0.0 0.375781 0.036719 0.014063 0.030469
0.0 0.323438 0.035156 0.011719 0.018750
0.0 0.205469 0.014063 0.043750 0.027344
0.0 0.304688 0.087500 0.015625 0.021875
0.0 0.261719 0.153125 0.027344 0.038281
0.0 0.443750 0.197656 0.032031 0.042187
0.0 0.466406 0.125781 0.021875 0.028125
0.0 0.525000 0.166406 0.035937 0.043750
0.0 0.607812 0.190625 0.027344 0.028906
0.0 0.562500 0.220312 0.017969 0.049219
0.0 0.502344 0.222656 0.015625 0.038281
0.0 0.581250 0.396094 0.089844 0.039844
0.0 0.637500 0.486719 0.012500 0.029688
0.0 0.622656 0.531250 0.046094 0.042188
0.0 0.573438 0.475781 0.077344 0.057812
0.0 0.742188 0.412500 0.046094 0.100000
0.0 0.735938 0.260156 0.017969 0.049219
0.0 0.822656 0.325000 0.012500 0.031250
0.0 0.784375 0.314844 0.010938 0.029688
0.0 0.720313 0.328125 0.010156 0.041406
0.0 0.804688 0.367969 0.032813 0.029688
0.0 0.271094 0.703906 0.029688 0.054688
0.0 0.373438 0.860156 0.042969 0.087500
0.0 0.282812 0.984375 0.037500 0.031250
0.0 0.302344 0.617188 0.015625 0.024219
0.0 0.632812 0.678125 0.026563 0.040625
0.0 0.798438 0.755469 0.025781 0.034375
0.0 0.807812 0.660937 0.020312 0.042188
0.0 0.682813 0.285937 0.021094 0.035938
0.0 0.657031 0.334375 0.014063 0.019531
0.0 0.717187 0.699219 0.021094 0.052344
0.0 0.782031 0.600781 0.014062 0.023438
0.0 0.825781 0.506250 0.010938 0.023437
0.0 0.583594 0.325781 0.010156 0.020313
0.0 0.746094 0.124219 0.014063 0.021875
0.0 0.818750 0.766406 0.010156 0.021875
0.0 0.782813 0.794531 0.014062 0.030469
0.0 0.752344 0.782031 0.013281 0.025000
0.0 0.615625 0.234375 0.010938 0.030469
0.0 0.807031 0.171094 0.013281 0.024219
