0.0 0.473988 0.612254 0.146803 0.222194
0.0 0.397155 0.634707 0.060794 0.107821
0.0 0.174280 0.778253 0.099107 0.111050
0.0 0.285151 0.531289 0.053909 0.128554
0.0 0.395348 0.909108 0.065982 0.083897
0.0 0.823339 0.258397 0.059778 0.120241
0.0 0.678662 0.330283 0.078476 0.120277
0.0 0.729724 0.181586 0.057709 0.126382
0.0 0.589729 0.253677 0.051093 0.135442
0.0 0.657430 0.476371 0.044367 0.088407
0.0 0.522101 0.441533 0.110608 0.088961
0.0 0.132382 0.699008 0.052578 0.080196
0.0 0.015672 0.897952 0.031345 0.034992
