0.0 0.967188 0.315625 0.065625 0.134375
0.0 0.496094 0.175000 0.042969 0.077344
0.0 0.143750 0.055469 0.042969 0.057031
0.0 0.111719 0.289844 0.210937 0.235156
0.0 0.238281 0.359375 0.075000 0.168750
0.0 0.402344 0.348437 0.043750 0.099219
0.0 0.515625 0.310156 0.034375 0.044531
0.0 0.303906 0.517187 0.027344 0.058594
0.0 0.247656 0.603906 0.028125 0.049219
0.0 0.167969 0.679688 0.050781 0.065625
0.0 0.600000 0.574219 0.046875 0.201563
0.0 0.562500 0.392188 0.028906 0.071094
0.0 0.448438 0.457031 0.056250 0.091406
0.0 0.528906 0.476562 0.029688 0.034375
0.0 0.550000 0.535156 0.018750 0.047656
0.0 0.514063 0.548437 0.014063 0.015625
0.0 0.546094 0.600781 0.025781 0.032812
0.0 0.640625 0.442969 0.024219 0.014063
0.0 0.653125 0.480469 0.025000 0.039062
0.0 0.737500 0.500000 0.027344 0.062500
0.0 0.689062 0.522656 0.011719 0.026562
0.0 0.717188 0.602344 0.012500 0.029688
0.0 0.710938 0.663281 0.043750 0.073437
0.0 0.796875 0.592969 0.014063 0.028906
0.0 0.778125 0.476562 0.015625 0.031250
0.0 0.789844 0.522656 0.018750 0.032031
0.0 0.821875 0.462500 0.037500 0.037500
0.0 0.789062 0.837500 0.024219 0.071875
0.0 0.921094 0.735156 0.016406 0.107031
0.0 0.991406 0.785156 0.017187 0.082813
0.0 0.970312 0.747656 0.024219 0.032031
0.0 0.850781 0.677344 0.035156 0.047656
0.0 0.175000 0.146875 0.046094 0.043750
0.0 0.065625 0.248438 0.025781 0.053125
0.0 0.030469 0.178125 0.024219 0.046094
0.0 0.034375 0.314063 0.018750 0.105469
0.0 0.014844 0.374219 0.018750 0.035156
