0.0 0.350626 0.411919 0.131341 0.205752
0.0 0.271390 0.682969 0.116157 0.192846
0.0 0.476261 0.630396 0.128499 0.215818
0.0 0.081799 0.130981 0.158957 0.188570
0.0 0.719422 0.126587 0.085786 0.195125
0.0 0.803958 0.582232 0.058108 0.153779
0.0 0.851979 0.312829 0.058216 0.157684
0.0 0.048719 0.640700 0.097438 0.339058
0.0 0.201487 0.416836 0.078020 0.196470
0.0 0.180610 0.565909 0.086681 0.086681
0.0 0.157826 0.702530 0.072776 0.091758
0.0 0.607495 0.374316 0.082840 0.117008
0.0 0.918384 0.678316 0.049542 0.098137
0.0 0.926756 0.275586 0.057698 0.110849
0.0 0.374674 0.602732 0.055700 0.151371
0.0 0.910041 0.518330 0.066244 0.137618
0.0 0.706168 0.550555 0.074377 0.177641
