1.0 0.449219 0.215625 0.102344 0.245312
0.0 0.639062 0.311719 0.026563 0.050781
0.0 0.629687 0.467969 0.042969 0.046875
0.0 0.577344 0.525000 0.083594 0.067969
0.0 0.451563 0.564844 0.065625 0.119531
0.0 0.282031 0.681250 0.053125 0.089844
0.0 0.252344 0.863281 0.038281 0.046875
0.0 0.195312 0.087500 0.061719 0.088281
0.0 0.364844 0.116406 0.046875 0.087500
0.0 0.259375 0.286719 0.031250 0.045313
0.0 0.586719 0.611719 0.098437 0.046094
0.0 0.719531 0.085938 0.240625 0.171094
0.0 0.682031 0.071875 0.028906 0.043750
0.0 0.820312 0.228906 0.019531 0.031250
0.0 0.825000 0.329688 0.019531 0.059375
0.0 0.734375 0.685156 0.012500 0.029688
0.0 0.757031 0.594531 0.042969 0.107813
0.0 0.811719 0.903906 0.016406 0.051563
0.0 0.785156 0.871094 0.011719 0.016406
0.0 0.754688 0.989062 0.018750 0.021094
0.0 0.760156 0.955469 0.021875 0.037500
0.0 0.703906 0.869531 0.040625 0.117969
0.0 0.525000 0.852344 0.043750 0.043750
0.0 0.466406 0.964063 0.041406 0.032812
0.0 0.463281 0.897656 0.021875 0.026562
0.0 0.439844 0.818750 0.021875 0.046875
0.0 0.503906 0.682813 0.050000 0.124219
0.0 0.802344 0.700781 0.010938 0.024219
0.0 0.819531 0.641406 0.032031 0.031250
0.0 0.573438 0.097656 0.026563 0.049219
0.0 0.365625 0.984375 0.019531 0.030469
0.0 0.312500 0.987500 0.016406 0.024219
0.0 0.291406 0.942187 0.017969 0.032031
0.0 0.653125 0.800000 0.035156 0.052344
0.0 0.615625 0.823438 0.028125 0.022656
0.0 0.567187 0.796875 0.018750 0.043750
0.0 0.653125 0.987500 0.014844 0.025000
0.0 0.502344 0.788281 0.027344 0.044531
0.0 0.697656 0.725000 0.017969 0.033594
0.0 0.664062 0.676562 0.014844 0.028906
0.0 0.732812 0.289062 0.032031 0.049219
0.0 0.799219 0.398438 0.014844 0.033594
0.0 0.360937 0.932031 0.016406 0.027344
0.0 0.757812 0.907031 0.015625 0.038281
