3.0 0.463281 0.840625 0.108594 0.277344
0.0 0.286719 0.064844 0.035937 0.050781
0.0 0.665625 0.058594 0.057812 0.108594
0.0 0.458594 0.129688 0.039844 0.054688
0.0 0.525000 0.079687 0.033594 0.047656
0.0 0.323438 0.299219 0.065625 0.120313
0.0 0.500781 0.289844 0.053906 0.138281
0.0 0.569531 0.470312 0.082813 0.092187
0.0 0.571875 0.375000 0.085156 0.041406
0.0 0.722656 0.402344 0.062500 0.095312
0.0 0.616406 0.547656 0.059375 0.062500
0.0 0.460938 0.432031 0.084375 0.150000
0.0 0.241406 0.961719 0.065625 0.076563
0.0 0.734375 0.942969 0.115625 0.114063
0.0 0.626562 0.717969 0.027344 0.051563
