0.0 0.423106 0.616450 0.084957 0.048205
0.0 0.288153 0.577340 0.042752 0.084548
0.0 0.399190 0.454833 0.042849 0.065188
0.0 0.305855 0.905364 0.041973 0.115477
0.0 0.482587 0.700823 0.051341 0.137096
1.0 0.604610 0.337839 0.192509 0.500938
0.0 0.534064 0.578549 0.064293 0.134194
0.0 0.656025 0.717749 0.051847 0.092202
0.0 0.666658 0.920675 0.027112 0.051613
0.0 0.473042 0.817623 0.013381 0.023469
0.0 0.521052 0.856479 0.021385 0.037239
0.0 0.448735 0.891011 0.033052 0.048185
0.0 0.493356 0.943715 0.018347 0.027715
0.0 0.402813 0.281180 0.026586 0.044601
0.0 0.355618 0.826835 0.029137 0.057962
0.0 0.244233 0.703314 0.013011 0.028864
0.0 0.299585 0.696498 0.014452 0.027423
0.0 0.232839 0.635867 0.028942 0.034707
0.0 0.779413 0.064993 0.064370 0.093916
0.0 0.475229 0.046878 0.038019 0.052431
0.0 0.390019 0.018385 0.032994 0.036769
0.0 0.304945 0.060317 0.112770 0.120635
0.0 0.269361 0.180291 0.024132 0.042868
0.0 0.241251 0.899735 0.022067 0.025670
0.0 0.433896 0.524813 0.075199 0.073037
0.0 0.707914 0.276644 0.023879 0.049821
0.0 0.256447 0.289788 0.022009 0.055878
0.0 0.518015 0.677626 0.008706 0.023119
