1.0 0.703778 0.430800 0.173547 0.182060
0.0 0.456921 0.427721 0.091784 0.125838
0.0 0.479372 0.617782 0.058988 0.127095
0.0 0.422198 0.632875 0.024760 0.142399
0.0 0.378802 0.510591 0.094677 0.100868
0.0 0.516121 0.698596 0.053119 0.084077
0.0 0.972927 0.305174 0.036358 0.045645
0.0 0.782351 0.047139 0.064881 0.088874
0.0 0.381169 0.172317 0.058573 0.082566
0.0 0.258969 0.122741 0.032502 0.051077
0.0 0.645540 0.140401 0.030122 0.047149
0.0 0.288382 0.404277 0.027750 0.044003
0.0 0.259818 0.535266 0.031859 0.065913
0.0 0.026116 0.126043 0.044155 0.044155
0.0 0.112510 0.329199 0.045987 0.073075
0.0 0.069740 0.307706 0.036816 0.094862
0.0 0.251060 0.804728 0.076360 0.063203
0.0 0.623776 0.716005 0.029450 0.058860
0.0 0.849529 0.802007 0.264627 0.395987
0.0 0.782607 0.775298 0.025457 0.049449
0.0 0.933564 0.589195 0.038818 0.058166
0.0 0.955415 0.759718 0.043131 0.101951
0.0 0.874817 0.521458 0.040518 0.073024
0.0 0.441687 0.889318 0.053741 0.066898
0.0 0.077473 0.903898 0.032590 0.060452
0.0 0.048372 0.924722 0.016820 0.044682
0.0 0.049618 0.874731 0.023062 0.043959
0.0 0.127058 0.444965 0.033102 0.031554
0.0 0.105682 0.475236 0.020566 0.027532
0.0 0.236451 0.443639 0.019040 0.031423
0.0 0.082585 0.018751 0.022201 0.035358
0.0 0.247626 0.921888 0.018960 0.022830
0.0 0.193253 0.887787 0.016784 0.040776
0.0 0.075537 0.692152 0.056361 0.096606
0.0 0.008571 0.691520 0.017142 0.042360
0.0 0.299477 0.723144 0.029283 0.040892
0.0 0.371777 0.845697 0.015068 0.024356
0.0 0.402630 0.972552 0.018128 0.017354
0.0 0.677610 0.975892 0.019084 0.036110
0.0 0.602577 0.979100 0.020595 0.030656
0.0 0.209952 0.184787 0.015090 0.026699
0.0 0.017570 0.039212 0.027332 0.078425
0.0 0.162106 0.876559 0.022997 0.036928
0.0 0.086888 0.815701 0.018361 0.042353
0.0 0.053448 0.798982 0.017572 0.041564
0.0 0.099941 0.588468 0.016696 0.031401
0.0 0.033510 0.255023 0.023004 0.037709
0.0 0.362969 0.952651 0.025297 0.032263
