1.0 0.711118 0.541752 0.195597 0.202894
0.0 0.466818 0.577324 0.107340 0.136526
0.0 0.464035 0.385962 0.075075 0.133448
0.0 0.405371 0.378532 0.043246 0.144072
0.0 0.378463 0.505467 0.106910 0.112216
0.0 0.489818 0.301011 0.063604 0.090137
0.0 0.986744 0.630826 0.026511 0.049926
0.0 0.839550 0.911717 0.075867 0.096430
0.0 0.425373 0.840481 0.068798 0.089361
0.0 0.310769 0.905724 0.038869 0.054789
0.0 0.691645 0.837291 0.035998 0.050592
0.0 0.302836 0.622767 0.033238 0.047167
0.0 0.257265 0.496682 0.040188 0.069375
0.0 0.079510 0.933127 0.049480 0.049480
0.0 0.138388 0.720359 0.055102 0.078318
0.0 0.098822 0.747299 0.048904 0.098653
0.0 0.213085 0.230723 0.083834 0.072558
0.0 0.594242 0.269572 0.036877 0.062083
0.0 0.806429 0.183895 0.314385 0.367790
0.0 0.743876 0.189871 0.031688 0.052251
0.0 0.918035 0.354466 0.046048 0.062631
0.0 0.917231 0.182550 0.056082 0.106495
0.0 0.868723 0.429352 0.049687 0.077547
0.0 0.390907 0.121757 0.061955 0.073232
0.0 0.027947 0.155285 0.040191 0.064071
0.0 0.003808 0.138476 0.007616 0.046399
0.0 0.009238 0.187867 0.018476 0.046507
0.0 0.137559 0.603686 0.036890 0.035563
0.0 0.112381 0.576495 0.023964 0.029934
0.0 0.246172 0.590590 0.022968 0.033581
0.0 0.194246 0.115036 0.021756 0.025073
0.0 0.144840 0.156003 0.021969 0.042532
0.0 0.053923 0.365441 0.068460 0.102953
0.0 0.271828 0.305218 0.034344 0.044294
0.0 0.327353 0.174208 0.018109 0.026069
0.0 0.341225 0.044394 0.020212 0.019549
0.0 0.613369 0.011984 0.023628 0.023968
0.0 0.538567 0.014038 0.024404 0.028076
0.0 0.254005 0.850676 0.018440 0.028390
0.0 0.082783 0.989878 0.037970 0.020243
0.0 0.115444 0.171236 0.027606 0.039546
0.0 0.048899 0.241474 0.023736 0.044299
0.0 0.017953 0.262451 0.022852 0.043416
0.0 0.091773 0.465006 0.020647 0.033251
0.0 0.069848 0.804296 0.027716 0.040319
0.0 0.304532 0.069347 0.029265 0.035235
