0.0 0.284999 0.741553 0.331531 0.304801
0.0 0.575796 0.675704 0.246344 0.230306
0.0 0.113846 0.353853 0.225028 0.465595
0.0 0.354448 0.139081 0.247385 0.277170
0.0 0.584391 0.253534 0.282654 0.248288
0.0 0.744838 0.059283 0.486893 0.118566
1.0 0.968437 0.347367 0.063127 0.326169
1.0 0.812875 0.372707 0.105529 0.111638
1.0 0.802375 0.251817 0.105286 0.100704
1.0 0.285174 0.573539 0.087495 0.072985
1.0 0.381782 0.560453 0.081386 0.079095
1.0 0.308624 0.397975 0.104574 0.103810
0.0 0.879333 0.550181 0.208281 0.203698
0.0 0.873500 0.674560 0.243238 0.160757
0.0 0.708626 0.885784 0.470369 0.228432
