1.0 0.535156 0.153906 0.108594 0.307031
0.0 0.707812 0.924219 0.028906 0.062500
0.0 0.495312 0.721875 0.067188 0.139063
0.0 0.683594 0.689063 0.072656 0.129687
0.0 0.548438 0.883594 0.032031 0.051562
0.0 0.471094 0.918750 0.038281 0.037500
0.0 0.322656 0.941406 0.058594 0.097656
0.0 0.275781 0.600781 0.039844 0.107813
0.0 0.384375 0.459375 0.051563 0.057812
0.0 0.437500 0.528906 0.093750 0.112500
0.0 0.378125 0.267187 0.042187 0.070312
0.0 0.748437 0.033594 0.051562 0.066406
0.0 0.264844 0.064844 0.092188 0.128906
0.0 0.427344 0.621875 0.093750 0.038281
0.0 0.548438 0.581250 0.063281 0.124219
