0.0 0.258848 0.789181 0.067275 0.070360
0.0 0.428113 0.624888 0.021247 0.136953
0.0 0.481381 0.613838 0.050638 0.113891
0.0 0.617029 0.699923 0.022511 0.051052
0.0 0.520309 0.686989 0.032922 0.071491
0.0 0.385878 0.504035 0.084441 0.069014
0.0 0.459431 0.433079 0.074639 0.097009
0.0 0.764841 0.066574 0.046752 0.115404
0.0 0.949215 0.316566 0.033409 0.048065
0.0 0.838421 0.799009 0.257408 0.401981
0.0 0.932079 0.747635 0.045081 0.106791
0.0 0.765461 0.763512 0.024757 0.043270
0.0 0.854424 0.523204 0.035197 0.066052
0.0 0.910675 0.585635 0.040704 0.069245
0.0 0.753303 0.611785 0.025499 0.040155
0.0 0.033784 0.233185 0.018919 0.076001
0.0 0.096722 0.323045 0.035393 0.081675
0.0 0.133954 0.344608 0.041417 0.063787
0.0 0.041402 0.062173 0.019867 0.089291
0.0 0.055233 0.142822 0.038828 0.044228
0.0 0.106318 0.678662 0.058956 0.092125
0.0 0.275289 0.537805 0.033379 0.045721
0.0 0.301066 0.413900 0.018370 0.032255
0.0 0.251380 0.450779 0.023096 0.035438
0.0 0.141026 0.465800 0.051553 0.062352
0.0 0.440694 0.867253 0.050820 0.066248
0.0 0.090584 0.873792 0.050442 0.098267
0.0 0.392186 0.188465 0.057930 0.072586
0.0 0.277130 0.142484 0.029532 0.050359
0.0 0.026470 0.690941 0.050177 0.077175
0.0 0.828227 0.183005 0.024064 0.050290
0.0 0.110401 0.042726 0.031689 0.035546
0.0 0.309005 0.714805 0.038164 0.053592
0.0 0.183840 0.851525 0.020011 0.038524
0.0 0.211767 0.867502 0.012307 0.047019
0.0 0.260579 0.900149 0.021367 0.022138
0.0 0.638653 0.160309 0.031153 0.055066
3.0 0.597278 0.344179 0.286186 0.273844
0.0 0.669323 0.952944 0.024688 0.037801
0.0 0.018900 0.422856 0.015412 0.045495
