0.0 0.572602 0.457260 0.094686 0.098873
0.0 0.490152 0.310962 0.071460 0.142654
0.0 0.440731 0.442433 0.089528 0.123729
0.0 0.264154 0.343425 0.068260 0.096180
0.0 0.576258 0.377572 0.107061 0.069369
0.0 0.816753 0.849364 0.112799 0.103028
0.0 0.780422 0.269590 0.023075 0.037733
0.0 0.804636 0.329946 0.032560 0.040238
0.0 0.762682 0.342076 0.025630 0.032609
0.0 0.747545 0.393878 0.055636 0.077971
0.0 0.725782 0.234325 0.027120 0.039684
0.0 0.711121 0.290791 0.024550 0.037114
0.0 0.660550 0.672890 0.043615 0.050595
3.0 0.480193 0.791009 0.127077 0.250620
0.0 0.237832 0.924873 0.064140 0.055764
0.0 0.635376 0.518396 0.050214 0.047422
0.0 0.717628 0.077311 0.018318 0.028787
0.0 0.666630 0.116278 0.056647 0.118070
0.0 0.744258 0.099726 0.025407 0.037971
0.0 0.491706 0.149031 0.049991 0.052783
0.0 0.428279 0.112306 0.035511 0.039001
0.0 0.406970 0.188297 0.032719 0.041793
0.0 0.216618 0.162155 0.041665 0.046550
0.0 0.618023 0.186413 0.035239 0.058971
0.0 0.834285 0.628478 0.022060 0.035322
0.0 0.841809 0.740794 0.025249 0.036416
0.0 0.614800 0.894296 0.040348 0.048724
0.0 0.280534 0.735190 0.039110 0.051674
0.0 0.303986 0.641704 0.026184 0.038050
0.0 0.470287 0.208542 0.029452 0.039921
0.0 0.751990 0.683986 0.040506 0.050278
0.0 0.579815 0.165964 0.025565 0.039525
0.0 0.647958 0.310580 0.023139 0.030817
0.0 0.806120 0.575593 0.028595 0.039065
