0.0 0.195312 0.514063 0.066406 0.123438
0.0 0.743750 0.703125 0.036719 0.097656
0.0 0.864063 0.666406 0.057031 0.108594
0.0 0.596094 0.735937 0.037500 0.119531
0.0 0.616406 0.488281 0.042969 0.092188
0.0 0.498438 0.762500 0.028125 0.089844
0.0 0.692187 0.953125 0.043750 0.093750
0.0 0.196875 0.157031 0.039844 0.109375
0.0 0.875000 0.813281 0.034375 0.056250
0.0 0.456250 0.547656 0.021875 0.065625
0.0 0.673438 0.749219 0.042188 0.071094
0.0 0.231250 0.273438 0.035156 0.076563
0.0 0.060156 0.755469 0.072656 0.157812
0.0 0.105469 0.914844 0.055469 0.117188
0.0 0.803125 0.667969 0.028906 0.045313
0.0 0.760156 0.860156 0.021875 0.061719
