1.0 0.466576 0.159036 0.111270 0.278381
0.0 0.282522 0.933074 0.036427 0.051126
0.0 0.661350 0.942987 0.058860 0.109148
0.0 0.455016 0.869895 0.040371 0.055070
0.0 0.520935 0.920535 0.034053 0.047979
0.0 0.321505 0.699065 0.066785 0.120941
0.0 0.498749 0.710154 0.055241 0.138796
0.0 0.569241 0.530358 0.083700 0.092984
0.0 0.570663 0.625689 0.085553 0.042228
0.0 0.721702 0.599804 0.063419 0.095912
0.0 0.616862 0.453471 0.059977 0.063071
0.0 0.460282 0.567588 0.085821 0.150809
0.0 0.245882 0.037200 0.066362 0.074400
0.0 0.738647 0.059318 0.116722 0.115175
0.0 0.628664 0.283265 0.027841 0.051824
