1.0 0.575451 0.716050 0.211515 0.567901
0.0 0.512118 0.303343 0.069168 0.150871
0.0 0.443388 0.462055 0.079807 0.096567
0.0 0.237257 0.898933 0.136710 0.156961
0.0 0.687935 0.319627 0.061560 0.106252
0.0 0.447103 0.371341 0.077852 0.039445
0.0 0.306463 0.379832 0.055275 0.112537
0.0 0.380468 0.076381 0.050647 0.135144
0.0 0.367620 0.697794 0.032765 0.080251
0.0 0.699213 0.961424 0.070413 0.077153
0.0 0.740178 0.114480 0.033834 0.068052
0.0 0.545505 0.430806 0.060922 0.145419
0.0 0.308759 0.960378 0.029450 0.047606
0.0 0.393535 0.527667 0.043610 0.058275
0.0 0.667986 0.755781 0.031029 0.063152
0.0 0.519506 0.099138 0.036209 0.045985
0.0 0.583866 0.153576 0.023627 0.050861
0.0 0.395544 0.940921 0.031806 0.063230
