0.0 0.104906 0.569331 0.029189 0.028466
0.0 0.172316 0.503711 0.025416 0.040595
0.0 0.179027 0.530045 0.018214 0.016045
0.0 0.152202 0.586852 0.059495 0.061664
0.0 0.187831 0.581596 0.012825 0.027282
0.0 0.216217 0.643963 0.081098 0.070978
0.0 0.194803 0.441891 0.036053 0.048341
0.0 0.374010 0.530834 0.024514 0.028128
0.0 0.516195 0.687595 0.026288 0.020505
0.0 0.383473 0.714025 0.021556 0.019387
0.0 0.518337 0.657985 0.032588 0.032588
0.0 0.339310 0.739813 0.015266 0.018157
0.0 0.410050 0.747280 0.027498 0.005090
0.0 0.465731 0.540602 0.039770 0.035433
0.0 0.619047 0.575975 0.015548 0.022053
0.0 0.680861 0.728488 0.063740 0.077474
0.0 0.625020 0.742464 0.030804 0.029358
0.0 0.592386 0.760469 0.019444 0.022335
0.0 0.538895 0.698636 0.012749 0.004798
0.0 0.566270 0.710016 0.012308 0.009417
0.0 0.557616 0.678059 0.018824 0.013764
0.0 0.619184 0.671546 0.020730 0.029404
0.0 0.738556 0.634750 0.008863 0.015369
0.0 0.745589 0.613327 0.019106 0.017660
0.0 0.741610 0.581707 0.007915 0.012975
0.0 0.742345 0.506565 0.023565 0.025734
0.0 0.782437 0.612859 0.008412 0.009135
0.0 0.812488 0.619733 0.033029 0.027969
0.0 0.836634 0.632446 0.010083 0.010806
0.0 0.811570 0.589118 0.035423 0.028917
0.0 0.797855 0.551311 0.054303 0.043460
0.0 0.895967 0.635171 0.017660 0.019106
0.0 0.866095 0.614994 0.020167 0.021612
0.0 0.859599 0.596509 0.017322 0.014430
0.0 0.873307 0.580268 0.017209 0.012872
0.0 0.891971 0.560469 0.011042 0.024053
0.0 0.885091 0.536473 0.031301 0.025518
0.0 0.822830 0.509254 0.008638 0.012252
0.0 0.831872 0.481709 0.020890 0.020890
0.0 0.937782 0.436107 0.011867 0.014036
0.0 0.929171 0.479348 0.019500 0.023114
0.0 0.903765 0.505709 0.028363 0.038483
0.0 0.967117 0.496192 0.050689 0.047074
0.0 0.983702 0.375199 0.029461 0.021510
0.0 0.547682 0.707105 0.020439 0.014656
