1.0 0.602344 0.699219 0.170313 0.594531
0.0 0.672656 0.298437 0.046875 0.087500
0.0 0.436719 0.467188 0.067187 0.081250
0.0 0.490625 0.289062 0.052344 0.148438
0.0 0.255469 0.931250 0.076563 0.137500
0.0 0.293750 0.397656 0.032031 0.116406
0.0 0.339063 0.083594 0.035156 0.122656
0.0 0.698438 0.090625 0.032031 0.046094
0.0 0.478125 0.107031 0.033594 0.050781
0.0 0.547656 0.142187 0.025781 0.045313
0.0 0.387500 0.711719 0.026563 0.057813
0.0 0.396094 0.537500 0.039844 0.065625
0.0 0.432813 0.375781 0.078125 0.047656
0.0 0.536719 0.428125 0.054688 0.134375
0.0 0.744531 0.953906 0.060938 0.092188
0.0 0.353125 0.978125 0.022656 0.043750
0.0 0.440625 0.953906 0.026563 0.054687
0.0 0.692969 0.737500 0.020313 0.067187
