0.0 0.567713 0.362347 0.086125 0.073938
0.0 0.454313 0.422199 0.064800 0.158489
0.0 0.494517 0.278193 0.051831 0.170657
0.0 0.310372 0.289778 0.048253 0.120615
0.0 0.278412 0.071751 0.037336 0.057902
0.0 0.712933 0.043436 0.042091 0.086873
0.0 0.659449 0.060504 0.042901 0.121007
0.0 0.509919 0.079314 0.051982 0.050459
0.0 0.620957 0.714264 0.032641 0.089007
0.0 0.606267 0.530977 0.050160 0.071488
0.0 0.563367 0.471081 0.079637 0.095633
0.0 0.712152 0.388473 0.043904 0.102555
0.0 0.747593 0.936984 0.116065 0.116827
0.0 0.778412 0.697868 0.031493 0.074149
0.0 0.775137 0.818298 0.033392 0.056243
0.0 0.697526 0.745193 0.025756 0.063079
0.0 0.440902 0.132598 0.032178 0.070263
0.0 0.491331 0.149326 0.027809 0.051422
0.0 0.618578 0.143836 0.034347 0.063292
0.0 0.459403 0.027421 0.022014 0.038010
0.0 0.744913 0.259499 0.030172 0.052261
0.0 0.707731 0.209621 0.018774 0.033247
0.0 0.688150 0.271062 0.019825 0.044200
0.0 0.301669 0.759668 0.034328 0.062511
0.0 0.395550 0.951902 0.042264 0.096195
3.0 0.463630 0.830687 0.102987 0.313979
0.0 0.327082 0.649631 0.026893 0.045936
0.0 0.634704 0.290357 0.017270 0.035551
0.0 0.763775 0.327022 0.026112 0.045917
0.0 0.253773 0.968359 0.064180 0.063283
0.0 0.570372 0.975750 0.029236 0.045994
0.0 0.584888 0.108720 0.018716 0.030903
0.0 0.552800 0.138429 0.037162 0.050873
