0.0 0.323488 0.736282 0.364053 0.521610
0.0 0.553000 0.685014 0.196706 0.287489
0.0 0.691772 0.888359 0.403704 0.223282
0.0 0.875230 0.702248 0.228911 0.133627
0.0 0.859470 0.564812 0.201273 0.164509
0.0 0.816315 0.388000 0.113516 0.112766
0.0 0.799673 0.273203 0.099576 0.095075
0.0 0.577651 0.232505 0.284537 0.241021
0.0 0.368299 0.132088 0.218768 0.264177
0.0 0.122779 0.321861 0.245557 0.487478
0.0 0.302936 0.380526 0.072162 0.091669
0.0 0.612826 0.072033 0.193426 0.143158
0.0 0.851646 0.082893 0.211503 0.146980
0.0 0.969411 0.384771 0.061179 0.264672
