0.0 0.435156 0.533594 0.070312 0.089844
0.0 0.492188 0.716406 0.052344 0.153906
0.0 0.254687 0.063281 0.075781 0.117969
0.0 0.687500 0.707031 0.053125 0.093750
0.0 0.542969 0.570312 0.069531 0.123438
0.0 0.426562 0.638281 0.084375 0.066406
0.0 0.386719 0.464063 0.051563 0.068750
0.0 0.756250 0.028125 0.051562 0.055469
1.0 0.542969 0.155469 0.095312 0.278125
0.0 0.380469 0.275000 0.025000 0.053125
0.0 0.242969 0.732813 0.014844 0.028125
0.0 0.233594 0.659375 0.014844 0.028125
0.0 0.282812 0.595312 0.039062 0.091406
0.0 0.280469 0.972656 0.015625 0.024219
0.0 0.327344 0.939062 0.039844 0.120312
0.0 0.478906 0.920313 0.029688 0.046094
0.0 0.528906 0.964844 0.021094 0.028125
0.0 0.552344 0.873438 0.021875 0.032812
0.0 0.712500 0.927344 0.030469 0.049219
0.0 0.375000 0.850781 0.026562 0.050781
0.0 0.437500 0.021875 0.026562 0.042969
0.0 0.705469 0.242969 0.026563 0.053125
0.0 0.303125 0.718750 0.013281 0.032031
0.0 0.261719 0.939844 0.015625 0.034375
0.0 0.499219 0.836719 0.014844 0.025781
0.0 0.230469 0.305469 0.014063 0.027344
0.0 0.227344 0.182031 0.012500 0.022656
0.0 0.265625 0.653906 0.015625 0.019531
0.0 0.332812 0.766406 0.013281 0.025781
0.0 0.358594 0.705469 0.013281 0.025000
