0.0 0.830529 0.849108 0.061091 0.095087
0.0 0.679828 0.779249 0.035253 0.059122
0.0 0.800157 0.262276 0.031129 0.044872
0.0 0.792354 0.393641 0.028571 0.052441
0.0 0.623731 0.325068 0.040256 0.042426
0.0 0.515476 0.344587 0.038038 0.065524
0.0 0.407164 0.199626 0.074383 0.064256
0.0 0.367172 0.122604 0.011928 0.047370
0.0 0.333489 0.100740 0.014038 0.033567
0.0 0.198259 0.180940 0.013866 0.020376
0.0 0.210705 0.277954 0.087302 0.082239
0.0 0.264439 0.339108 0.033970 0.052053
0.0 0.278582 0.514326 0.021163 0.035629
0.0 0.234210 0.485397 0.032360 0.062015
0.0 0.408291 0.400842 0.031491 0.125522
0.0 0.473252 0.411062 0.056200 0.113341
0.0 0.769334 0.138384 0.099189 0.172244
0.0 0.455102 0.561967 0.092701 0.081851
0.0 0.361071 0.506839 0.098931 0.071445
0.0 0.266473 0.585689 0.025003 0.035130
0.0 0.600390 0.108997 0.037863 0.041479
0.0 0.383872 0.769944 0.064368 0.075941
0.0 0.249297 0.815633 0.030905 0.041755
0.0 0.207075 0.565671 0.019940 0.040193
0.0 0.794332 0.639442 0.060353 0.052396
0.0 0.607679 0.745264 0.016763 0.028336
0.0 0.341215 0.230207 0.021103 0.023996
0.0 0.192006 0.770400 0.020939 0.032512
0.0 0.673975 0.108415 0.022721 0.035741
0.0 0.635326 0.213796 0.034582 0.049771
0.0 0.276050 0.435399 0.025779 0.024332
0.0 0.249373 0.391101 0.016208 0.031397
0.0 0.353434 0.313139 0.016595 0.025999
0.0 0.312510 0.277696 0.015872 0.026722
0.0 0.476674 0.327791 0.013255 0.022658
0.0 0.551029 0.141521 0.013922 0.021155
0.0 0.178621 0.212896 0.019880 0.028560
0.0 0.180660 0.154006 0.014198 0.014198
0.0 0.324657 0.152286 0.016595 0.025999
0.0 0.179738 0.544919 0.018210 0.026890
0.0 0.383632 0.559264 0.010473 0.027110
