0.0 0.153292 0.032114 0.020795 0.034931
0.0 0.102904 0.902036 0.009883 0.018879
0.0 0.179648 0.745313 0.015662 0.022088
0.0 0.000608 0.680013 0.001216 0.042125
0.0 0.199335 0.512577 0.010910 0.020548
0.0 0.250416 0.095780 0.015918 0.023629
0.0 0.334915 0.063894 0.016305 0.021445
0.0 0.313221 0.094342 0.009757 0.013612
0.0 0.447551 0.058070 0.014763 0.021189
0.0 0.486714 0.032110 0.018481 0.039042
0.0 0.584576 0.015118 0.012197 0.014767
0.0 0.681051 0.063629 0.025935 0.029791
0.0 0.744635 0.081328 0.019385 0.026453
0.0 0.755028 0.056921 0.009885 0.014383
0.0 0.634826 0.093958 0.012069 0.013996
0.0 0.410457 0.119221 0.010271 0.012199
0.0 0.351523 0.164068 0.012191 0.028255
0.0 0.387471 0.128862 0.009114 0.014255
0.0 0.403625 0.055519 0.011941 0.013226
0.0 0.437007 0.026222 0.009116 0.009759
0.0 0.144760 0.216809 0.009372 0.011300
0.0 0.095799 0.149271 0.010141 0.015924
0.0 0.058189 0.204000 0.015918 0.023629
0.0 0.117757 0.136290 0.012581 0.017079
0.0 0.229792 0.234115 0.011298 0.013868
0.0 0.203486 0.292307 0.012325 0.015538
0.0 0.346540 0.232142 0.009629 0.012841
0.0 0.347959 0.247425 0.009116 0.009759
0.0 0.405993 0.198468 0.013866 0.015794
0.0 0.430287 0.247649 0.012069 0.013996
0.0 0.399206 0.248818 0.009242 0.015025
0.0 0.446579 0.197296 0.010528 0.013740
0.0 0.356714 0.299567 0.008087 0.012585
0.0 0.323452 0.309084 0.009370 0.015796
0.0 0.327189 0.339009 0.009629 0.012841
0.0 0.326816 0.369834 0.008215 0.013356
0.0 0.338121 0.378049 0.012069 0.013996
0.0 0.322101 0.464879 0.015534 0.021317
0.0 0.143144 0.350384 0.012067 0.018492
0.0 0.027155 0.647889 0.011423 0.023631
0.0 0.083355 0.833844 0.008344 0.014126
0.0 0.062441 0.888181 0.012451 0.020804
0.0 0.101224 0.874037 0.011421 0.028127
0.0 0.043621 0.715569 0.007573 0.013998
0.0 0.067384 0.720312 0.010912 0.016052
0.0 0.076738 0.664053 0.009370 0.015796
0.0 0.118309 0.556920 0.015274 0.028767
0.0 0.065232 0.476026 0.010782 0.019777
0.0 0.095157 0.472290 0.011170 0.013098
0.0 0.225266 0.480458 0.013606 0.023245
0.0 0.214618 0.511159 0.006546 0.012329
0.0 0.203045 0.475971 0.010912 0.016052
0.0 0.479053 0.144881 0.011553 0.019906
0.0 0.328222 0.027935 0.014635 0.020418
0.0 0.487174 0.219885 0.010397 0.017465
0.0 0.511572 0.206518 0.010910 0.020548
0.0 0.524837 0.298216 0.011813 0.012455
0.0 0.501849 0.303106 0.009885 0.014383
0.0 0.477590 0.344215 0.009242 0.015025
0.0 0.676574 0.109611 0.013482 0.013482
0.0 0.685470 0.194247 0.024778 0.031846
0.0 0.997972 0.297385 0.004055 0.015153
0.0 0.997341 0.189499 0.005318 0.017465
0.0 0.165346 0.631266 0.008728 0.016438
0.0 0.150991 0.708077 0.012453 0.016308
0.0 0.174245 0.725407 0.010786 0.010786
0.0 0.027232 0.518811 0.011939 0.017722
0.0 0.011730 0.616814 0.010526 0.018236
0.0 0.002901 0.894499 0.005802 0.010786
0.0 0.031044 0.738821 0.011168 0.017594
0.0 0.201571 0.646793 0.007957 0.016310
0.0 0.206427 0.584242 0.009755 0.018108
0.0 0.766784 0.876985 0.027722 0.058563
