0.0 0.516406 0.387500 0.053906 0.118750
0.0 0.618750 0.484375 0.089063 0.090625
0.0 0.610938 0.803906 0.055469 0.090625
0.0 0.539844 0.550781 0.072656 0.117969
0.0 0.947656 0.839844 0.046094 0.054688
0.0 0.903125 0.672656 0.033594 0.114062
0.0 0.869531 0.647656 0.037500 0.069531
0.0 0.731250 0.207812 0.068750 0.075781
0.0 0.551562 0.132812 0.055469 0.066406
0.0 0.903906 0.116406 0.046875 0.080469
0.0 0.893750 0.306250 0.053125 0.092969
0.0 0.144531 0.484375 0.039062 0.070312
0.0 0.054688 0.682813 0.035156 0.057813
0.0 0.239062 0.939844 0.053125 0.110937
0.0 0.153125 0.194531 0.244531 0.388281
0.0 0.064062 0.256250 0.048437 0.113281
0.0 0.228906 0.243750 0.023438 0.059375
0.0 0.476562 0.307031 0.025781 0.075000
0.0 0.379687 0.296875 0.025781 0.051563
0.0 0.719531 0.455469 0.021094 0.064062
0.0 0.727344 0.850781 0.022656 0.059375
3.0 0.403125 0.654687 0.283594 0.261719
0.0 0.245313 0.398438 0.027344 0.054688
