1.0 0.728979 0.582896 0.194882 0.165668
0.0 0.190973 0.797644 0.046108 0.088148
0.0 0.339998 0.750675 0.082128 0.102792
0.0 0.780722 0.897760 0.098212 0.101062
0.0 0.447492 0.564550 0.113794 0.111656
0.0 0.359519 0.464583 0.134668 0.102603
0.0 0.239576 0.547729 0.038076 0.048051
0.0 0.230319 0.434826 0.033154 0.053818
0.0 0.421657 0.378896 0.040919 0.136401
0.0 0.488976 0.398709 0.069261 0.133390
0.0 0.542909 0.335848 0.049448 0.063699
0.0 0.665404 0.333675 0.041874 0.074651
0.0 0.461911 0.162771 0.073263 0.071126
0.0 0.231649 0.215406 0.078832 0.063868
0.0 0.848042 0.186058 0.098802 0.153668
