0.0 0.717187 0.327344 0.052344 0.114062
0.0 0.746094 0.135156 0.053125 0.055469
0.0 0.297656 0.122656 0.053125 0.109375
0.0 0.241406 0.410156 0.045313 0.106250
0.0 0.417969 0.475781 0.093750 0.085938
0.0 0.410937 0.389062 0.103125 0.059375
0.0 0.370313 0.533594 0.060938 0.059375
0.0 0.353906 0.689062 0.035156 0.067188
0.0 0.801563 0.909375 0.057031 0.096094
0.0 0.741406 0.710938 0.035156 0.079687
0.0 0.544531 0.437500 0.075000 0.135156
0.0 0.492969 0.322656 0.053125 0.132812
0.0 0.467969 0.150000 0.045313 0.084375
0.0 0.554688 0.188281 0.042969 0.054688
0.0 0.533594 0.103125 0.032812 0.043750
0.0 0.706250 0.064844 0.022656 0.028906
0.0 0.429688 0.894531 0.035156 0.075781
0.0 0.283594 0.915625 0.245312 0.168750
0.0 0.314844 0.927344 0.024219 0.054688
0.0 0.180469 0.771875 0.022656 0.050781
0.0 0.225781 0.118750 0.040625 0.062500
0.0 0.233594 0.047656 0.025781 0.035156
0.0 0.339063 0.203906 0.040625 0.060937
0.0 0.626563 0.880469 0.046875 0.089844
0.0 0.175000 0.359375 0.032031 0.061719
0.0 0.264844 0.712500 0.029688 0.056250
3.0 0.546875 0.785156 0.114063 0.254688
0.0 0.262500 0.315625 0.023438 0.032812
0.0 0.538281 0.033594 0.020312 0.032031
0.0 0.172656 0.675000 0.028906 0.064062
