0.0 0.386201 0.487225 0.084074 0.091705
0.0 0.461002 0.564746 0.077206 0.098573
0.0 0.433324 0.374997 0.032714 0.132679
0.0 0.484567 0.389460 0.054260 0.119123
0.0 0.522237 0.314524 0.049367 0.076075
0.0 0.750779 0.943613 0.063543 0.112774
0.0 0.622516 0.303545 0.026870 0.048236
0.0 0.939342 0.696867 0.028396 0.046710
0.0 0.843614 0.203912 0.259709 0.397066
0.0 0.913441 0.429795 0.037131 0.053156
0.0 0.855806 0.489424 0.034384 0.069486
0.0 0.755464 0.401157 0.026654 0.038864
0.0 0.773858 0.246851 0.028306 0.042805
0.0 0.938955 0.271746 0.045399 0.107209
0.0 0.626530 0.842842 0.029958 0.046746
0.0 0.570483 0.799355 0.017048 0.028495
0.0 0.378876 0.805891 0.058102 0.082521
0.0 0.262968 0.850896 0.030209 0.057680
0.0 0.043638 0.839603 0.045489 0.043200
0.0 0.128502 0.649315 0.043577 0.061891
0.0 0.089818 0.666399 0.033854 0.080403
0.0 0.013338 0.559926 0.015666 0.036269
0.0 0.297351 0.578958 0.026762 0.043550
0.0 0.275921 0.457339 0.025559 0.059135
0.0 0.320396 0.494309 0.017793 0.026950
0.0 0.250461 0.545059 0.018826 0.037903
0.0 0.205744 0.552627 0.017811 0.027731
0.0 0.149707 0.542743 0.032103 0.038208
0.0 0.127011 0.510182 0.021860 0.034070
0.0 0.105177 0.304157 0.056504 0.080923
0.0 0.115896 0.109820 0.024778 0.059117
0.0 0.197421 0.132794 0.026564 0.034958
0.0 0.121148 0.187305 0.018718 0.033217
0.0 0.276289 0.203375 0.074055 0.063372
0.0 0.043403 0.305862 0.036081 0.041422
0.0 0.188578 0.011297 0.017865 0.022595
0.0 0.165586 0.021877 0.021043 0.032490
0.0 0.092168 0.088176 0.022821 0.041898
0.0 0.088021 0.132623 0.023674 0.045040
0.0 0.456144 0.130145 0.049933 0.066721
0.0 0.394683 0.016202 0.019409 0.029329
0.0 0.275624 0.096300 0.020154 0.027785
0.0 0.221885 0.122416 0.022004 0.040318
0.0 0.682153 0.054850 0.026618 0.037301
0.0 0.611131 0.050873 0.020280 0.033253
0.0 0.641898 0.174269 0.033845 0.046055
0.0 0.421392 0.044167 0.024580 0.050525
0.0 0.424606 0.108320 0.013762 0.021393
0.0 0.389603 0.169251 0.016976 0.025370
0.0 0.317325 0.287934 0.024419 0.043496
0.0 0.384036 0.071441 0.024203 0.034123
0.0 0.218322 0.787353 0.023368 0.031762
0.0 0.092126 0.939962 0.022659 0.034869
0.0 0.027676 0.922070 0.027677 0.083383
0.0 0.187978 0.679596 0.018592 0.027749
0.0 0.087931 0.204515 0.018880 0.040246
0.0 0.818227 0.832401 0.023763 0.048945
0.0 0.165930 0.958851 0.018503 0.023844
