0.0 0.696394 0.071642 0.079980 0.143283
0.0 0.615957 0.012424 0.028951 0.024849
0.0 0.546213 0.011158 0.030488 0.022316
0.0 0.345210 0.034437 0.026466 0.038531
0.0 0.305745 0.063388 0.016401 0.037178
0.0 0.205467 0.044544 0.021750 0.020410
0.0 0.197011 0.104801 0.017579 0.028973
0.0 0.385362 0.122057 0.074417 0.089832
0.0 0.214167 0.220736 0.082148 0.079467
0.0 0.594499 0.270526 0.036440 0.050515
0.0 0.496280 0.296337 0.038787 0.073640
0.0 0.590793 0.131500 0.029576 0.050353
0.0 0.508980 0.044748 0.013916 0.030001
0.0 0.466838 0.382274 0.062227 0.129251
0.0 0.408442 0.375932 0.039485 0.146723
0.0 0.381684 0.511170 0.087568 0.080195
0.0 0.465588 0.572416 0.091880 0.106625
0.0 0.403170 0.571344 0.014944 0.026338
0.0 0.300272 0.615126 0.029830 0.046586
0.0 0.245931 0.586168 0.024572 0.052722
0.0 0.258223 0.489923 0.030316 0.067179
0.0 0.308588 0.518627 0.021104 0.043893
0.0 0.270671 0.295124 0.039237 0.060015
0.0 0.420993 0.833020 0.066004 0.089462
0.0 0.307949 0.901025 0.033297 0.055415
0.0 0.823295 0.911389 0.049502 0.102451
0.0 0.685582 0.836878 0.035770 0.051186
0.0 0.777865 0.661305 0.061450 0.078206
0.0 0.751581 0.354258 0.032107 0.052214
0.0 0.327951 0.169974 0.016701 0.028095
0.0 0.297547 0.424730 0.010194 0.024939
0.0 0.282257 0.416537 0.014898 0.031654
0.0 0.290851 0.339708 0.009524 0.025610
0.0 0.259326 0.357345 0.012783 0.032890
0.0 0.349058 0.262519 0.021034 0.026396
0.0 0.309833 0.222858 0.012979 0.023033
0.0 0.181978 0.145447 0.016597 0.027320
0.0 0.461679 0.285222 0.016076 0.023449
0.0 0.290645 0.138727 0.014898 0.031654
0.0 0.547151 0.264277 0.014482 0.028557
3.0 0.701030 0.547083 0.183631 0.189663
