1.0 0.464129 0.794644 0.123838 0.250469
0.0 0.383205 0.882334 0.049286 0.101736
0.0 0.588730 0.899107 0.043782 0.042284
0.0 0.211003 0.916610 0.068425 0.093152
0.0 0.734521 0.908112 0.244730 0.175046
0.0 0.699831 0.920451 0.026891 0.048620
0.0 0.828489 0.755785 0.020737 0.031227
0.0 0.738810 0.026024 0.037540 0.052049
0.0 0.744846 0.093762 0.012244 0.033225
0.0 0.691330 0.124057 0.048069 0.110261
0.0 0.637913 0.195788 0.036979 0.066950
0.0 0.581546 0.388828 0.098739 0.052283
0.0 0.450563 0.437088 0.075955 0.125408
0.0 0.495137 0.320363 0.062373 0.136554
0.0 0.577746 0.469514 0.090374 0.076887
0.0 0.633990 0.526680 0.056742 0.054494
0.0 0.649622 0.682429 0.038631 0.049871
0.0 0.831599 0.657925 0.022646 0.059361
0.0 0.740302 0.701464 0.028611 0.072070
0.0 0.756219 0.396675 0.050910 0.103360
0.0 0.815166 0.345833 0.030324 0.037068
0.0 0.766581 0.109310 0.023424 0.039908
0.0 0.428579 0.181514 0.023330 0.037566
0.0 0.274221 0.329228 0.059838 0.092808
0.0 0.235510 0.143912 0.041221 0.036726
0.0 0.275781 0.075837 0.015304 0.031789
0.0 0.448116 0.103324 0.029261 0.030011
0.0 0.512288 0.143752 0.040817 0.046062
0.0 0.268120 0.722758 0.029264 0.049495
0.0 0.725013 0.300974 0.014492 0.030977
0.0 0.794925 0.289568 0.015646 0.020891
0.0 0.436835 0.036535 0.015897 0.027136
0.0 0.346873 0.015907 0.021079 0.020330
0.0 0.633267 0.005133 0.020142 0.010266
0.0 0.489003 0.206455 0.015680 0.041156
0.0 0.598504 0.168440 0.011900 0.024638
0.0 0.556073 0.202200 0.018834 0.042062
0.0 0.689194 0.265663 0.013025 0.033256
0.0 0.658475 0.318500 0.013398 0.023139
