3.0 0.614890 0.307743 0.208032 0.604217
0.0 0.659395 0.712204 0.052382 0.090322
0.0 0.434748 0.528693 0.072252 0.085385
0.0 0.477137 0.709904 0.061741 0.151485
0.0 0.283584 0.062519 0.085210 0.125037
0.0 0.287620 0.588927 0.039419 0.118218
0.0 0.312729 0.905247 0.042938 0.124656
0.0 0.671817 0.921241 0.034917 0.048050
0.0 0.453007 0.890762 0.036776 0.052828
0.0 0.524647 0.860130 0.028630 0.046870
0.0 0.401288 0.281512 0.030210 0.059395
0.0 0.398708 0.455924 0.043964 0.068042
0.0 0.424996 0.619662 0.081016 0.052561
0.0 0.532041 0.574079 0.063180 0.137601
0.0 0.773094 0.062683 0.066715 0.095900
0.0 0.384042 0.018003 0.025411 0.036007
0.0 0.469811 0.043223 0.030010 0.056276
0.0 0.707780 0.275344 0.024573 0.068350
