0.0 0.880424 0.629131 0.099633 0.119253
0.0 0.786717 0.636878 0.073398 0.075578
0.0 0.899982 0.953068 0.073463 0.087996
0.0 0.818176 0.912290 0.087652 0.091285
0.0 0.946158 0.780012 0.054572 0.061112
0.0 0.957324 0.592056 0.052842 0.047029
0.0 0.244694 0.731713 0.042008 0.070348
0.0 0.161472 0.654036 0.032999 0.051892
0.0 0.050481 0.593271 0.065140 0.079674
0.0 0.311310 0.592146 0.042511 0.054864
0.0 0.326175 0.638569 0.045920 0.036474
0.0 0.419939 0.479699 0.031269 0.037809
0.0 0.237988 0.830705 0.040477 0.047743
0.0 0.420154 0.765523 0.025760 0.036660
0.0 0.408909 0.735006 0.030173 0.033079
0.0 0.265220 0.197504 0.052749 0.057109
0.0 0.125057 0.105007 0.048269 0.094048
0.0 0.841436 0.834778 0.028561 0.032194
0.0 0.794567 0.682826 0.053951 0.063398
0.0 0.795206 0.765872 0.030952 0.033132
0.0 0.669097 0.847379 0.027940 0.034480
