3.0 0.680894 0.437017 0.214458 0.204077
0.0 0.672205 0.930574 0.093395 0.138852
0.0 0.381052 0.864747 0.075788 0.088764
0.0 0.203213 0.749432 0.081646 0.130305
0.0 0.578852 0.725346 0.052045 0.062426
0.0 0.487459 0.698147 0.058165 0.086712
0.0 0.462508 0.606368 0.066180 0.132356
0.0 0.400959 0.620307 0.056150 0.163849
0.0 0.383900 0.483901 0.089413 0.075139
0.0 0.468736 0.423038 0.104388 0.103091
0.0 0.443017 0.157099 0.080891 0.111384
0.0 0.325269 0.091691 0.059551 0.090692
0.0 0.300400 0.377268 0.050169 0.055359
0.0 0.264380 0.509184 0.040858 0.077190
0.0 0.827915 0.099678 0.074561 0.114137
