0.0 0.911724 0.266813 0.007221 0.010723
0.0 0.589872 0.860622 0.010947 0.017251
0.0 0.543674 0.922775 0.013742 0.022147
0.0 0.620613 0.898997 0.007845 0.009245
0.0 0.585690 0.966193 0.010093 0.016396
0.0 0.543260 0.982399 0.012194 0.014295
0.0 0.560357 0.976243 0.005435 0.008237
0.0 0.546930 0.997496 0.008853 0.005007
0.0 0.600643 0.997181 0.009091 0.005637
0.0 0.546896 0.874419 0.007137 0.017643
0.0 0.532447 0.798405 0.007452 0.013055
0.0 0.591106 0.761039 0.011963 0.011963
0.0 0.621391 0.811930 0.009939 0.014841
0.0 0.689310 0.522687 0.012579 0.018182
0.0 0.698717 0.522835 0.005358 0.007459
0.0 0.653597 0.574103 0.005358 0.007459
0.0 0.669468 0.501094 0.007922 0.010023
0.0 0.665138 0.703215 0.007298 0.011501
0.0 0.699563 0.688570 0.007683 0.015388
0.0 0.692202 0.628174 0.005974 0.013679
0.0 0.679056 0.618236 0.005120 0.012824
