0.0 0.620827 0.699661 0.046355 0.069048
0.0 0.875430 0.165135 0.059028 0.096633
0.0 0.460966 0.427316 0.108214 0.112753
0.0 0.394814 0.593973 0.053119 0.130275
0.0 0.382929 0.807265 0.073202 0.077092
0.0 0.502691 0.666568 0.057123 0.075278
0.0 0.467269 0.596042 0.084692 0.125540
0.0 0.359868 0.480802 0.115937 0.095189
0.0 0.173454 0.697097 0.091709 0.098841
0.0 0.235797 0.648502 0.043146 0.067784
0.0 0.272042 0.465996 0.026091 0.041004
0.0 0.217742 0.488976 0.034200 0.058838
0.0 0.264541 0.384103 0.034208 0.040044
0.0 0.196600 0.403324 0.029949 0.041619
0.0 0.263639 0.141872 0.035809 0.050073
0.0 0.401104 0.202574 0.077552 0.080793
0.0 0.799468 0.641143 0.035530 0.053036
0.0 0.149799 0.805663 0.031278 0.035817
0.0 0.713639 0.227132 0.045313 0.053093
3.0 0.733581 0.473984 0.210125 0.171871
0.0 0.327693 0.880729 0.028742 0.048194
0.0 0.284325 0.850074 0.024245 0.029432
0.0 0.306880 0.768231 0.024737 0.032518
0.0 0.614917 0.811059 0.039510 0.054423
0.0 0.647828 0.927069 0.030351 0.039428
0.0 0.571516 0.924385 0.047816 0.045223
0.0 0.639190 0.252435 0.017515 0.034372
0.0 0.822598 0.382178 0.078142 0.070362
0.0 0.742302 0.900216 0.098628 0.156334
0.0 0.332118 0.684442 0.025418 0.027363
0.0 0.262453 0.788831 0.015545 0.022029
0.0 0.255257 0.546386 0.032575 0.034520
0.0 0.224299 0.601572 0.018721 0.027798
0.0 0.230535 0.835161 0.019895 0.025730
0.0 0.284458 0.720349 0.019525 0.023416
0.0 0.237175 0.773721 0.011039 0.022061
0.0 0.137505 0.773638 0.017367 0.019312
