3.0 0.601085 0.635433 0.197128 0.474092
0.0 0.284733 0.092204 0.062336 0.126826
0.0 0.646092 0.073233 0.061209 0.068676
0.0 0.463196 0.305399 0.069202 0.151341
0.0 0.426396 0.104498 0.025265 0.049703
0.0 0.274552 0.428061 0.056420 0.134486
0.0 0.394533 0.563505 0.058201 0.075172
0.0 0.435281 0.479709 0.092383 0.122931
0.0 0.409855 0.705670 0.043370 0.078670
0.0 0.317466 0.921380 0.138087 0.157241
0.0 0.404256 0.987386 0.035833 0.025229
0.0 0.797331 0.928291 0.074574 0.084078
0.0 0.648394 0.275275 0.065534 0.127987
