0.0 0.409556 0.613450 0.049639 0.142964
0.0 0.461731 0.609892 0.085096 0.140964
0.0 0.386741 0.480970 0.104045 0.095792
0.0 0.475973 0.406171 0.107817 0.147179
1.0 0.704010 0.462739 0.181887 0.182522
0.0 0.309653 0.373096 0.030552 0.038170
0.0 0.143852 0.386906 0.034361 0.034361
0.0 0.062708 0.130008 0.020875 0.059602
0.0 0.080215 0.188590 0.021952 0.035919
0.0 0.109976 0.240594 0.044424 0.087595
0.0 0.144913 0.272089 0.050792 0.068568
0.0 0.095380 0.003045 0.031938 0.006091
0.0 0.097225 0.055150 0.046751 0.045481
0.0 0.327494 0.089900 0.035554 0.053965
0.0 0.436750 0.158990 0.070358 0.095118
0.0 0.205398 0.384195 0.018393 0.024107
0.0 0.250185 0.404724 0.022222 0.037458
0.0 0.116148 0.413782 0.026704 0.037497
0.0 0.266563 0.143479 0.020240 0.030398
0.0 0.207602 0.761315 0.083748 0.073590
0.0 0.051000 0.622869 0.065241 0.095714
0.0 0.005461 0.799673 0.010922 0.043923
0.0 0.019404 0.830552 0.038809 0.064508
0.0 0.000218 0.832533 0.000436 0.021759
0.0 0.009327 0.725026 0.018239 0.036015
0.0 0.041994 0.751365 0.022318 0.033745
0.0 0.260091 0.497667 0.033554 0.059583
0.0 0.381500 0.873443 0.063778 0.074571
0.0 0.317166 0.824113 0.019797 0.023606
0.0 0.342425 0.892777 0.018393 0.024107
0.0 0.109386 0.819472 0.025396 0.034284
0.0 0.134165 0.836499 0.023395 0.039902
0.0 0.169834 0.841156 0.017315 0.017950
0.0 0.184955 0.877114 0.019432 0.025780
0.0 0.293096 0.925386 0.018797 0.026415
0.0 0.325455 0.958016 0.028647 0.040075
0.0 0.308478 0.470445 0.025492 0.030571
0.0 0.266513 0.687555 0.035112 0.047174
0.0 0.489280 0.697198 0.042539 0.076821
0.0 0.589071 0.729733 0.033246 0.053561
0.0 0.805178 0.824235 0.334879 0.351529
0.0 0.735284 0.818774 0.033438 0.046135
0.0 0.746100 0.657283 0.034612 0.048579
0.0 0.868461 0.583524 0.048926 0.074955
0.0 0.917172 0.658672 0.047944 0.065086
0.0 0.910762 0.831245 0.063317 0.110297
0.0 0.990439 0.386790 0.019122 0.048348
0.0 0.850676 0.100570 0.065145 0.099427
0.0 0.702920 0.169885 0.038459 0.049252
0.0 0.898232 0.223104 0.030610 0.059814
0.0 0.597376 0.993801 0.021414 0.012398
0.0 0.492987 0.952440 0.019393 0.021298
0.0 0.522960 0.989678 0.020105 0.020644
0.0 0.537005 0.997282 0.016180 0.005435
0.0 0.342736 0.727862 0.021644 0.029897
0.0 0.131265 0.608365 0.021202 0.023106
0.0 0.136420 0.669544 0.020163 0.021432
0.0 0.212404 0.249003 0.021875 0.026954
0.0 0.581257 0.869542 0.030494 0.046366
0.0 0.092135 0.523790 0.022914 0.028628
0.0 0.059748 0.921822 0.018989 0.018989
0.0 0.116155 0.096533 0.019297 0.025011
0.0 0.120137 0.128162 0.019663 0.022837
0.0 0.202577 0.019656 0.022549 0.030802
0.0 0.032422 0.316643 0.016796 0.032033
