0.0 0.611829 0.524651 0.092066 0.099491
0.0 0.545680 0.438931 0.087441 0.104991
0.0 0.549662 0.640310 0.067111 0.154186
0.0 0.503144 0.616198 0.064344 0.114968
0.0 0.458415 0.682116 0.055301 0.080276
0.0 0.082103 0.258674 0.033586 0.047761
0.0 0.297992 0.042012 0.061396 0.084024
0.0 0.219977 0.136228 0.022738 0.046363
0.0 0.411036 0.145094 0.033011 0.049210
0.0 0.460758 0.193250 0.016567 0.028042
0.0 0.651793 0.208415 0.062574 0.083499
0.0 0.773910 0.177677 0.030311 0.051910
0.0 0.883526 0.121696 0.021416 0.030191
0.0 0.881745 0.080505 0.018117 0.028242
0.0 0.904351 0.149586 0.016867 0.030367
0.0 0.923363 0.093746 0.017418 0.022818
0.0 0.950558 0.102764 0.021592 0.025642
0.0 0.811362 0.241581 0.015792 0.027942
0.0 0.709044 0.442653 0.027139 0.033214
0.0 0.754340 0.482362 0.023788 0.042688
0.0 0.984081 0.211733 0.031838 0.038211
0.0 0.998604 0.133722 0.002791 0.075831
0.0 0.887046 0.393909 0.044481 0.061356
0.0 0.924709 0.376707 0.037104 0.080979
0.0 0.792682 0.337638 0.017242 0.027367
0.0 0.829827 0.355028 0.014518 0.023968
0.0 0.798311 0.514022 0.023641 0.029716
0.0 0.796805 0.476806 0.020541 0.029316
0.0 0.854970 0.496117 0.033138 0.032463
0.0 0.870347 0.529607 0.023265 0.032715
0.0 0.935454 0.507276 0.018516 0.031341
0.0 0.988914 0.489746 0.020190 0.038415
0.0 0.717012 0.564200 0.028210 0.059259
0.0 0.679464 0.525489 0.017043 0.025817
0.0 0.869457 0.738235 0.054826 0.082501
0.0 0.938618 0.745572 0.030762 0.043587
0.0 0.844407 0.853164 0.023365 0.033490
0.0 0.879246 0.839536 0.018416 0.030566
0.0 0.691235 0.819247 0.072176 0.063401
0.0 0.842745 0.933296 0.036058 0.061033
0.0 0.862819 0.954788 0.020989 0.044613
0.0 0.871810 0.909471 0.025438 0.043663
0.0 0.781197 0.998253 0.022690 0.003494
0.0 0.681131 0.928224 0.019966 0.030766
0.0 0.703345 0.896427 0.016168 0.024943
0.0 0.736564 0.901496 0.022339 0.043263
0.0 0.764981 0.894918 0.019966 0.030766
0.0 0.658328 0.732297 0.029963 0.037388
0.0 0.663832 0.762939 0.017018 0.019719
0.0 0.534026 0.853340 0.014518 0.023968
0.0 0.574865 0.842061 0.018492 0.025242
0.0 0.502861 0.869017 0.054279 0.066429
0.0 0.529773 0.978038 0.016919 0.018944
0.0 0.528794 0.955068 0.019167 0.024567
0.0 0.530460 0.899355 0.017142 0.026592
0.0 0.358212 0.683382 0.030486 0.047361
0.0 0.271347 0.923468 0.024939 0.039789
0.0 0.323864 0.949929 0.016843 0.024268
0.0 0.342133 0.936528 0.015768 0.021843
0.0 0.380020 0.911478 0.015968 0.023393
0.0 0.553545 0.990261 0.022091 0.019478
0.0 0.567708 0.940390 0.018692 0.026792
0.0 0.965668 0.333935 0.018341 0.035890
0.0 0.137832 0.757904 0.275663 0.421674
0.0 0.235671 0.570703 0.029987 0.043487
0.0 0.198854 0.721925 0.029712 0.047261
0.0 0.143600 0.472191 0.042580 0.070255
0.0 0.081273 0.527963 0.041833 0.052633
0.0 0.040559 0.684985 0.055597 0.106221
0.0 0.006422 0.719158 0.012844 0.019994
0.0 0.326815 0.810884 0.037460 0.048260
0.0 0.992756 0.297737 0.014488 0.064607
0.0 0.779655 0.756596 0.019942 0.024667
0.0 0.803240 0.695831 0.018592 0.026017
