0.0 0.668750 0.288281 0.050781 0.066406
0.0 0.511719 0.128125 0.038281 0.108594
0.0 0.814062 0.399219 0.028125 0.095312
0.0 0.730469 0.660937 0.041406 0.087500
0.0 0.840625 0.614844 0.038281 0.081250
0.0 0.927344 0.589063 0.023438 0.052344
0.0 0.764844 0.395312 0.037500 0.106250
0.0 0.575000 0.520312 0.162500 0.117188
0.0 0.385938 0.573438 0.033594 0.057812
0.0 0.161719 0.400781 0.061719 0.117188
0.0 0.403125 0.657031 0.028906 0.074219
0.0 0.428125 0.541406 0.027344 0.063281
0.0 0.453125 0.476562 0.037500 0.049219
0.0 0.659375 0.397656 0.061719 0.046094
0.0 0.420312 0.350781 0.055469 0.067187
0.0 0.894531 0.495312 0.078906 0.077344
