0.0 0.166047 0.805609 0.253944 0.388783
0.0 0.231773 0.760067 0.030468 0.055883
0.0 0.144006 0.520658 0.035498 0.080165
0.0 0.091792 0.585465 0.041471 0.060724
0.0 0.054470 0.321903 0.035001 0.045013
0.0 0.169714 0.183542 0.020335 0.057302
0.0 0.232103 0.064680 0.051364 0.097572
0.0 0.255935 0.313587 0.059515 0.066446
0.0 0.416950 0.207394 0.015251 0.029113
0.0 0.358514 0.163685 0.028707 0.041800
0.0 0.607402 0.193764 0.055753 0.076547
0.0 0.724685 0.144446 0.024890 0.047994
0.0 0.988062 0.149318 0.010509 0.025141
0.0 0.945845 0.147570 0.043516 0.039666
0.0 0.902163 0.318517 0.032373 0.080121
0.0 0.865152 0.353419 0.041581 0.068536
0.0 0.747750 0.449619 0.016957 0.039290
0.0 0.697281 0.416735 0.021555 0.033107
0.0 0.720843 0.535945 0.031294 0.059018
0.0 0.682046 0.499771 0.022974 0.022974
0.0 0.612555 0.503097 0.076856 0.077626
0.0 0.570543 0.626359 0.021417 0.133856
0.0 0.514903 0.614645 0.051025 0.128808
0.0 0.540464 0.433015 0.074744 0.093997
0.0 0.479215 0.687812 0.027852 0.091772
0.0 0.381778 0.704035 0.028685 0.040237
0.0 0.735466 0.796702 0.068845 0.063454
0.0 0.690650 0.721547 0.028037 0.049600
0.0 0.898000 0.687363 0.048041 0.083467
0.0 0.987385 0.709539 0.023096 0.031567
0.0 0.964389 0.685643 0.024053 0.044077
0.0 0.981804 0.425215 0.013272 0.054859
0.0 0.870847 0.479913 0.016935 0.037728
0.0 0.848588 0.452882 0.033966 0.027035
0.0 0.770051 0.203185 0.009683 0.022005
0.0 0.891235 0.042863 0.017583 0.028365
0.0 0.956426 0.066944 0.017343 0.066631
0.0 0.860780 0.044075 0.011279 0.024371
0.0 0.850639 0.100474 0.011938 0.015789
0.0 0.822020 0.065718 0.015328 0.034581
0.0 0.960486 0.298941 0.011345 0.029058
0.0 0.969758 0.236304 0.016990 0.041634
0.0 0.862770 0.240160 0.012005 0.020476
0.0 0.329221 0.965741 0.024230 0.056576
0.0 0.070775 0.756873 0.043762 0.112304
0.0 0.037681 0.792500 0.023129 0.033911
0.0 0.061078 0.899993 0.012973 0.033767
0.0 0.247621 0.609828 0.023283 0.044847
0.0 0.563018 0.867896 0.064269 0.071200
0.0 0.397216 0.967124 0.021588 0.035451
0.0 0.440443 0.929791 0.013655 0.026747
0.0 0.792904 0.438042 0.016714 0.022105
0.0 0.599283 0.448592 0.010442 0.020454
0.0 0.805946 0.310501 0.015910 0.020531
0.0 0.937512 0.276607 0.013843 0.040027
0.0 0.851209 0.970084 0.016253 0.044748
0.0 0.825585 0.981384 0.016791 0.027573
0.0 0.738541 0.903701 0.017605 0.029927
0.0 0.622481 0.984255 0.019134 0.027606
0.0 0.594775 0.958863 0.017012 0.043196
0.0 0.629520 0.929463 0.016802 0.028354
0.0 0.815237 0.857300 0.015196 0.025207
0.0 0.791912 0.865442 0.012203 0.034537
0.0 0.921369 0.903461 0.013810 0.037684
0.0 0.898417 0.882689 0.029182 0.075390
0.0 0.925382 0.855743 0.020225 0.049490
0.0 0.940893 0.792236 0.012170 0.032194
0.0 0.924322 0.780750 0.011444 0.036089
0.0 0.889479 0.803120 0.015394 0.039268
0.0 0.623430 0.830320 0.018353 0.027595
0.0 0.643893 0.785495 0.012731 0.016581
0.0 0.368801 0.836263 0.029544 0.045716
0.0 0.708570 0.662694 0.012303 0.041568
0.0 0.685000 0.598177 0.016901 0.035385
0.0 0.930589 0.450160 0.013688 0.029091
0.0 0.810928 0.718284 0.013589 0.022061
0.0 0.827990 0.653974 0.011268 0.023590
0.0 0.910024 0.211364 0.008836 0.017307
0.0 0.755219 0.867524 0.012049 0.023601
