0.0 0.175143 0.854392 0.059676 0.094300
0.0 0.324698 0.782112 0.034367 0.058678
0.0 0.196049 0.267147 0.030466 0.044463
0.0 0.205969 0.398368 0.027780 0.052090
0.0 0.373464 0.327086 0.039654 0.041864
0.0 0.482020 0.344857 0.037054 0.065048
0.0 0.587981 0.198168 0.073499 0.063186
0.0 0.626726 0.120511 0.011182 0.047280
0.0 0.660052 0.098107 0.013522 0.033412
0.0 0.796558 0.176116 0.013565 0.020195
0.0 0.785677 0.273318 0.086154 0.080997
0.0 0.732936 0.335330 0.033197 0.051614
0.0 0.721620 0.510754 0.020629 0.035363
0.0 0.765520 0.481113 0.031420 0.061624
0.0 0.590098 0.399377 0.029515 0.125285
0.0 0.525311 0.410642 0.054476 0.112675
0.0 0.224871 0.142774 0.096601 0.171006
0.0 0.545891 0.561235 0.091571 0.080521
0.0 0.639022 0.504598 0.097984 0.069990
0.0 0.734878 0.581912 0.024486 0.034799
0.0 0.393319 0.110667 0.037270 0.040953
0.0 0.620466 0.768036 0.063273 0.075059
0.0 0.755759 0.811550 0.030293 0.041343
0.0 0.793946 0.560939 0.019329 0.039956
0.0 0.207955 0.644170 0.059632 0.051528
0.0 0.396290 0.746969 0.016338 0.028125
0.0 0.654414 0.227681 0.020759 0.023705
0.0 0.812314 0.765399 0.020455 0.032242
0.0 0.319734 0.111271 0.022189 0.035449
0.0 0.360077 0.216015 0.033847 0.049317
0.0 0.722879 0.431796 0.025439 0.023965
0.0 0.748838 0.387074 0.015732 0.031202
0.0 0.643534 0.310800 0.016208 0.025785
0.0 0.683881 0.274702 0.015472 0.026522
0.0 0.520546 0.327437 0.012915 0.022492
0.0 0.443197 0.142390 0.013608 0.020975
0.0 0.816708 0.207752 0.019459 0.028299
0.0 0.813719 0.148901 0.013998 0.013998
0.0 0.669714 0.149504 0.016208 0.025785
0.0 0.820945 0.539749 0.017812 0.026652
0.0 0.617309 0.557380 0.010055 0.026998
