0.0 0.607701 0.793396 0.075466 0.114095
0.0 0.224842 0.936829 0.094293 0.121333
0.0 0.730284 0.871318 0.056156 0.063109
0.0 0.943881 0.843990 0.037451 0.066808
0.0 0.908214 0.677961 0.042902 0.065306
0.0 0.863867 0.661063 0.040515 0.061374
0.0 0.699038 0.588143 0.018930 0.016613
0.0 0.721616 0.454010 0.023833 0.036194
0.0 0.538960 0.580123 0.077611 0.096153
0.0 0.616373 0.503630 0.082057 0.074331
0.0 0.571742 0.371098 0.024192 0.139304
0.0 0.516816 0.392367 0.039687 0.127759
0.0 0.477838 0.313806 0.039777 0.065272
0.0 0.384344 0.290115 0.034736 0.033190
0.0 0.169074 0.188510 0.259642 0.377020
0.0 0.229533 0.229806 0.025422 0.038555
0.0 0.069136 0.250691 0.036937 0.091017
0.0 0.051887 0.680214 0.040403 0.051219
0.0 0.086149 0.407920 0.046156 0.077059
0.0 0.551052 0.122416 0.044378 0.057511
0.0 0.726688 0.207175 0.068794 0.075747
0.0 0.907298 0.124792 0.051538 0.069307
