0.0 0.825781 0.246094 0.013281 0.028906
0.0 0.768750 0.200000 0.033594 0.061719
0.0 0.635938 0.235938 0.073438 0.086719
0.0 0.546094 0.443750 0.096094 0.071875
0.0 0.632812 0.500781 0.104688 0.064844
0.0 0.577344 0.608594 0.035937 0.137500
0.0 0.516406 0.592188 0.051563 0.099219
0.0 0.777344 0.745313 0.080469 0.055469
0.0 0.566406 0.807031 0.078906 0.080469
0.0 0.474219 0.657031 0.026562 0.064062
0.0 0.357031 0.669531 0.042187 0.056250
0.0 0.757812 0.534375 0.042188 0.059375
0.0 0.735938 0.429688 0.031250 0.047656
0.0 0.178125 0.715625 0.037500 0.056250
0.0 0.339844 0.207813 0.028125 0.056250
0.0 0.726562 0.684375 0.035937 0.049219
0.0 0.794531 0.459375 0.017188 0.035937
0.0 0.714844 0.500781 0.030469 0.038281
0.0 0.678125 0.805469 0.010156 0.018750
0.0 0.639062 0.781250 0.021094 0.025000
0.0 0.779687 0.839844 0.025781 0.024219
0.0 0.639062 0.906250 0.019531 0.039844
0.0 0.605469 0.888281 0.023438 0.053906
0.0 0.207031 0.845312 0.094531 0.152344
0.0 0.340625 0.776563 0.032031 0.043750
0.0 0.367188 0.887500 0.028125 0.039844
0.0 0.292188 0.889063 0.023438 0.049219
0.0 0.214063 0.335938 0.057812 0.048437
0.0 0.196094 0.588281 0.032812 0.049219
0.0 0.642969 0.603125 0.019531 0.026562
0.0 0.617188 0.451562 0.010156 0.016406
0.0 0.716406 0.583594 0.031250 0.017969
0.0 0.407031 0.250000 0.012500 0.027344
0.0 0.628906 0.698438 0.018750 0.016406
0.0 0.646875 0.856250 0.014063 0.026562
0.0 0.194531 0.132031 0.058594 0.084375
