0.0 0.451344 0.430908 0.082998 0.102023
0.0 0.376041 0.511765 0.090970 0.078032
0.0 0.286035 0.414814 0.035120 0.060995
0.0 0.245186 0.131390 0.030895 0.048399
0.0 0.372383 0.185189 0.056184 0.091192
0.0 0.754702 0.042200 0.037460 0.084401
0.0 0.445820 0.887448 0.068321 0.077453
0.0 0.382442 0.853901 0.017040 0.025411
0.0 0.264214 0.814721 0.072468 0.056486
0.0 0.261822 0.935134 0.021945 0.034122
0.0 0.245124 0.893360 0.017821 0.025431
0.0 0.415413 0.980695 0.025249 0.038609
0.0 0.380331 0.954769 0.016458 0.033201
0.0 0.623999 0.979019 0.033700 0.035983
0.0 0.579325 0.943430 0.023547 0.035724
0.0 0.526157 0.697834 0.033156 0.075774
0.0 0.629668 0.711600 0.027891 0.053005
0.0 0.766866 0.912066 0.069536 0.155533
0.0 0.784499 0.776415 0.018100 0.036365
0.0 0.771537 0.605596 0.033159 0.045335
0.0 0.632979 0.137890 0.033880 0.043012
0.0 0.750235 0.291976 0.054383 0.081780
0.0 0.325544 0.676390 0.023066 0.047419
0.0 0.305063 0.608923 0.026831 0.042051
0.0 0.263735 0.551366 0.026509 0.059994
0.0 0.308656 0.504891 0.023407 0.030257
0.0 0.236228 0.453599 0.020663 0.045016
0.0 0.305213 0.737086 0.035020 0.057090
0.0 0.428378 0.633123 0.024780 0.145023
0.0 0.488195 0.619090 0.052656 0.136370
0.0 0.650323 0.847054 0.034920 0.053185
0.0 0.357714 0.803735 0.021726 0.025531
0.0 0.392382 0.753614 0.020164 0.025491
0.0 0.696591 0.975601 0.022866 0.039609
0.0 0.288116 0.679691 0.018260 0.042613
0.0 0.393830 0.443319 0.016199 0.023048
0.0 0.353582 0.886680 0.010150 0.030698
0.0 0.327390 0.870938 0.014577 0.020665
0.0 0.497660 0.714192 0.012533 0.032320
3.0 0.690308 0.424019 0.174728 0.179295
