0.0 0.150635 0.180881 0.007477 0.010862
0.0 0.331982 0.831504 0.011364 0.017455
0.0 0.363160 0.902394 0.014278 0.022400
0.0 0.293460 0.862059 0.008056 0.009410
0.0 0.312520 0.935350 0.010490 0.016582
0.0 0.350269 0.960610 0.012521 0.014551
0.0 0.334975 0.950796 0.005633 0.008340
0.0 0.342584 0.977748 0.009126 0.011833
0.0 0.290961 0.962542 0.009213 0.006506
0.0 0.370801 0.854537 0.007587 0.017739
0.0 0.401834 0.783658 0.007772 0.013187
0.0 0.352984 0.734154 0.012226 0.012226
0.0 0.312114 0.777011 0.010294 0.015031
0.0 0.310397 0.479906 0.013012 0.018426
0.0 0.301194 0.477952 0.005534 0.007565
0.0 0.333747 0.537990 0.005534 0.007565
0.0 0.334554 0.463280 0.008154 0.010185
0.0 0.293708 0.661278 0.007576 0.011637
0.0 0.263416 0.639326 0.008067 0.015512
0.0 0.284057 0.582092 0.006320 0.013765
0.0 0.299089 0.575335 0.005447 0.012892
