0.0 0.898948 0.452269 0.040433 0.102683
0.0 0.986131 0.479561 0.027739 0.060099
0.0 0.885097 0.564135 0.054952 0.047628
0.0 0.862378 0.795995 0.059027 0.089053
0.0 0.657818 0.839118 0.126509 0.163859
0.0 0.731281 0.763754 0.030425 0.053128
0.0 0.566039 0.919630 0.045126 0.064900
0.0 0.523204 0.890412 0.027516 0.043628
0.0 0.483013 0.869181 0.006197 0.025239
0.0 0.447053 0.842729 0.055975 0.077214
0.0 0.479350 0.775035 0.026120 0.033443
0.0 0.548935 0.711957 0.029639 0.027442
0.0 0.576634 0.694076 0.019149 0.033796
0.0 0.529716 0.641911 0.037687 0.083093
0.0 0.498314 0.630607 0.027822 0.035878
0.0 0.434491 0.611852 0.021794 0.026188
0.0 0.518350 0.545730 0.020471 0.029992
0.0 0.465831 0.495573 0.087166 0.168457
0.0 0.368980 0.543685 0.017732 0.036040
0.0 0.353192 0.455845 0.025224 0.044266
0.0 0.324760 0.472899 0.014138 0.028053
0.0 0.437111 0.337286 0.028649 0.036705
0.0 0.465298 0.259949 0.013500 0.030345
0.0 0.476416 0.118184 0.118778 0.236367
0.0 0.289198 0.272713 0.041206 0.077092
0.0 0.356011 0.332351 0.034514 0.056485
0.0 0.383772 0.352042 0.026147 0.046652
0.0 0.373107 0.385832 0.014870 0.027320
0.0 0.342169 0.212539 0.051418 0.091698
0.0 0.296980 0.144825 0.027917 0.037437
0.0 0.303299 0.105292 0.026615 0.028812
0.0 0.183154 0.035530 0.037070 0.071060
0.0 0.119216 0.016434 0.026716 0.032868
0.0 0.079493 0.008478 0.043038 0.016957
0.0 0.077542 0.149474 0.019359 0.024486
0.0 0.574818 0.775365 0.027421 0.042069
0.0 0.598705 0.601495 0.018179 0.030629
0.0 0.628840 0.672206 0.015908 0.018837
0.0 0.648592 0.592008 0.016999 0.036773
