0.0 0.568338 0.474249 0.080371 0.097475
0.0 0.533157 0.286006 0.070045 0.158986
0.0 0.692363 0.949734 0.089103 0.100532
0.0 0.338094 0.272394 0.063761 0.099337
0.0 0.465580 0.425130 0.083538 0.130745
0.0 0.589159 0.371293 0.091586 0.075850
0.0 0.608281 0.548984 0.059275 0.074326
0.0 0.190140 0.938540 0.057716 0.061137
1.0 0.416893 0.837107 0.127295 0.287389
0.0 0.592299 0.737474 0.031062 0.055692
0.0 0.782578 0.298962 0.018042 0.029673
0.0 0.783270 0.372993 0.018042 0.029673
0.0 0.726873 0.430836 0.049520 0.095359
0.0 0.773486 0.056375 0.018359 0.025885
0.0 0.722993 0.084235 0.053689 0.124157
0.0 0.570277 0.085068 0.034892 0.049259
0.0 0.525849 0.034976 0.024249 0.030406
0.0 0.491846 0.123000 0.025575 0.035153
0.0 0.339123 0.050670 0.036035 0.052455
0.0 0.665305 0.166313 0.032339 0.053548
0.0 0.505954 0.979631 0.031422 0.040739
0.0 0.265785 0.731141 0.032614 0.055875
0.0 0.721188 0.305868 0.016949 0.033369
0.0 0.788256 0.091161 0.019551 0.035971
0.0 0.540294 0.165700 0.017767 0.027345
0.0 0.744838 0.724820 0.017174 0.028805
0.0 0.733454 0.847771 0.015073 0.023967
0.0 0.750818 0.374664 0.017809 0.021230
0.0 0.697298 0.255056 0.016215 0.027162
0.0 0.664543 0.312547 0.016124 0.026386
