0.0 0.283072 0.113161 0.055752 0.132208
0.0 0.333529 0.180225 0.035673 0.064925
0.0 0.415829 0.389553 0.087434 0.055522
0.0 0.529675 0.419299 0.069884 0.141020
0.0 0.643687 0.270722 0.056924 0.102798
0.0 0.642571 0.072067 0.038936 0.039601
0.0 0.497129 0.143014 0.029846 0.050456
0.0 0.468833 0.300837 0.055173 0.144260
0.0 0.809330 0.921180 0.066800 0.086745
0.0 0.504880 0.949798 0.034162 0.048788
0.0 0.421594 0.982860 0.037583 0.034281
0.0 0.335030 0.947696 0.127265 0.104608
0.0 0.292889 0.833659 0.022896 0.044170
0.0 0.273679 0.725121 0.032917 0.061505
0.0 0.346728 0.767706 0.029979 0.040616
0.0 0.202376 0.335946 0.022049 0.027368
0.0 0.222056 0.380514 0.023040 0.029024
0.0 0.231593 0.313691 0.020043 0.034669
0.0 0.261860 0.265254 0.020393 0.026377
0.0 0.288370 0.319118 0.017407 0.026715
0.0 0.281615 0.428152 0.054785 0.119938
0.0 0.188386 0.113066 0.012765 0.026062
0.0 0.218751 0.121418 0.019813 0.038428
0.0 0.403441 0.548294 0.043542 0.056174
0.0 0.437287 0.480418 0.083687 0.098978
0.0 0.418651 0.718143 0.032917 0.061505
0.0 0.423838 0.109931 0.041233 0.050541
0.0 0.465710 0.059861 0.023028 0.034330
0.0 0.361428 0.154211 0.018193 0.021517
0.0 0.399723 0.174071 0.023778 0.045053
0.0 0.454966 0.174190 0.024213 0.048147
0.0 0.610258 0.005233 0.048679 0.010467
0.0 0.722401 0.706980 0.032143 0.061396
0.0 0.663414 0.904622 0.052065 0.100598
0.0 0.281583 0.646693 0.022690 0.037316
0.0 0.308254 0.269774 0.014542 0.022520
0.0 0.340289 0.323650 0.018931 0.037546
0.0 0.538830 0.020915 0.025434 0.041830
0.0 0.505255 0.318594 0.014107 0.019426
0.0 0.311239 0.879993 0.025084 0.054336
