0.0 0.245313 0.701562 0.067188 0.117188
0.0 0.167188 0.696875 0.071875 0.200000
0.0 0.100000 0.293750 0.081250 0.260938
0.0 0.018750 0.492969 0.036719 0.152344
0.0 0.050781 0.169531 0.030469 0.075000
0.0 0.167188 0.323438 0.071094 0.127344
0.0 0.568750 0.714844 0.045313 0.119531
0.0 0.470312 0.700781 0.043750 0.133594
0.0 0.615625 0.407812 0.042969 0.185156
0.0 0.021094 0.718750 0.042187 0.134375
0.0 0.447656 0.492188 0.037500 0.142969
0.0 0.632812 0.269531 0.036719 0.119531
0.0 0.543750 0.128906 0.025781 0.185938
0.0 0.409375 0.659375 0.041406 0.109375
0.0 0.141406 0.561719 0.082031 0.159375
0.0 0.376562 0.517187 0.032031 0.103125
0.0 0.459375 0.206250 0.029688 0.098438
0.0 0.534375 0.421875 0.044531 0.175000
0.0 0.402344 0.189844 0.042187 0.113281
