0.0 0.643750 0.533594 0.064844 0.185938
0.0 0.715625 0.521875 0.038281 0.196875
0.0 0.932812 0.283594 0.096094 0.098437
0.0 0.696875 0.177344 0.089844 0.107812
0.0 0.773437 0.681250 0.111719 0.121094
0.0 0.917187 0.635156 0.037500 0.095312
0.0 0.889063 0.800781 0.030469 0.060938
0.0 0.676562 0.781250 0.100781 0.140625
0.0 0.954687 0.750000 0.028125 0.072656
0.0 0.874219 0.396875 0.045312 0.074219
0.0 0.463281 0.410937 0.042187 0.078906
0.0 0.594531 0.432031 0.042188 0.114062
0.0 0.262500 0.330469 0.038281 0.067187
