0.0 0.753906 0.700781 0.067187 0.117188
0.0 0.832813 0.696875 0.071875 0.200000
0.0 0.900000 0.292969 0.081250 0.260937
0.0 0.981250 0.492188 0.036719 0.152344
0.0 0.948438 0.168750 0.030469 0.075000
0.0 0.832813 0.323438 0.071094 0.127344
0.0 0.430469 0.715625 0.045313 0.119531
0.0 0.529687 0.700000 0.043750 0.133594
0.0 0.384375 0.407812 0.042969 0.185156
0.0 0.978906 0.718750 0.042188 0.134375
0.0 0.551562 0.492188 0.037500 0.142969
0.0 0.367188 0.270312 0.036719 0.119531
0.0 0.456250 0.128906 0.025781 0.185938
0.0 0.590625 0.659375 0.041406 0.109375
0.0 0.859375 0.560937 0.082031 0.159375
0.0 0.623437 0.517187 0.032031 0.103125
0.0 0.539844 0.205469 0.029688 0.098438
0.0 0.465625 0.421875 0.044531 0.175000
0.0 0.597656 0.190625 0.042188 0.113281
