0.0 0.753181 0.044454 0.044877 0.088907
0.0 0.629391 0.140248 0.044110 0.057117
0.0 0.373897 0.179855 0.059510 0.084758
0.0 0.454790 0.429035 0.083341 0.104765
0.0 0.379904 0.511833 0.077506 0.086688
0.0 0.426137 0.632788 0.024873 0.147292
0.0 0.485993 0.617498 0.045611 0.130539
0.0 0.525162 0.698746 0.032873 0.080310
0.0 0.626226 0.711526 0.026193 0.059093
0.0 0.446328 0.894148 0.069058 0.093542
0.0 0.329487 0.950455 0.020054 0.026175
0.0 0.376511 0.957308 0.024647 0.059842
0.0 0.413766 0.982283 0.019497 0.035433
0.0 0.577187 0.950078 0.016085 0.022971
0.0 0.626301 0.982675 0.027148 0.029443
0.0 0.688660 0.975148 0.024885 0.033301
0.0 0.264193 0.929130 0.028742 0.031037
0.0 0.263407 0.814278 0.084982 0.070445
0.0 0.351542 0.806224 0.015559 0.035452
0.0 0.383027 0.855591 0.019561 0.040219
0.0 0.304037 0.737650 0.031628 0.057642
0.0 0.261818 0.545504 0.029413 0.063843
0.0 0.284942 0.415317 0.030847 0.057626
0.0 0.234189 0.455425 0.019641 0.044124
0.0 0.244681 0.127798 0.027707 0.056781
0.0 0.765494 0.605531 0.037973 0.062457
0.0 0.750513 0.293272 0.052320 0.076804
0.0 0.760103 0.915081 0.082148 0.160955
0.0 0.648453 0.843130 0.026942 0.057546
0.0 0.288873 0.645753 0.026194 0.097350
0.0 0.388793 0.755452 0.014667 0.029969
0.0 0.302481 0.508728 0.028806 0.034162
0.0 0.456441 0.662643 0.015735 0.044044
0.0 0.497363 0.714943 0.008354 0.026717
0.0 0.247888 0.972441 0.028630 0.025570
0.0 0.468036 0.809312 0.020086 0.027737
0.0 0.346270 0.892288 0.019433 0.033970
1.0 0.688287 0.421915 0.168707 0.193955
