0.0 0.652344 0.696094 0.042969 0.069531
0.0 0.503125 0.803125 0.050781 0.100781
0.0 0.167188 0.181250 0.189062 0.249219
0.0 0.193750 0.592969 0.065625 0.081250
0.0 0.124219 0.607031 0.057031 0.080469
0.0 0.819531 0.435938 0.027344 0.072656
0.0 0.847656 0.514844 0.031250 0.042187
0.0 0.899219 0.542969 0.034375 0.043750
0.0 0.660156 0.621875 0.044531 0.063281
0.0 0.583594 0.559375 0.023438 0.050781
0.0 0.546094 0.492188 0.146094 0.110937
0.0 0.798438 0.617188 0.034375 0.085938
0.0 0.849219 0.676562 0.026563 0.046875
