0.0 0.450212 0.572600 0.085175 0.099999
0.0 0.363151 0.811513 0.060285 0.100309
0.0 0.237874 0.860776 0.030045 0.055987
0.0 0.284910 0.577618 0.025168 0.051851
0.0 0.232947 0.537469 0.019003 0.037533
0.0 0.307351 0.488786 0.031605 0.040499
0.0 0.265727 0.445243 0.020058 0.058600
0.0 0.312521 0.260634 0.038746 0.058758
0.0 0.391183 0.142546 0.030160 0.027195
0.0 0.269028 0.176321 0.082519 0.062507
0.0 0.270833 0.062206 0.017130 0.031212
0.0 0.256434 0.099814 0.021538 0.025985
0.0 0.459422 0.107635 0.068397 0.075809
0.0 0.530331 0.300486 0.045654 0.087901
0.0 0.486317 0.382762 0.066256 0.126292
0.0 0.634655 0.294761 0.029967 0.054426
0.0 0.744285 0.714051 0.057708 0.079944
0.0 0.744887 0.960831 0.044288 0.078339
0.0 0.431114 0.360442 0.035750 0.154340
0.0 0.380970 0.486998 0.094109 0.091885
0.0 0.771427 0.406430 0.035546 0.057041
1.0 0.686049 0.580502 0.173705 0.189270
0.0 0.623875 0.869159 0.036208 0.039173
0.0 0.772937 0.095178 0.075311 0.167218
0.0 0.789779 0.227437 0.017364 0.035894
0.0 0.704044 0.033843 0.022710 0.049393
0.0 0.640257 0.026736 0.034023 0.042177
0.0 0.591956 0.054042 0.014984 0.034996
0.0 0.430325 0.019270 0.020837 0.038540
0.0 0.392519 0.037794 0.013150 0.029456
0.0 0.362083 0.098848 0.021383 0.038430
0.0 0.395700 0.239769 0.029575 0.031057
0.0 0.654252 0.153376 0.042450 0.039485
0.0 0.290161 0.316617 0.017247 0.033553
0.0 0.306424 0.382356 0.024582 0.040147
0.0 0.376495 0.357706 0.019510 0.032110
0.0 0.345234 0.044813 0.011940 0.020834
0.0 0.365118 0.194432 0.011979 0.021614
0.0 0.256597 0.019857 0.024699 0.039714
0.0 0.388767 0.549967 0.017871 0.030471
