0.0 0.840881 0.883579 0.066710 0.085717
0.0 0.714420 0.113173 0.036503 0.043543
0.0 0.492844 0.102021 0.026693 0.029509
0.0 0.528371 0.178696 0.023764 0.039251
0.0 0.401856 0.400231 0.105831 0.059370
0.0 0.258546 0.147010 0.053920 0.121500
0.0 0.199630 0.129842 0.022027 0.029066
0.0 0.196503 0.072067 0.027914 0.034249
0.0 0.179437 0.156871 0.014136 0.035254
0.0 0.231113 0.436835 0.060443 0.109016
0.0 0.316702 0.222322 0.042685 0.051837
0.0 0.468438 0.208710 0.023764 0.039251
0.0 0.435534 0.151406 0.045870 0.052910
0.0 0.496535 0.033397 0.017360 0.028624
0.0 0.538355 0.432795 0.077394 0.141455
0.0 0.417530 0.482713 0.097304 0.083225
0.0 0.372510 0.545841 0.055425 0.056129
0.0 0.699243 0.300601 0.067153 0.090384
0.0 0.320857 0.921126 0.255194 0.157748
0.0 0.360000 0.943331 0.036242 0.048913
0.0 0.462971 0.903740 0.036463 0.051247
0.0 0.205393 0.802619 0.030281 0.042952
0.0 0.191984 0.702657 0.025501 0.049436
0.0 0.284486 0.734688 0.031093 0.051508
0.0 0.376863 0.699241 0.039205 0.047653
0.0 0.670303 0.872297 0.048339 0.087057
3.0 0.573487 0.786527 0.131098 0.244436
0.0 0.760064 0.693487 0.031019 0.050730
0.0 0.209192 0.635889 0.024508 0.030843
0.0 0.164725 0.390555 0.035873 0.045025
0.0 0.179412 0.330305 0.020766 0.032030
0.0 0.246924 0.338809 0.026546 0.027954
0.0 0.660778 0.052343 0.022135 0.038326
0.0 0.585614 0.010121 0.022248 0.020241
0.0 0.197071 0.036699 0.024400 0.021584
0.0 0.296067 0.029660 0.018621 0.025660
0.0 0.524833 0.339907 0.019103 0.022623
0.0 0.313141 0.341944 0.020619 0.030474
0.0 0.278086 0.295045 0.014806 0.026069
0.0 0.403623 0.220353 0.019466 0.042697
0.0 0.356674 0.188709 0.014772 0.017587
