0.0 0.674293 0.706311 0.066012 0.092089
0.0 0.401396 0.588334 0.097144 0.056439
0.0 0.422966 0.514372 0.085627 0.076087
0.0 0.461550 0.675699 0.071827 0.134156
0.0 0.537427 0.567559 0.078891 0.118960
0.0 0.380921 0.446011 0.058221 0.060129
0.0 0.357620 0.084528 0.265652 0.169055
0.0 0.399554 0.069425 0.039014 0.044102
0.0 0.496210 0.115554 0.033926 0.049190
0.0 0.400135 0.303446 0.037305 0.055749
0.0 0.672988 0.878155 0.039682 0.047951
0.0 0.504712 0.806104 0.030413 0.041861
0.0 0.247935 0.809869 0.056804 0.112137
0.0 0.417238 0.825799 0.040922 0.042194
0.0 0.467378 0.874949 0.024660 0.025932
0.0 0.246107 0.532812 0.052594 0.079307
0.0 0.150245 0.614486 0.020811 0.025264
0.0 0.166670 0.579277 0.016930 0.020110
0.0 0.182364 0.575660 0.018770 0.026402
0.0 0.219477 0.576556 0.017700 0.020244
0.0 0.221338 0.679963 0.015257 0.019073
0.0 0.251683 0.637657 0.017097 0.025365
0.0 0.186459 0.634256 0.015926 0.022922
0.0 0.174912 0.801149 0.020710 0.028978
0.0 0.181688 0.880828 0.026969 0.026333
0.0 0.192320 0.828754 0.014889 0.021249
0.0 0.182833 0.919881 0.022752 0.027840
0.0 0.096024 0.917489 0.017566 0.019474
0.0 0.276104 0.935291 0.020277 0.022185
0.0 0.313289 0.963160 0.017465 0.023189
0.0 0.621800 0.944593 0.017331 0.022420
0.0 0.540888 0.981287 0.017866 0.025498
0.0 0.463844 0.940943 0.019641 0.022821
0.0 0.451427 0.765923 0.019005 0.023457
0.0 0.311641 0.753535 0.031584 0.044304
0.0 0.228057 0.298928 0.016829 0.023825
0.0 0.319076 0.267955 0.031049 0.041225
0.0 0.246744 0.195919 0.022351 0.025531
0.0 0.270396 0.155622 0.018903 0.027172
0.0 0.222430 0.276541 0.013851 0.019576
0.0 0.855367 0.166049 0.077225 0.083586
0.0 0.793938 0.058638 0.037778 0.032690
0.0 0.757583 0.340957 0.035299 0.044203
0.0 0.713893 0.419006 0.024526 0.025162
0.0 0.238844 0.355516 0.019774 0.023590
0.0 0.557342 0.923088 0.014621 0.019709
0.0 0.315266 0.636808 0.014921 0.025733
0.0 0.362523 0.488013 0.015391 0.019843
