0.0 0.482209 0.378601 0.313224 0.372564
0.0 0.817355 0.612807 0.155177 0.247256
0.0 0.548427 0.640524 0.131715 0.135125
0.0 0.719683 0.768594 0.071110 0.107942
0.0 0.913554 0.888427 0.071029 0.126276
0.0 0.832464 0.255300 0.063623 0.090223
0.0 0.147609 0.175018 0.086031 0.155602
0.0 0.477977 0.865423 0.051508 0.065832
0.0 0.491423 0.781176 0.032613 0.061260
0.0 0.447704 0.627493 0.040891 0.053850
0.0 0.619525 0.916811 0.067489 0.071581
0.0 0.697493 0.049671 0.042349 0.053262
0.0 0.619852 0.034545 0.046332 0.069089
0.0 0.581592 0.028723 0.040677 0.057446
0.0 0.700951 0.326247 0.058555 0.073561
0.0 0.542855 0.763955 0.070576 0.097177
0.0 0.669723 0.961118 0.044021 0.048113
0.0 0.668205 0.863724 0.032106 0.044383
0.0 0.768998 0.838189 0.044500 0.071101
0.0 0.651084 0.721784 0.030648 0.044971
