0.0 0.095887 0.931277 0.067164 0.113399
0.0 0.272340 0.815810 0.074682 0.078295
0.0 0.470603 0.892234 0.071070 0.081907
0.0 0.867465 0.784505 0.265069 0.395431
0.0 0.534236 0.701169 0.034123 0.085416
0.0 0.646949 0.700010 0.057695 0.068532
0.0 0.800598 0.755401 0.040723 0.069621
0.0 0.968948 0.725546 0.062105 0.137002
0.0 0.490762 0.620521 0.062788 0.127807
0.0 0.436405 0.637796 0.039969 0.165672
0.0 0.372668 0.515541 0.089260 0.076256
0.0 0.452460 0.417297 0.092268 0.117553
0.0 0.097921 0.356956 0.040414 0.086649
0.0 0.049271 0.355799 0.047524 0.077867
0.0 0.005565 0.158443 0.011129 0.061261
0.0 0.349977 0.171750 0.079987 0.129834
0.0 0.229255 0.138244 0.041575 0.081308
0.0 0.739984 0.051567 0.064005 0.103134
0.0 0.955279 0.276492 0.042297 0.080586
0.0 0.092989 0.730175 0.065151 0.107052
1.0 0.683724 0.409069 0.169783 0.192179
0.0 0.265186 0.556269 0.031389 0.079791
0.0 0.283506 0.442137 0.034985 0.065327
0.0 0.945265 0.558433 0.057726 0.090235
