0.0 0.110156 0.597656 0.027344 0.026563
0.0 0.173438 0.527344 0.022656 0.039062
0.0 0.181250 0.553125 0.017188 0.014844
0.0 0.159375 0.611719 0.055469 0.057813
0.0 0.193750 0.603906 0.010938 0.026563
0.0 0.226563 0.664844 0.076563 0.065625
0.0 0.190625 0.464063 0.032813 0.046094
0.0 0.377344 0.540625 0.022656 0.026563
0.0 0.528906 0.685937 0.025000 0.018750
0.0 0.398438 0.721875 0.020312 0.017969
0.0 0.528906 0.656250 0.030469 0.030469
0.0 0.357031 0.750781 0.014063 0.017188
0.0 0.428125 0.753125 0.027344 0.003125
0.0 0.468750 0.543750 0.037500 0.032812
0.0 0.623438 0.567969 0.014063 0.021094
0.0 0.696875 0.715625 0.058594 0.073438
0.0 0.642969 0.733594 0.028906 0.027344
0.0 0.610156 0.753125 0.017969 0.021094
0.0 0.553125 0.694531 0.012500 0.003906
0.0 0.581250 0.704688 0.011719 0.008594
0.0 0.570312 0.674219 0.017969 0.012500
0.0 0.630469 0.662500 0.018750 0.028125
0.0 0.747656 0.617969 0.007812 0.014844
0.0 0.752344 0.594531 0.017969 0.016406
0.0 0.746875 0.564844 0.007031 0.012500
0.0 0.741406 0.489844 0.021875 0.024219
0.0 0.789062 0.592969 0.007812 0.008594
0.0 0.819531 0.596875 0.031250 0.025781
0.0 0.845312 0.607031 0.009375 0.010156
0.0 0.817187 0.567187 0.033594 0.026563
0.0 0.800781 0.530469 0.051563 0.039844
0.0 0.904688 0.607031 0.016406 0.017969
0.0 0.872656 0.588281 0.018750 0.020312
0.0 0.865625 0.569531 0.016406 0.013281
0.0 0.878125 0.553906 0.016406 0.011719
0.0 0.894531 0.532813 0.009375 0.023438
0.0 0.886719 0.508594 0.029688 0.023438
0.0 0.821875 0.485937 0.007812 0.011719
0.0 0.830469 0.457031 0.019531 0.019531
0.0 0.931250 0.403906 0.010937 0.013281
0.0 0.925781 0.448438 0.017969 0.021875
0.0 0.903906 0.476562 0.025781 0.036719
0.0 0.965625 0.462500 0.047656 0.043750
0.0 0.973437 0.340625 0.028125 0.019531
0.0 0.562500 0.703125 0.019531 0.013281
