0.0 0.483027 0.620728 0.326789 0.382646
0.0 0.227231 0.302422 0.164817 0.251493
0.0 0.493858 0.351655 0.136416 0.139626
0.0 0.365705 0.179786 0.075278 0.109948
0.0 0.211736 0.037384 0.076052 0.074768
0.0 0.112228 0.640449 0.067056 0.092095
0.0 0.747433 0.911165 0.092239 0.157727
0.0 0.623995 0.155552 0.053952 0.067435
0.0 0.587379 0.232608 0.035072 0.062037
0.0 0.585299 0.392255 0.042905 0.055103
0.0 0.502765 0.065627 0.070006 0.073859
0.0 0.183730 0.876527 0.044317 0.054590
0.0 0.253208 0.915839 0.049201 0.074883
0.0 0.289810 0.929074 0.042905 0.059599
0.0 0.258393 0.609390 0.061273 0.075398
0.0 0.532408 0.234526 0.074249 0.099289
0.0 0.466811 0.017849 0.045858 0.035699
0.0 0.440981 0.103635 0.033785 0.045341
0.0 0.337205 0.098995 0.047274 0.072314
0.0 0.416685 0.244526 0.032372 0.045855
