0.0 0.358230 0.822070 0.013119 0.021087
0.0 0.425015 0.619237 0.022486 0.131859
0.0 0.305545 0.403261 0.017061 0.032997
0.0 0.253195 0.434811 0.014669 0.032052
0.0 0.285272 0.646186 0.011561 0.020977
0.0 0.324748 0.852602 0.008618 0.012240
0.0 0.172348 0.082152 0.008278 0.018419
0.0 0.153987 0.220265 0.011836 0.024874
0.0 0.205204 0.293583 0.013569 0.016466
0.0 0.245468 0.189126 0.015787 0.025928
0.0 0.163864 0.635270 0.012340 0.021032
0.0 0.175326 0.694819 0.011506 0.020198
0.0 0.307760 0.582768 0.024919 0.023470
0.0 0.316697 0.489416 0.018630 0.022251
0.0 0.344799 0.546222 0.009232 0.009957
0.0 0.223941 0.849405 0.010287 0.013908
0.0 0.338314 0.771324 0.012569 0.013294
0.0 0.373456 0.728378 0.011735 0.012460
0.0 0.088383 0.694949 0.009342 0.011515
0.0 0.004192 0.687232 0.008384 0.016521
0.0 0.043579 0.763842 0.013404 0.014128
0.0 0.211268 0.418538 0.010561 0.017805
0.0 0.204842 0.454112 0.010287 0.013908
0.0 0.071505 0.423557 0.009617 0.015412
0.0 0.101349 0.433495 0.005556 0.012799
0.0 0.146059 0.965304 0.010781 0.020922
0.0 0.014867 0.904357 0.008783 0.014578
0.0 0.021995 0.392652 0.010772 0.031777
0.0 0.043073 0.371427 0.006610 0.016751
0.0 0.048661 0.203434 0.015988 0.050756
0.0 0.075305 0.247607 0.008773 0.025433
