1.0 0.679361 0.598957 0.183951 0.184625
0.0 0.052293 0.931805 0.022895 0.029634
0.0 0.019178 0.922321 0.038356 0.037878
0.0 0.004041 0.803638 0.008082 0.039661
0.0 0.092742 0.923673 0.031743 0.056680
0.0 0.716289 0.969546 0.075788 0.060908
0.0 0.794898 0.885784 0.037802 0.068131
0.0 0.592802 0.876834 0.031038 0.051257
0.0 0.724141 0.733197 0.072022 0.079436
0.0 0.938671 0.755582 0.030162 0.050382
0.0 0.871761 0.531015 0.040870 0.062437
0.0 0.779635 0.427646 0.029085 0.047957
0.0 0.866105 0.247743 0.267790 0.423238
0.0 0.815412 0.267643 0.025785 0.046004
0.0 0.979669 0.309479 0.040663 0.111950
0.0 0.649006 0.311391 0.032316 0.055231
0.0 0.941427 0.473898 0.044000 0.068937
0.0 0.544254 0.311162 0.041606 0.073957
0.0 0.498541 0.383999 0.062604 0.130001
0.0 0.441445 0.368696 0.045584 0.151398
0.0 0.380320 0.481284 0.090848 0.089500
0.0 0.446842 0.569506 0.092221 0.111766
0.0 0.275735 0.564586 0.024507 0.042030
0.0 0.337129 0.807343 0.068816 0.095774
0.0 0.304769 0.474610 0.029124 0.036537
0.0 0.268343 0.433633 0.031302 0.065001
0.0 0.293032 0.165043 0.082264 0.076198
0.0 0.103536 0.253058 0.062448 0.099516
0.0 0.040512 0.240923 0.025212 0.047453
0.0 0.327890 0.248359 0.039421 0.063010
0.0 0.674500 0.036603 0.031649 0.038389
0.0 0.739445 0.052140 0.028141 0.052404
0.0 0.468291 0.021413 0.024267 0.042826
0.0 0.133536 0.046609 0.040227 0.069208
0.0 0.109721 0.045547 0.035634 0.091094
0.0 0.085506 0.137266 0.033935 0.050111
0.0 0.134981 0.126368 0.020299 0.033105
0.0 0.283770 0.078753 0.017572 0.029704
0.0 0.250186 0.070446 0.023562 0.046477
0.0 0.219909 0.079114 0.022422 0.031858
0.0 0.302892 0.052878 0.028349 0.036437
0.0 0.208645 0.844206 0.030527 0.064900
0.0 0.168773 0.775207 0.017673 0.030478
0.0 0.228564 0.521423 0.016488 0.044795
0.0 0.122427 0.507620 0.031146 0.034515
0.0 0.103920 0.468186 0.025080 0.040581
0.0 0.049247 0.628095 0.042343 0.085477
0.0 0.090937 0.604367 0.054971 0.094736
0.0 0.005565 0.676413 0.011129 0.046345
0.0 0.416432 0.136972 0.019695 0.028457
0.0 0.486918 0.109899 0.077949 0.084015
0.0 0.681962 0.173080 0.031007 0.045160
0.0 0.183366 0.529726 0.036228 0.044316
0.0 0.199255 0.237932 0.025118 0.029162
0.0 0.315744 0.372044 0.030301 0.039737
0.0 0.185342 0.678095 0.012823 0.028324
0.0 0.148148 0.655138 0.017200 0.032702
0.0 0.415358 0.236099 0.022252 0.036405
0.0 0.424913 0.029355 0.023631 0.041154
