0.0 0.425585 0.381044 0.023929 0.128780
0.0 0.478139 0.385167 0.065797 0.123465
0.0 0.460919 0.577429 0.081155 0.117853
0.0 0.390525 0.499751 0.093876 0.085638
0.0 0.254784 0.218303 0.063326 0.062577
0.0 0.063776 0.154901 0.027565 0.045540
0.0 0.086961 0.128940 0.030477 0.059686
0.0 0.064312 0.110312 0.014822 0.038788
0.0 0.101084 0.688984 0.030679 0.083853
0.0 0.138573 0.668698 0.040404 0.054633
0.0 0.064369 0.863272 0.045171 0.037682
0.0 0.283193 0.860649 0.028473 0.048694
0.0 0.398479 0.811403 0.052156 0.075372
1.0 0.602476 0.655348 0.287916 0.277431
0.0 0.512726 0.312611 0.032197 0.063652
0.0 0.431189 0.133739 0.044433 0.057914
0.0 0.608856 0.292291 0.026068 0.047038
0.0 0.823531 0.191261 0.263658 0.382522
0.0 0.759512 0.228318 0.026658 0.042386
0.0 0.923355 0.238872 0.048390 0.097820
0.0 0.273570 0.469311 0.020825 0.052280
0.0 0.027030 0.328409 0.022502 0.035983
0.0 0.128315 0.531501 0.017533 0.028767
0.0 0.152937 0.560214 0.026900 0.029147
0.0 0.303458 0.589291 0.018440 0.031921
0.0 0.749358 0.382763 0.029876 0.044854
0.0 0.951641 0.666202 0.028441 0.047913
0.0 0.774462 0.924378 0.053391 0.105816
