1.0 0.496750 0.155355 0.141811 0.310710
0.0 0.753356 0.898696 0.035627 0.065308
0.0 0.519825 0.721037 0.082123 0.145627
0.0 0.703335 0.667648 0.086523 0.136913
0.0 0.590471 0.875906 0.037526 0.054782
0.0 0.517479 0.919382 0.042186 0.041495
0.0 0.372448 0.953259 0.069012 0.093483
0.0 0.288272 0.624908 0.051497 0.111551
0.0 0.380598 0.472382 0.057627 0.063149
0.0 0.441071 0.535627 0.105592 0.122158
0.0 0.353179 0.282058 0.049689 0.074538
0.0 0.695453 0.022436 0.058575 0.044873
0.0 0.218261 0.093451 0.105849 0.138292
0.0 0.441236 0.629148 0.097402 0.048393
0.0 0.557108 0.575409 0.076602 0.130443
