0.0 0.601176 0.935389 0.058610 0.101594
0.0 0.252049 0.871438 0.051794 0.059729
0.0 0.465685 0.895254 0.032301 0.029656
0.0 0.400696 0.847957 0.030663 0.039260
0.0 0.472480 0.684681 0.061571 0.148199
0.0 0.607891 0.469042 0.048406 0.078164
0.0 0.557827 0.536788 0.067990 0.098409
0.0 0.551031 0.627373 0.082254 0.050512
0.0 0.688140 0.629062 0.038578 0.078255
0.0 0.450394 0.559129 0.068295 0.142359
0.0 0.298715 0.669004 0.049861 0.088215
0.0 0.329297 0.038567 0.090321 0.077135
0.0 0.643437 0.305257 0.030572 0.049088
0.0 0.790090 0.104664 0.132796 0.148667
0.0 0.709983 0.047285 0.026360 0.040908
