3.0 0.301562 0.431250 0.165625 0.186719
0.0 0.517188 0.619531 0.059375 0.125781
0.0 0.540625 0.439062 0.083594 0.125000
0.0 0.624219 0.516406 0.092969 0.098438
0.0 0.247656 0.932813 0.068750 0.125781
0.0 0.739062 0.807813 0.075000 0.089844
0.0 0.232813 0.047656 0.035938 0.092188
0.0 0.415625 0.185156 0.014844 0.028125
0.0 0.356250 0.139062 0.029688 0.049219
0.0 0.742969 0.127344 0.026563 0.047656
0.0 0.762500 0.453906 0.016406 0.037500
0.0 0.710938 0.411719 0.021875 0.035937
0.0 0.735156 0.542188 0.025000 0.059375
0.0 0.621094 0.176563 0.056250 0.084375
0.0 0.372656 0.713281 0.026562 0.046094
0.0 0.477344 0.700000 0.027344 0.072656
0.0 0.572656 0.633594 0.021875 0.142969
0.0 0.392187 0.982813 0.016406 0.023438
0.0 0.657813 0.886719 0.012500 0.015625
0.0 0.625000 0.850781 0.014844 0.022656
0.0 0.696094 0.727344 0.026563 0.041406
0.0 0.746875 0.928125 0.017969 0.022656
0.0 0.689844 0.504687 0.014844 0.021875
0.0 0.628906 0.957031 0.019531 0.024219
0.0 0.595313 0.992969 0.013281 0.014063
0.0 0.591406 0.975000 0.012500 0.021094
0.0 0.587500 0.914844 0.015625 0.023438
0.0 0.584375 0.868750 0.010938 0.021875
0.0 0.552344 0.891406 0.053906 0.056250
0.0 0.317187 0.979688 0.015625 0.030469
0.0 0.428906 0.950000 0.011719 0.019531
0.0 0.764844 0.893750 0.013281 0.019531
0.0 0.360156 0.864062 0.014063 0.017969
0.0 0.366406 0.839063 0.010937 0.018750
0.0 0.349219 0.848437 0.012500 0.020313
0.0 0.221094 0.785156 0.007812 0.024219
0.0 0.375781 0.992969 0.014063 0.014063
0.0 0.715625 0.675000 0.011719 0.018750
0.0 0.702344 0.610937 0.014063 0.019531
0.0 0.614844 0.752344 0.017969 0.025000
