0.0 0.498438 0.330469 0.054688 0.116406
0.0 0.425000 0.470312 0.078125 0.078906
0.0 0.706250 0.330469 0.053906 0.079687
0.0 0.546094 0.440625 0.060938 0.110937
0.0 0.283594 0.909375 0.237500 0.181250
0.0 0.324219 0.907812 0.031250 0.057812
0.0 0.366406 0.677344 0.040625 0.053906
0.0 0.792188 0.887500 0.073437 0.085156
0.0 0.734375 0.154688 0.035938 0.051563
0.0 0.727344 0.705469 0.031250 0.046094
0.0 0.417969 0.395312 0.092188 0.034375
0.0 0.374219 0.532031 0.044531 0.050781
0.0 0.697656 0.618750 0.019531 0.028125
0.0 0.430469 0.882031 0.028125 0.039062
0.0 0.715625 0.985156 0.036719 0.028906
0.0 0.199219 0.757031 0.025000 0.026562
0.0 0.278906 0.702344 0.023438 0.039062
0.0 0.195312 0.653906 0.012500 0.020312
0.0 0.187500 0.675781 0.012500 0.021875
0.0 0.217969 0.599219 0.014062 0.020312
0.0 0.303906 0.152344 0.038281 0.106250
0.0 0.555469 0.200781 0.024219 0.032031
0.0 0.474219 0.164062 0.033594 0.030469
0.0 0.530469 0.127344 0.021094 0.025000
0.0 0.357031 0.217969 0.021875 0.032812
0.0 0.278906 0.323438 0.011719 0.020313
0.0 0.256250 0.276563 0.010156 0.020313
0.0 0.213281 0.313281 0.014062 0.021875
0.0 0.260938 0.030469 0.015625 0.026562
0.0 0.250781 0.070312 0.021875 0.022656
0.0 0.253125 0.125000 0.011719 0.014844
0.0 0.229687 0.147656 0.012500 0.025000
0.0 0.174219 0.019531 0.015625 0.021875
0.0 0.175000 0.328125 0.017188 0.022656
0.0 0.194531 0.369531 0.028906 0.024219
0.0 0.267969 0.382812 0.014844 0.014844
0.0 0.238281 0.378125 0.014062 0.018750
0.0 0.254687 0.424219 0.040625 0.073437
0.0 0.695312 0.088281 0.015625 0.019531
0.0 0.394531 0.013281 0.012500 0.016406
0.0 0.353125 0.034375 0.012500 0.016406
0.0 0.496094 0.232031 0.012500 0.023438
0.0 0.339844 0.336719 0.012500 0.024219
0.0 0.429688 0.211719 0.012500 0.020313
0.0 0.539844 0.059375 0.014844 0.016406
0.0 0.623438 0.037500 0.013281 0.024219
0.0 0.514844 0.057031 0.011719 0.021875
0.0 0.361719 0.489062 0.011719 0.018750
