0.0 0.548151 0.436424 0.081903 0.093256
0.0 0.498640 0.613367 0.065010 0.125112
0.0 0.617148 0.525536 0.092814 0.100828
0.0 0.137083 0.752661 0.274165 0.423651
0.0 0.550833 0.641031 0.057329 0.152157
0.0 0.651324 0.213220 0.066529 0.091906
0.0 0.981740 0.224160 0.036520 0.061113
0.0 0.774114 0.180387 0.031564 0.052934
0.0 0.925705 0.380191 0.042854 0.090936
0.0 0.886673 0.394550 0.047195 0.067230
0.0 0.989968 0.492311 0.019697 0.038396
0.0 0.870092 0.532640 0.025995 0.040019
0.0 0.855551 0.500680 0.030807 0.030807
0.0 0.753596 0.485114 0.022019 0.038714
0.0 0.709613 0.443594 0.027225 0.037910
0.0 0.715386 0.568191 0.032308 0.058352
0.0 0.197046 0.719450 0.033037 0.047061
0.0 0.034976 0.682231 0.059396 0.100799
0.0 0.236087 0.567093 0.032263 0.046955
0.0 0.144159 0.466949 0.040897 0.065606
0.0 0.354286 0.682670 0.030927 0.048290
0.0 0.453722 0.682119 0.037103 0.071161
0.0 0.676821 0.527414 0.017892 0.025238
0.0 0.688613 0.820803 0.076607 0.071265
0.0 0.566070 0.938047 0.019303 0.029988
0.0 0.548924 0.987873 0.023249 0.024254
0.0 0.524883 0.962361 0.024355 0.055742
0.0 0.529827 0.897588 0.017543 0.028227
0.0 0.500611 0.869134 0.057045 0.067062
0.0 0.571073 0.844105 0.019758 0.027772
0.0 0.321064 0.947802 0.015357 0.023371
0.0 0.267991 0.920806 0.024235 0.038259
0.0 0.374437 0.909388 0.021063 0.031748
0.0 0.323712 0.807801 0.032263 0.046955
0.0 0.338880 0.932898 0.020426 0.027104
0.0 0.678602 0.928252 0.023947 0.030625
0.0 0.761630 0.897849 0.023279 0.031293
0.0 0.733054 0.904969 0.020577 0.039276
0.0 0.697768 0.897762 0.019971 0.029320
0.0 0.859855 0.957852 0.026496 0.049201
0.0 0.866894 0.912292 0.025752 0.043783
0.0 0.841258 0.851998 0.020820 0.035512
0.0 0.876452 0.842632 0.020714 0.034738
0.0 0.839077 0.936864 0.032171 0.062890
0.0 0.867917 0.738158 0.060231 0.090282
0.0 0.933495 0.748733 0.025252 0.034601
0.0 0.801306 0.700631 0.018529 0.029882
0.0 0.777968 0.755783 0.016662 0.027347
0.0 0.656207 0.735134 0.033037 0.047061
0.0 0.812270 0.247131 0.019409 0.030762
0.0 0.832309 0.353971 0.019515 0.031536
0.0 0.954784 0.105027 0.024402 0.028409
0.0 0.998872 0.133965 0.002256 0.081784
0.0 0.968000 0.336314 0.021108 0.043146
0.0 0.995184 0.308722 0.009631 0.039033
0.0 0.925235 0.096242 0.020502 0.033190
0.0 0.906647 0.151257 0.014765 0.030125
0.0 0.887703 0.082418 0.023735 0.029077
0.0 0.799732 0.476461 0.017087 0.030443
0.0 0.935273 0.511618 0.018104 0.026786
0.0 0.464502 0.195473 0.021382 0.034070
0.0 0.413279 0.143497 0.031701 0.048396
0.0 0.302046 0.040218 0.059714 0.080437
0.0 0.222299 0.133066 0.028013 0.054725
0.0 0.083427 0.254377 0.032581 0.049277
0.0 0.860294 0.638541 0.021170 0.032522
