0.0 0.633433 0.782624 0.082845 0.118735
0.0 0.264888 0.948009 0.102087 0.103982
0.0 0.762476 0.849306 0.060183 0.066644
0.0 0.972785 0.803041 0.041796 0.069073
0.0 0.922456 0.640853 0.047126 0.067942
0.0 0.876779 0.627977 0.044484 0.063865
0.0 0.706104 0.570045 0.019975 0.017821
0.0 0.716632 0.434432 0.026174 0.037659
0.0 0.545949 0.576330 0.083777 0.101004
0.0 0.616233 0.493239 0.086741 0.079563
0.0 0.559962 0.365214 0.033455 0.140408
0.0 0.507152 0.391296 0.048116 0.129946
0.0 0.461324 0.316524 0.044011 0.067698
0.0 0.366090 0.301264 0.036834 0.035399
0.0 0.142409 0.216924 0.284299 0.397712
0.0 0.206518 0.254999 0.027915 0.040118
0.0 0.048622 0.290102 0.042910 0.093156
0.0 0.069741 0.719452 0.043691 0.053740
0.0 0.079587 0.445188 0.051157 0.079870
0.0 0.517181 0.119368 0.048073 0.060276
0.0 0.699675 0.188129 0.073622 0.080082
0.0 0.872219 0.089969 0.055999 0.072508
