0.0 0.440125 0.534732 0.085798 0.108819
0.0 0.554641 0.560456 0.095970 0.159915
0.0 0.528887 0.707467 0.084054 0.164624
0.0 0.449570 0.641691 0.083823 0.053130
0.0 0.716837 0.680309 0.058826 0.099751
0.0 0.780151 0.889855 0.035444 0.050151
0.0 0.612591 0.864420 0.021537 0.034326
0.0 0.554578 0.835441 0.021653 0.030605
0.0 0.608128 0.959477 0.026260 0.026899
0.0 0.549447 0.921895 0.037610 0.045283
0.0 0.434074 0.867788 0.031346 0.052448
0.0 0.401592 0.945298 0.058288 0.109404
0.0 0.336791 0.976228 0.020766 0.034195
0.0 0.362179 0.996674 0.015724 0.006652
0.0 0.288532 0.776012 0.022162 0.029196
0.0 0.394868 0.730222 0.021275 0.032785
0.0 0.343567 0.754781 0.018441 0.029312
0.0 0.300422 0.631356 0.056646 0.100129
0.0 0.323833 0.685228 0.024705 0.022147
0.0 0.295335 0.690067 0.018688 0.026362
0.0 0.264046 0.706474 0.020883 0.030474
0.0 0.384481 0.482370 0.047143 0.057374
0.0 0.345915 0.301904 0.031709 0.045777
0.0 0.191802 0.094304 0.102482 0.110155
0.0 0.360147 0.040363 0.032494 0.050398
3.0 0.483163 0.158151 0.133317 0.282948
0.0 0.674545 0.012540 0.057432 0.025080
0.0 0.658526 0.215543 0.030823 0.049367
0.0 0.186002 0.172155 0.019081 0.028672
0.0 0.180638 0.224574 0.024501 0.038569
0.0 0.201984 0.359625 0.020621 0.028934
0.0 0.189181 0.330894 0.013558 0.026987
0.0 0.231847 0.423496 0.019212 0.029443
0.0 0.264185 0.287254 0.035836 0.052462
0.0 0.263956 0.043224 0.021886 0.023165
0.0 0.647813 0.325133 0.024356 0.033308
0.0 0.501941 0.842793 0.017657 0.024691
0.0 0.499833 0.867717 0.017526 0.023920
0.0 0.485606 0.877264 0.015346 0.024298
0.0 0.470376 0.894906 0.020490 0.028164
0.0 0.380290 0.793715 0.021144 0.032015
0.0 0.382460 0.535806 0.018296 0.024051
0.0 0.332397 0.460309 0.021784 0.031375
0.0 0.350521 0.380366 0.017017 0.025330
