0.0 0.308702 0.073026 0.051107 0.131597
0.0 0.354119 0.143708 0.036550 0.067852
0.0 0.240451 0.068282 0.017902 0.034299
0.0 0.261002 0.038420 0.015139 0.024828
0.0 0.278747 0.397360 0.046002 0.122020
0.0 0.390899 0.543238 0.049719 0.048974
0.0 0.431473 0.471807 0.080109 0.083835
0.0 0.541643 0.417572 0.082073 0.144676
0.0 0.421296 0.367472 0.084481 0.059887
0.0 0.489685 0.288531 0.056957 0.140428
0.0 0.691942 0.056531 0.033006 0.058346
0.0 0.671995 0.273274 0.048491 0.108113
0.0 0.535191 0.118340 0.027690 0.044086
0.0 0.458438 0.081134 0.043335 0.045570
0.0 0.508512 0.029608 0.025602 0.032309
0.0 0.385843 0.118817 0.019217 0.028906
0.0 0.424958 0.153810 0.018747 0.053029
0.0 0.482536 0.147304 0.015836 0.057572
0.0 0.777100 0.956734 0.058227 0.064935
0.0 0.286874 0.953133 0.106033 0.093734
0.0 0.394273 0.722174 0.038434 0.057811
0.0 0.240600 0.713461 0.030594 0.056679
0.0 0.316608 0.751483 0.028288 0.057354
0.0 0.223677 0.338061 0.029280 0.062072
0.0 0.234840 0.273430 0.014816 0.034938
0.0 0.270191 0.224914 0.012404 0.033272
0.0 0.291737 0.286506 0.020138 0.032063
0.0 0.458920 0.975056 0.032760 0.049889
0.0 0.629530 0.944618 0.045833 0.100983
0.0 0.712687 0.742230 0.032296 0.059871
1.0 0.556739 0.839195 0.108621 0.301647
0.0 0.320844 0.238271 0.015849 0.023302
0.0 0.347853 0.299617 0.016095 0.028765
0.0 0.362882 0.993794 0.016454 0.012413
0.0 0.247755 0.837483 0.024498 0.042385
0.0 0.298824 0.877412 0.030319 0.033301
0.0 0.256452 0.631414 0.016981 0.031142
0.0 0.381352 0.175326 0.011342 0.026993
