3.0 0.417366 0.224401 0.170752 0.293920
0.0 0.668023 0.087655 0.300939 0.175311
0.0 0.625736 0.055701 0.048010 0.061325
0.0 0.780658 0.561014 0.058195 0.123441
0.0 0.584232 0.521376 0.087256 0.097908
0.0 0.631501 0.458773 0.053426 0.062081
0.0 0.615358 0.292218 0.034352 0.045004
0.0 0.610253 0.606092 0.107498 0.063557
0.0 0.457822 0.559526 0.082793 0.109424
0.0 0.311082 0.700693 0.062711 0.096000
0.0 0.300180 0.893898 0.038311 0.051626
0.0 0.139334 0.136990 0.089344 0.134616
0.0 0.763586 0.851316 0.066815 0.125403
0.0 0.579091 0.846298 0.035665 0.048981
0.0 0.528704 0.677423 0.083244 0.139834
