0.0 0.389062 0.792188 0.074219 0.113281
0.0 0.770312 0.939844 0.092969 0.120312
0.0 0.265625 0.868750 0.055469 0.062500
0.0 0.052344 0.839062 0.036719 0.066406
0.0 0.089844 0.673438 0.042187 0.064844
0.0 0.134375 0.657031 0.039844 0.060938
0.0 0.300000 0.585938 0.018750 0.016406
0.0 0.278906 0.451563 0.023438 0.035938
0.0 0.460156 0.579688 0.076563 0.095312
0.0 0.383594 0.502344 0.081250 0.073438
0.0 0.429688 0.370313 0.022656 0.139063
0.0 0.484375 0.392187 0.038281 0.127344
0.0 0.524219 0.314062 0.039062 0.064844
0.0 0.617969 0.291406 0.034375 0.032812
0.0 0.834375 0.189844 0.255469 0.378906
0.0 0.773438 0.232813 0.025000 0.038281
0.0 0.933594 0.255469 0.035938 0.090625
0.0 0.946094 0.685156 0.039844 0.050781
0.0 0.914844 0.412500 0.045313 0.076563
0.0 0.453125 0.121875 0.043750 0.057031
0.0 0.276563 0.204687 0.067969 0.075000
0.0 0.096875 0.120313 0.050781 0.068750
