1.0 0.590721 0.217384 0.149413 0.260327
0.0 0.686712 0.146504 0.059689 0.105629
0.0 0.488023 0.091324 0.047763 0.046450
0.0 0.862287 0.145273 0.077607 0.099265
0.0 0.346538 0.077321 0.260274 0.154642
0.0 0.382930 0.049438 0.031813 0.050846
0.0 0.225563 0.186927 0.023848 0.033036
0.0 0.175306 0.925167 0.043716 0.064718
0.0 0.183027 0.852855 0.015698 0.034075
0.0 0.241291 0.833181 0.059422 0.113895
0.0 0.307261 0.772794 0.043758 0.070009
0.0 0.398976 0.593824 0.103004 0.062314
0.0 0.536704 0.571097 0.088554 0.131870
0.0 0.470944 0.677338 0.076392 0.141365
0.0 0.417903 0.515298 0.097454 0.085640
0.0 0.373433 0.448562 0.061868 0.059899
0.0 0.387413 0.292657 0.043518 0.053362
0.0 0.204078 0.282449 0.028805 0.060964
0.0 0.301941 0.256884 0.036073 0.074139
0.0 0.228906 0.553221 0.061466 0.107407
0.0 0.161439 0.592052 0.033932 0.039839
0.0 0.164609 0.833493 0.027444 0.041883
0.0 0.510161 0.826238 0.027095 0.039565
0.0 0.689576 0.710238 0.069109 0.097986
0.0 0.692694 0.899528 0.044632 0.040694
0.0 0.640322 0.958801 0.018556 0.032995
0.0 0.476248 0.899349 0.032113 0.032770
0.0 0.420838 0.847559 0.045254 0.049848
0.0 0.769683 0.324899 0.034247 0.051967
0.0 0.241530 0.653087 0.017667 0.032106
0.0 0.170721 0.651122 0.017701 0.022295
0.0 0.474748 0.967067 0.018631 0.028476
0.0 0.559215 0.996551 0.022993 0.006899
0.0 0.275340 0.963922 0.021639 0.018357
0.0 0.455516 0.790363 0.019951 0.042265
0.0 0.340815 0.807075 0.014420 0.025577
0.0 0.388844 0.781911 0.023158 0.043503
0.0 0.270058 0.694512 0.016471 0.034191
0.0 0.310178 0.648406 0.015732 0.024264
