0.0 0.432526 0.635870 0.024945 0.142775
0.0 0.485240 0.622422 0.069978 0.136446
0.0 0.455733 0.413118 0.090357 0.139452
0.0 0.385345 0.507655 0.092653 0.090387
1.0 0.689176 0.404709 0.184153 0.193217
0.0 0.068182 0.896345 0.021628 0.041267
0.0 0.093934 0.918953 0.032519 0.064243
0.0 0.068932 0.943220 0.020975 0.045145
0.0 0.085637 0.712864 0.050912 0.078104
0.0 0.017679 0.714303 0.022409 0.041292
0.0 0.266483 0.817170 0.073174 0.067131
0.0 0.387456 0.859336 0.018428 0.038822
0.0 0.427059 0.875238 0.012631 0.028493
0.0 0.460492 0.893688 0.054689 0.074327
0.0 0.425441 0.921410 0.016382 0.023935
0.0 0.180699 0.895013 0.023716 0.033535
0.0 0.209921 0.904220 0.021628 0.041267
0.0 0.247401 0.902995 0.022078 0.031141
0.0 0.264972 0.938378 0.020439 0.028748
0.0 0.529125 0.697592 0.036678 0.072178
0.0 0.630388 0.710698 0.036066 0.053438
0.0 0.267077 0.548257 0.025992 0.055449
0.0 0.305726 0.511038 0.023588 0.029631
0.0 0.287098 0.419410 0.029615 0.046988
0.0 0.186560 0.452398 0.020465 0.029529
0.0 0.233767 0.461799 0.022639 0.048320
0.0 0.105271 0.500391 0.022562 0.045977
0.0 0.126037 0.466101 0.033086 0.033841
0.0 0.024805 0.286498 0.017071 0.045018
0.0 0.062933 0.329026 0.040287 0.087116
0.0 0.102766 0.351956 0.048942 0.065559
0.0 0.003568 0.063114 0.007136 0.084212
0.0 0.018425 0.152399 0.036850 0.051402
0.0 0.244940 0.133916 0.027400 0.050815
0.0 0.368383 0.179909 0.058118 0.083799
0.0 0.760658 0.037486 0.060486 0.074973
0.0 0.632794 0.138439 0.033341 0.041649
0.0 0.064348 0.037418 0.025905 0.028926
0.0 0.309874 0.733677 0.027773 0.038347
0.0 0.865864 0.794978 0.268272 0.394610
0.0 0.797057 0.763877 0.029717 0.050111
0.0 0.877755 0.506417 0.035091 0.071347
0.0 0.940854 0.571579 0.039547 0.064472
0.0 0.969943 0.744158 0.052009 0.111679
0.0 0.964515 0.290969 0.031228 0.048600
0.0 0.586507 0.946632 0.021348 0.032678
0.0 0.632214 0.981877 0.027467 0.028977
0.0 0.695308 0.975125 0.022180 0.034265
0.0 0.652837 0.847538 0.029692 0.049330
0.0 0.197110 0.201138 0.021042 0.023307
0.0 0.113086 0.093669 0.020694 0.036556
0.0 0.068856 0.821283 0.020669 0.035775
0.0 0.099217 0.841396 0.022884 0.031948
0.0 0.384526 0.961048 0.020516 0.031090
0.0 0.422067 0.984028 0.024548 0.031944
0.0 0.159551 0.678401 0.017239 0.026303
0.0 0.178821 0.741868 0.018148 0.030233
0.0 0.166529 0.317824 0.021526 0.038143
0.0 0.833122 0.145182 0.024558 0.059302
