0.0 0.638560 0.343177 0.103206 0.245440
0.0 0.489567 0.290894 0.042475 0.096660
0.0 0.567109 0.373432 0.034104 0.080763
0.0 0.529865 0.495606 0.049727 0.103159
0.0 0.433990 0.596119 0.063874 0.127841
0.0 0.229824 0.448033 0.046463 0.099143
0.0 0.275922 0.578687 0.058315 0.103469
0.0 0.197519 0.779896 0.053039 0.086904
0.0 0.287730 0.836312 0.040319 0.144925
0.0 0.244804 0.942645 0.062521 0.090366
0.0 0.043241 0.702262 0.086483 0.131282
0.0 0.060175 0.599825 0.043718 0.066295
0.0 0.131624 0.721231 0.069206 0.145967
0.0 0.035600 0.941028 0.071200 0.086639
0.0 0.743135 0.608059 0.056303 0.090921
0.0 0.826796 0.586063 0.058533 0.087882
0.0 0.920736 0.149324 0.060976 0.133974
0.0 0.667761 0.032310 0.081552 0.055965
0.0 0.777576 0.303635 0.041875 0.058431
0.0 0.666986 0.530262 0.037774 0.052825
0.0 0.355824 0.834079 0.048355 0.086735
0.0 0.194027 0.356839 0.060190 0.047397
0.0 0.376071 0.533051 0.052041 0.102463
