0.0 0.462500 0.498437 0.487500 0.860156
4.0 0.605469 0.696875 0.048437 0.060938
4.0 0.704687 0.671094 0.038281 0.041406
4.0 0.885938 0.812500 0.041406 0.035156
4.0 0.872656 0.889844 0.046094 0.040625
4.0 0.843750 0.654688 0.046094 0.055469
1.0 0.787500 0.414062 0.101562 0.103125
4.0 0.760156 0.535937 0.039062 0.053125
4.0 0.209375 0.247656 0.037500 0.044531
4.0 0.316406 0.514063 0.055469 0.046094
4.0 0.422656 0.732813 0.039844 0.037500
1.0 0.443750 0.864844 0.085938 0.108594
4.0 0.541406 0.913281 0.034375 0.051563
4.0 0.596875 0.892187 0.052344 0.067188
4.0 0.606250 0.792969 0.016406 0.046875
4.0 0.877344 0.520312 0.031250 0.039844
1.0 0.765625 0.185937 0.117969 0.239062
4.0 0.784375 0.379687 0.026562 0.034375
1.0 0.921094 0.343750 0.157812 0.138281
4.0 0.923437 0.466406 0.024219 0.035156
4.0 0.781250 0.281250 0.035938 0.034375
4.0 0.920313 0.232031 0.035156 0.031250
4.0 0.851562 0.119531 0.025781 0.050000
4.0 0.619531 0.024219 0.047656 0.048437
4.0 0.742969 0.020312 0.057812 0.040625
4.0 0.834375 0.027344 0.037500 0.032812
4.0 0.537500 0.182031 0.028906 0.050000
1.0 0.128906 0.067969 0.144531 0.135937
1.0 0.203125 0.806250 0.100000 0.136719
1.0 0.239844 0.667188 0.084375 0.097656
1.0 0.292188 0.596875 0.089844 0.132031
