3.0 0.723193 0.409999 0.227654 0.194542
0.0 0.429518 0.620076 0.041343 0.126487
0.0 0.493322 0.601670 0.079792 0.129121
0.0 0.440288 0.427305 0.103102 0.120671
0.0 0.357116 0.515925 0.112190 0.084485
0.0 0.250359 0.789504 0.092358 0.090331
0.0 0.473940 0.831774 0.069532 0.066829
0.0 0.843953 0.811983 0.077628 0.118173
0.0 0.670048 0.659389 0.034605 0.044065
0.0 0.548248 0.661588 0.041356 0.067034
0.0 0.184474 0.496277 0.019962 0.036855
0.0 0.226065 0.568928 0.032894 0.054517
0.0 0.240951 0.457544 0.027711 0.037847
0.0 0.255026 0.893661 0.022646 0.028052
0.0 0.290749 0.717387 0.039335 0.039335
0.0 0.323177 0.244601 0.073345 0.078751
0.0 0.629577 0.177030 0.036731 0.042813
0.0 0.765823 0.078467 0.045249 0.073630
0.0 0.174360 0.220328 0.037029 0.045138
0.0 0.827099 0.551074 0.034208 0.040966
0.0 0.277316 0.532439 0.020024 0.025430
0.0 0.390534 0.807794 0.025169 0.029900
0.0 0.765933 0.873165 0.023421 0.028151
0.0 0.393614 0.899552 0.018970 0.029106
0.0 0.442490 0.912199 0.020042 0.031530
