0.0 0.835554 0.194594 0.304520 0.389187
0.0 0.437577 0.106726 0.065770 0.081054
0.0 0.771895 0.208898 0.033426 0.065521
0.0 0.946462 0.223096 0.069604 0.113926
0.0 0.976920 0.692078 0.027211 0.066948
0.0 0.787873 0.947787 0.068384 0.093602
0.0 0.385809 0.820512 0.061029 0.114522
0.0 0.263633 0.880199 0.039573 0.060970
0.0 0.113165 0.679499 0.045053 0.097781
0.0 0.070308 0.685114 0.033050 0.084250
0.0 0.027447 0.871240 0.040067 0.047709
0.0 0.422657 0.356326 0.030103 0.164598
0.0 0.374113 0.496471 0.107082 0.078044
0.0 0.454622 0.569747 0.086192 0.122873
0.0 0.520755 0.303412 0.043934 0.082143
0.0 0.484239 0.385470 0.058872 0.123063
0.0 0.608884 0.259309 0.047075 0.082992
0.0 0.243100 0.183605 0.060472 0.088746
0.0 0.051459 0.102573 0.063765 0.096624
0.0 0.262357 0.459816 0.023322 0.067645
1.0 0.697568 0.566057 0.172950 0.199696
0.0 0.079215 0.302019 0.066193 0.100581
