0.0 0.636025 0.734798 0.059905 0.073090
0.0 0.458243 0.869735 0.053679 0.113009
0.0 0.796050 0.645418 0.041698 0.098391
0.0 0.752211 0.374433 0.053700 0.092595
0.0 0.853826 0.435182 0.049699 0.085956
0.0 0.935756 0.474083 0.030806 0.055198
0.0 0.746014 0.642005 0.052565 0.110576
0.0 0.577271 0.490047 0.177825 0.139590
0.0 0.397954 0.409971 0.041650 0.062086
0.0 0.150107 0.548814 0.078117 0.124922
0.0 0.427125 0.329768 0.039400 0.077636
0.0 0.434803 0.449347 0.036263 0.066587
0.0 0.450213 0.516366 0.044264 0.054153
0.0 0.642896 0.623677 0.067770 0.054586
0.0 0.399443 0.636032 0.064657 0.074545
0.0 0.890421 0.562172 0.089323 0.088004
