0.0 0.272911 0.153906 0.065797 0.086553
0.0 0.726158 0.127422 0.041113 0.068310
0.0 0.440459 0.141917 0.044777 0.056228
0.0 0.530909 0.165167 0.025017 0.041478
0.0 0.489883 0.336220 0.063010 0.138159
0.0 0.372832 0.555750 0.051277 0.079189
0.0 0.418871 0.485402 0.086507 0.084360
0.0 0.408866 0.410182 0.103833 0.059459
0.0 0.233864 0.446288 0.063776 0.090257
0.0 0.546520 0.445289 0.091341 0.124979
0.0 0.371565 0.704775 0.049535 0.048104
0.0 0.313799 0.918254 0.219440 0.163493
0.0 0.830229 0.880858 0.084229 0.113573
0.0 0.352963 0.939854 0.047721 0.073486
3.0 0.570750 0.783499 0.153870 0.247626
