0.0 0.785934 0.806060 0.044057 0.058938
0.0 0.360825 0.873781 0.067241 0.100237
0.0 0.597619 0.786556 0.036771 0.027713
0.0 0.521057 0.836879 0.046546 0.051075
0.0 0.728433 0.630947 0.058361 0.077771
0.0 0.518490 0.668739 0.062087 0.124198
0.0 0.269545 0.626562 0.058383 0.096556
0.0 0.427645 0.532236 0.081175 0.093468
0.0 0.424997 0.618918 0.093149 0.046565
0.0 0.558661 0.554644 0.088439 0.105907
0.0 0.366718 0.492992 0.057618 0.049854
0.0 0.337975 0.344107 0.036892 0.051773
0.0 0.213128 0.129202 0.285706 0.215831
0.0 0.264506 0.128835 0.027168 0.019404
0.0 0.717206 0.067939 0.091843 0.135879
