3.0 0.688303 0.578948 0.172198 0.187912
0.0 0.755962 0.959625 0.059169 0.080750
0.0 0.002904 0.928610 0.005807 0.102380
0.0 0.057998 0.958676 0.025356 0.047804
0.0 0.091240 0.967872 0.015278 0.030244
0.0 0.134786 0.954817 0.027466 0.061139
0.0 0.013719 0.847914 0.027438 0.042922
0.0 0.627856 0.868102 0.032742 0.037980
0.0 0.237796 0.865251 0.035337 0.063023
0.0 0.366221 0.822869 0.063206 0.077424
0.0 0.381481 0.491967 0.079922 0.085908
0.0 0.454031 0.571598 0.081122 0.096088
0.0 0.432021 0.366606 0.023833 0.142809
0.0 0.490274 0.376054 0.057630 0.130961
0.0 0.529965 0.304979 0.035821 0.074732
0.0 0.633551 0.295973 0.029743 0.059674
0.0 0.263788 0.180584 0.070005 0.072250
0.0 0.454423 0.108718 0.069516 0.079243
0.0 0.634744 0.021569 0.029393 0.032386
0.0 0.702234 0.034527 0.021453 0.047643
0.0 0.863038 0.207021 0.273924 0.394869
0.0 0.797227 0.233157 0.026233 0.050178
0.0 0.969320 0.269211 0.053113 0.115968
0.0 0.068294 0.086481 0.029372 0.107193
0.0 0.096847 0.076716 0.032758 0.094865
0.0 0.021059 0.283134 0.023698 0.045398
0.0 0.088969 0.285944 0.053576 0.089493
0.0 0.183238 0.105313 0.021910 0.039869
0.0 0.211727 0.097109 0.014234 0.042668
0.0 0.267821 0.064245 0.023019 0.029006
0.0 0.385943 0.044112 0.019310 0.033527
0.0 0.424574 0.019513 0.020479 0.039025
0.0 0.362567 0.193273 0.017555 0.028779
0.0 0.388800 0.145098 0.016645 0.025625
0.0 0.287926 0.315291 0.014756 0.036456
0.0 0.309863 0.257555 0.032085 0.059771
0.0 0.268125 0.453653 0.028182 0.059610
0.0 0.283869 0.583321 0.031374 0.042599
0.0 0.185145 0.531538 0.022035 0.061693
0.0 0.233283 0.539786 0.018691 0.037398
0.0 0.105063 0.501638 0.025490 0.032225
0.0 0.125563 0.535327 0.029490 0.034728
0.0 0.022416 0.722628 0.010719 0.051874
0.0 0.061268 0.671848 0.033345 0.090214
0.0 0.106305 0.641653 0.044957 0.088357
0.0 0.165478 0.685544 0.014433 0.028650
0.0 0.195236 0.797808 0.021130 0.039837
0.0 0.205746 0.695030 0.017426 0.025657
0.0 0.160922 0.323327 0.014627 0.033334
0.0 0.180970 0.254566 0.007962 0.022928
0.0 0.004071 0.576341 0.008141 0.038701
0.0 0.958711 0.714465 0.034884 0.052095
0.0 0.876171 0.498367 0.033480 0.074635
0.0 0.939737 0.436099 0.040085 0.064778
0.0 0.772360 0.399458 0.029000 0.041721
0.0 0.748573 0.709678 0.060929 0.078888
0.0 0.566664 0.816309 0.016220 0.034179
0.0 0.995047 0.224384 0.009905 0.032063
0.0 0.986742 0.112766 0.015994 0.028715
0.0 0.655565 0.160831 0.028317 0.044030
0.0 0.310616 0.390512 0.031051 0.034793
0.0 0.323666 0.301913 0.014045 0.019283
0.0 0.392471 0.245335 0.017523 0.027999
0.0 0.034399 0.187510 0.020672 0.047610
0.0 0.053290 0.165616 0.023439 0.039153
0.0 0.067895 0.171694 0.012059 0.027773
0.0 0.101293 0.158220 0.011084 0.023057
0.0 0.158099 0.002117 0.022599 0.004233
0.0 0.047184 0.785425 0.013066 0.033269
0.0 0.101718 0.752496 0.018955 0.024941
0.0 0.305764 0.488833 0.019213 0.031186
0.0 0.039925 0.526309 0.011962 0.025431
0.0 0.104785 0.905097 0.012285 0.033237
0.0 0.831841 0.851523 0.025092 0.060261
0.0 0.150216 0.185266 0.012646 0.023121
0.0 0.358837 0.113363 0.014465 0.029431
0.0 0.103471 0.388976 0.016581 0.024064
