1.0 0.456250 0.215625 0.133594 0.278125
0.0 0.726562 0.092188 0.278125 0.184375
0.0 0.685938 0.077344 0.040625 0.056250
0.0 0.769531 0.599219 0.042187 0.118750
0.0 0.580469 0.532812 0.075781 0.088281
0.0 0.635938 0.477344 0.046094 0.056250
0.0 0.642969 0.310156 0.028906 0.041406
0.0 0.594531 0.620313 0.101562 0.050000
0.0 0.450000 0.553125 0.069531 0.100781
0.0 0.285156 0.672656 0.050781 0.089844
0.0 0.247656 0.862500 0.032031 0.047656
0.0 0.192969 0.090625 0.072656 0.125781
0.0 0.712500 0.884375 0.050781 0.119531
0.0 0.530469 0.853906 0.029688 0.045313
0.0 0.503906 0.679688 0.065625 0.132031
