0.0 0.758594 0.059375 0.055469 0.103125
0.0 0.945312 0.309375 0.030469 0.053906
0.0 0.855469 0.513281 0.039844 0.068750
0.0 0.907812 0.583594 0.040625 0.063281
0.0 0.617969 0.697656 0.030469 0.045313
0.0 0.833594 0.800781 0.252344 0.396875
0.0 0.930469 0.742188 0.048438 0.085938
0.0 0.771094 0.754688 0.028906 0.036719
0.0 0.945312 0.892187 0.011719 0.017969
0.0 0.965625 0.783594 0.010937 0.031250
0.0 0.671094 0.950000 0.021875 0.032031
0.0 0.609375 0.960938 0.032031 0.037500
0.0 0.634375 0.829688 0.019531 0.039844
0.0 0.443750 0.867188 0.065625 0.079688
0.0 0.412500 0.956250 0.021875 0.037500
0.0 0.382031 0.985938 0.029688 0.028125
0.0 0.266406 0.790625 0.069531 0.067187
0.0 0.106250 0.883594 0.028125 0.060156
0.0 0.111719 0.808594 0.014844 0.039062
0.0 0.078125 0.860156 0.016406 0.038281
0.0 0.084375 0.903125 0.018750 0.039844
0.0 0.040625 0.692187 0.021094 0.056250
0.0 0.100781 0.690625 0.052344 0.092969
0.0 0.151563 0.967969 0.018750 0.032031
0.0 0.180469 0.985938 0.018750 0.028125
0.0 0.256250 0.889063 0.036719 0.051563
0.0 0.213281 0.867188 0.015625 0.032813
0.0 0.187500 0.860156 0.015625 0.025781
0.0 0.428906 0.621875 0.021094 0.144531
0.0 0.130469 0.350000 0.041406 0.095312
0.0 0.094531 0.324219 0.029688 0.078906
0.0 0.147656 0.453125 0.029688 0.025000
0.0 0.131250 0.492188 0.024219 0.040625
0.0 0.385938 0.505469 0.075000 0.080469
0.0 0.398438 0.444531 0.012500 0.017969
0.0 0.486719 0.611719 0.046094 0.125000
0.0 0.523438 0.690625 0.025000 0.075000
0.0 0.460156 0.427344 0.073437 0.101562
0.0 0.389063 0.191406 0.058594 0.074219
0.0 0.272656 0.146094 0.024219 0.060156
0.0 0.050000 0.152344 0.037500 0.040625
0.0 0.296875 0.414062 0.016406 0.038281
0.0 0.317187 0.498438 0.020313 0.033594
0.0 0.276563 0.539062 0.031250 0.057813
0.0 0.249219 0.450000 0.014844 0.043750
0.0 0.737500 0.314844 0.046875 0.061719
0.0 0.632812 0.162500 0.021875 0.053906
0.0 0.579688 0.205469 0.018750 0.039062
0.0 0.309375 0.719531 0.033594 0.053906
0.0 0.382031 0.830469 0.012500 0.023438
0.0 0.131250 0.049219 0.016406 0.031250
0.0 0.101562 0.056250 0.014063 0.056250
0.0 0.035937 0.070312 0.018750 0.075781
0.0 0.170313 0.053906 0.013281 0.064844
0.0 0.025781 0.237500 0.020313 0.055469
0.0 0.057031 0.277344 0.017187 0.043750
0.0 0.014063 0.430469 0.012500 0.039062
0.0 0.189062 0.311719 0.018750 0.039062
0.0 0.315625 0.596875 0.027344 0.028125
0.0 0.389063 0.737500 0.017969 0.023438
0.0 0.069531 0.785156 0.027344 0.039844
0.0 0.045313 0.779687 0.014063 0.025781
0.0 0.012500 0.720313 0.024219 0.042969
0.0 0.189062 0.721094 0.012500 0.042188
0.0 0.376562 0.931250 0.015625 0.022656
0.0 0.499219 0.981250 0.028125 0.036719
0.0 0.753125 0.603906 0.025000 0.044531
0.0 0.823437 0.176562 0.023438 0.053125
