0.0 0.288281 0.100781 0.317969 0.201562
0.0 0.792188 0.121094 0.062500 0.097656
0.0 0.321094 0.093750 0.030469 0.048438
0.0 0.367188 0.326562 0.029688 0.050000
0.0 0.415625 0.605469 0.088281 0.061719
0.0 0.422656 0.523438 0.067187 0.088281
0.0 0.369531 0.471875 0.044531 0.073437
0.0 0.246875 0.579687 0.046094 0.051563
0.0 0.305469 0.850000 0.036719 0.079687
0.0 0.492187 0.669531 0.057812 0.111719
0.0 0.544531 0.557031 0.055469 0.107813
0.0 0.706250 0.673437 0.050781 0.082031
0.0 0.734375 0.850000 0.035938 0.054688
0.0 0.556250 0.800781 0.028125 0.049219
0.0 0.464063 0.842188 0.037500 0.039844
