0.0 0.444802 0.431423 0.091962 0.105488
0.0 0.339714 0.199873 0.067359 0.103880
0.0 0.211034 0.160341 0.034032 0.057703
0.0 0.279601 0.439069 0.028889 0.053236
0.0 0.230863 0.483078 0.021688 0.038596
0.0 0.308774 0.525924 0.034384 0.042499
0.0 0.270605 0.572524 0.024352 0.059520
0.0 0.331389 0.753011 0.042853 0.061114
0.0 0.418857 0.864733 0.031931 0.029226
0.0 0.294475 0.840405 0.086450 0.068190
0.0 0.305007 0.954047 0.019348 0.032198
0.0 0.287772 0.917651 0.023308 0.027365
0.0 0.489566 0.894320 0.073502 0.080265
0.0 0.545510 0.696607 0.051929 0.090479
0.0 0.495328 0.617941 0.075266 0.130047
0.0 0.649966 0.694333 0.033835 0.056153
0.0 0.727188 0.267882 0.063244 0.083533
0.0 0.708391 0.031093 0.050873 0.062186
0.0 0.441996 0.644421 0.047241 0.155451
0.0 0.382314 0.522073 0.100176 0.098147
0.0 0.777792 0.572524 0.039556 0.059169
3.0 0.679343 0.405497 0.186417 0.200620
0.0 0.595262 0.122444 0.038836 0.041542
0.0 0.803116 0.882748 0.087372 0.171235
0.0 0.809788 0.749589 0.019940 0.036848
0.0 0.739119 0.949176 0.026268 0.050615
0.0 0.676063 0.961142 0.036906 0.044345
0.0 0.625814 0.937613 0.017517 0.035777
0.0 0.467491 0.982402 0.023929 0.035197
0.0 0.428205 0.969075 0.015276 0.030155
0.0 0.393186 0.910530 0.024111 0.039667
0.0 0.415920 0.767450 0.031650 0.033002
0.0 0.680325 0.833803 0.045036 0.042331
0.0 0.304810 0.698904 0.019644 0.034523
0.0 0.315995 0.632112 0.027409 0.041611
0.0 0.387746 0.651328 0.021772 0.033269
0.0 0.380521 0.965696 0.013416 0.021531
0.0 0.388897 0.814994 0.013514 0.022306
0.0 0.294160 0.988388 0.027705 0.023224
0.0 0.385270 0.458692 0.020025 0.031522
