0.0 0.683994 0.730503 0.379724 0.531742
0.0 0.452957 0.686618 0.205355 0.292946
0.0 0.321020 0.888266 0.410160 0.223469
0.0 0.131445 0.714170 0.232517 0.140583
0.0 0.142792 0.576300 0.205955 0.170484
0.0 0.180258 0.398195 0.116799 0.116075
0.0 0.193212 0.282924 0.102333 0.097989
0.0 0.413816 0.235132 0.291428 0.249442
0.0 0.619692 0.131626 0.226902 0.263251
0.0 0.870539 0.309821 0.258922 0.493986
0.0 0.693134 0.374271 0.074892 0.093713
0.0 0.373516 0.075869 0.197446 0.148945
0.0 0.135166 0.094378 0.215591 0.153336
0.0 0.030938 0.400033 0.061876 0.266160
