0.0 0.866062 0.253725 0.267875 0.431217
0.0 0.979810 0.325890 0.040380 0.128150
0.0 0.826840 0.275826 0.042404 0.066030
0.0 0.875044 0.538264 0.050950 0.087703
0.0 0.945642 0.494374 0.055278 0.091375
0.0 0.783961 0.440023 0.037960 0.061586
0.0 0.659399 0.312253 0.039853 0.064137
0.0 0.497659 0.384301 0.074033 0.135725
0.0 0.553511 0.317651 0.048434 0.075999
0.0 0.445249 0.359824 0.041169 0.148146
0.0 0.445768 0.571634 0.087076 0.112016
0.0 0.299201 0.164827 0.079726 0.088258
0.0 0.500758 0.116942 0.076643 0.102895
0.0 0.707138 0.972776 0.067755 0.054448
0.0 0.789080 0.894280 0.036804 0.068963
0.0 0.938215 0.764242 0.046266 0.066612
0.0 0.000644 0.797711 0.001289 0.055762
0.0 0.013837 0.914238 0.027675 0.039025
0.0 0.047870 0.916263 0.026364 0.044740
0.0 0.087777 0.913578 0.032012 0.062202
0.0 0.204941 0.833243 0.033051 0.054052
0.0 0.333514 0.808347 0.070380 0.091382
0.0 0.273582 0.429587 0.030932 0.065059
0.0 0.386435 0.482911 0.089072 0.085134
0.0 0.004094 0.665762 0.008188 0.045430
0.0 0.046540 0.620586 0.046465 0.077967
0.0 0.092866 0.601486 0.056050 0.091491
0.0 0.045486 0.228565 0.026480 0.045513
0.0 0.113969 0.245981 0.063236 0.094082
0.0 0.117155 0.046001 0.034966 0.092003
0.0 0.143853 0.035444 0.045036 0.070888
0.0 0.106760 0.131129 0.019752 0.030909
0.0 0.142770 0.117587 0.019794 0.036201
0.0 0.228703 0.076794 0.016471 0.034191
0.0 0.256946 0.067614 0.018098 0.045007
0.0 0.317801 0.041219 0.021106 0.034888
0.0 0.338647 0.238707 0.035293 0.058920
0.0 0.722325 0.734126 0.064117 0.079869
0.0 0.689462 0.044212 0.038725 0.046600
0.0 0.752695 0.054517 0.016279 0.037937
0.0 0.278042 0.557456 0.029064 0.037596
0.0 0.183963 0.505377 0.019111 0.061770
0.0 0.231861 0.512585 0.025434 0.038560
0.0 0.110626 0.457210 0.042663 0.042663
0.0 0.126411 0.488817 0.038260 0.043510
0.0 0.586124 0.877961 0.049739 0.059584
0.0 0.397930 0.186004 0.023308 0.034465
0.0 0.428779 0.138503 0.025659 0.025003
0.0 0.437171 0.035480 0.027943 0.035162
0.0 0.478131 0.014650 0.020142 0.029301
0.0 0.205959 0.222691 0.017585 0.021523
0.0 0.122532 0.357085 0.029488 0.035395
0.0 0.149207 0.647096 0.014734 0.037705
0.0 0.166227 0.765003 0.026432 0.025119
0.0 0.312343 0.313753 0.026371 0.059843
0.0 0.323055 0.373828 0.031689 0.034971
0.0 0.421201 0.236118 0.024346 0.026315
0.0 0.688938 0.173700 0.031348 0.047756
1.0 0.681438 0.601566 0.186964 0.198777
