1.0 0.698437 0.415475 0.185573 0.189919
0.0 0.489676 0.619777 0.066433 0.127988
0.0 0.380035 0.520234 0.102131 0.106476
0.0 0.640965 0.699144 0.047713 0.071610
0.0 0.533539 0.697344 0.054609 0.081403
0.0 0.863685 0.777737 0.272630 0.410944
0.0 0.802456 0.756642 0.032142 0.048798
0.0 0.975263 0.720530 0.049475 0.122147
0.0 0.738446 0.038685 0.055711 0.077371
0.0 0.957028 0.273438 0.050727 0.059417
0.0 0.821307 0.137363 0.022507 0.055095
0.0 0.618759 0.130543 0.034818 0.042784
0.0 0.436786 0.636049 0.030129 0.140928
0.0 0.277962 0.826637 0.080057 0.068471
0.0 0.267462 0.556392 0.027569 0.060881
0.0 0.282359 0.423760 0.022963 0.039619
0.0 0.306953 0.516788 0.023419 0.024143
0.0 0.234406 0.465529 0.020460 0.037116
0.0 0.318657 0.737606 0.027922 0.032991
0.0 0.474349 0.890283 0.058119 0.076224
0.0 0.444272 0.919039 0.016571 0.025985
0.0 0.441799 0.873005 0.011619 0.021758
0.0 0.398952 0.854106 0.014453 0.028937
0.0 0.441723 0.979978 0.028025 0.040044
0.0 0.401773 0.960422 0.017846 0.033054
0.0 0.282949 0.941415 0.021971 0.025592
0.0 0.262599 0.908394 0.019853 0.028543
0.0 0.227641 0.912433 0.021570 0.041847
0.0 0.185152 0.455699 0.019295 0.031606
0.0 0.127752 0.474640 0.035770 0.034322
0.0 0.105350 0.512252 0.024246 0.035833
0.0 0.095461 0.726765 0.055994 0.090031
0.0 0.188734 0.749929 0.019412 0.022309
0.0 0.109730 0.939570 0.031851 0.066612
0.0 0.112853 0.850847 0.022908 0.038840
0.0 0.197090 0.901279 0.021467 0.029433
0.0 0.089178 0.959037 0.016729 0.039178
0.0 0.083477 0.911665 0.024569 0.051364
0.0 0.027606 0.730782 0.027584 0.039171
0.0 0.012475 0.166409 0.024950 0.041383
0.0 0.098773 0.363908 0.046106 0.059866
0.0 0.056595 0.343396 0.034339 0.090825
0.0 0.188270 0.211902 0.018240 0.027654
0.0 0.232012 0.143802 0.035196 0.059094
0.0 0.356332 0.185134 0.061788 0.084237
0.0 0.078510 0.044229 0.020577 0.027819
0.0 0.046889 0.051165 0.025474 0.031267
0.0 0.878450 0.491244 0.053057 0.070438
0.0 0.716148 0.964814 0.020239 0.033999
0.0 0.647176 0.975175 0.032598 0.033322
0.0 0.602282 0.938407 0.023970 0.031936
0.0 0.078910 0.836018 0.018956 0.037785
0.0 0.107612 0.621740 0.019074 0.028488
0.0 0.167345 0.691136 0.019688 0.026206
0.0 0.061371 0.842741 0.019908 0.029323
0.0 0.665025 0.839985 0.031701 0.042563
0.0 0.451288 0.431391 0.084159 0.093574
0.0 0.014771 0.294663 0.017846 0.033054
0.0 0.402138 0.755197 0.024750 0.031991
0.0 0.369702 0.894552 0.020467 0.026261
