4.0 0.229711 0.191077 0.172686 0.138159
4.0 0.175450 0.730201 0.210762 0.182211
4.0 0.836746 0.763102 0.198667 0.219915
4.0 0.479790 0.962057 0.096714 0.075886
4.0 0.602592 0.917733 0.073953 0.077937
4.0 0.142640 0.917293 0.144892 0.091774
4.0 0.352016 0.280202 0.055943 0.073870
1.0 0.692489 0.427842 0.371355 0.796965
4.0 0.594991 0.386417 0.048865 0.077416
4.0 0.951609 0.201781 0.096782 0.173124
4.0 0.831379 0.344147 0.136221 0.132237
1.0 0.499518 0.191415 0.203052 0.336512
1.0 0.637280 0.455530 0.194887 0.765908
