0.0 0.546834 0.562438 0.106690 0.087307
0.0 0.644152 0.510496 0.111194 0.095400
0.0 0.595827 0.397005 0.046676 0.141442
0.0 0.527273 0.401828 0.070611 0.120866
0.0 0.485477 0.335083 0.044476 0.063860
0.0 0.367055 0.306226 0.039728 0.052651
0.0 0.155718 0.853909 0.055956 0.091852
0.0 0.762842 0.836373 0.031879 0.051263
0.0 0.622577 0.786216 0.077154 0.085770
0.0 0.746686 0.592181 0.035529 0.048452
0.0 0.806943 0.563200 0.024564 0.046820
0.0 0.780433 0.491382 0.035495 0.067802
0.0 0.730254 0.511748 0.028262 0.034724
0.0 0.749019 0.322009 0.047774 0.066440
0.0 0.812310 0.264270 0.086244 0.073321
0.0 0.839847 0.192763 0.017589 0.026922
0.0 0.820537 0.159123 0.026583 0.033044
0.0 0.740782 0.206953 0.014608 0.038300
0.0 0.713183 0.189120 0.020216 0.020934
0.0 0.671984 0.214891 0.025499 0.029089
0.0 0.595878 0.176023 0.081814 0.076071
0.0 0.642765 0.107598 0.021435 0.036512
0.0 0.231821 0.121677 0.093869 0.131201
0.0 0.316954 0.085238 0.033802 0.056058
0.0 0.357795 0.194225 0.034811 0.049170
0.0 0.395572 0.081986 0.027666 0.036999
0.0 0.447594 0.118186 0.018720 0.021591
0.0 0.685698 0.129764 0.022810 0.034297
0.0 0.696550 0.261481 0.021070 0.031839
0.0 0.651857 0.301867 0.014290 0.024341
0.0 0.195644 0.383715 0.039119 0.044862
1.0 0.260807 0.542407 0.208925 0.157234
0.0 0.188407 0.646452 0.068695 0.076592
0.0 0.307400 0.788197 0.041456 0.045045
0.0 0.768959 0.377640 0.023772 0.036695
0.0 0.738333 0.428531 0.035259 0.025208
0.0 0.186973 0.234146 0.024964 0.032143
