1.0 0.580595 0.284257 0.198717 0.568513
0.0 0.507573 0.696884 0.065920 0.149916
0.0 0.442527 0.536627 0.077887 0.095117
0.0 0.246540 0.095105 0.133621 0.154440
0.0 0.683719 0.684665 0.059330 0.105276
0.0 0.444146 0.627403 0.077271 0.037786
0.0 0.303739 0.615667 0.052869 0.111737
0.0 0.370717 0.920746 0.047688 0.134555
0.0 0.372224 0.299202 0.031020 0.079838
0.0 0.710109 0.040640 0.068311 0.081279
0.0 0.731211 0.890963 0.032381 0.067559
0.0 0.543895 0.570227 0.057766 0.144633
0.0 0.319442 0.035328 0.028459 0.047125
0.0 0.394202 0.469882 0.042432 0.057508
0.0 0.673849 0.248167 0.029679 0.062702
0.0 0.510243 0.901205 0.035286 0.045337
0.0 0.575844 0.848269 0.022533 0.050532
0.0 0.405754 0.056784 0.030458 0.062763
