0.0 0.285156 0.093750 0.240625 0.187500
0.0 0.326563 0.093750 0.028125 0.035156
0.0 0.792187 0.114063 0.071875 0.072656
0.0 0.625000 0.142969 0.038281 0.084375
0.0 0.714063 0.016406 0.035937 0.031250
0.0 0.726562 0.301562 0.032812 0.050781
0.0 0.430469 0.124219 0.030469 0.037500
0.0 0.368750 0.328125 0.027344 0.044531
0.0 0.193750 0.239063 0.033594 0.039844
0.0 0.278906 0.300781 0.022656 0.042188
0.0 0.192187 0.340625 0.019531 0.036719
0.0 0.221875 0.400000 0.014844 0.027344
0.0 0.375000 0.471094 0.044531 0.040625
0.0 0.425781 0.521875 0.079687 0.064844
0.0 0.418750 0.601562 0.088281 0.039062
0.0 0.257031 0.584375 0.041406 0.093750
0.0 0.175781 0.676562 0.015625 0.028125
0.0 0.198438 0.633594 0.035156 0.019531
0.0 0.214844 0.684375 0.017969 0.028906
0.0 0.258594 0.725000 0.010937 0.017969
0.0 0.279688 0.681250 0.016406 0.028125
0.0 0.705469 0.677344 0.056250 0.082031
0.0 0.733594 0.842969 0.030469 0.031250
0.0 0.546094 0.563281 0.063281 0.110156
0.0 0.498438 0.673437 0.052344 0.111719
0.0 0.555469 0.800781 0.023438 0.042187
0.0 0.477344 0.835938 0.033594 0.038281
0.0 0.305469 0.848437 0.037500 0.103906
0.0 0.353125 0.785156 0.037500 0.057031
0.0 0.255469 0.951563 0.031250 0.068750
0.0 0.230469 0.850000 0.015625 0.027344
0.0 0.175000 0.978906 0.014063 0.031250
0.0 0.534375 0.878125 0.018750 0.026562
0.0 0.695312 0.914062 0.015625 0.021094
0.0 0.622656 0.966406 0.017969 0.031250
0.0 0.396875 0.811719 0.019531 0.030469
0.0 0.341406 0.663281 0.010156 0.029688
0.0 0.357813 0.974219 0.012500 0.036719
0.0 0.393750 0.990625 0.013281 0.017969
0.0 0.528125 0.944531 0.035156 0.024219
0.0 0.434375 0.778906 0.013281 0.039062
0.0 0.497656 0.773438 0.014844 0.046875
0.0 0.796094 0.991406 0.039062 0.016406
0.0 0.698438 0.384375 0.017187 0.032812
0.0 0.538281 0.650781 0.010938 0.029688
