0.0 0.532706 0.572738 0.078335 0.090379
0.0 0.524040 0.389202 0.059683 0.123444
0.0 0.619891 0.501322 0.089008 0.097510
0.0 0.172273 0.185843 0.320204 0.371686
0.0 0.581099 0.373918 0.050589 0.151190
0.0 0.583323 0.813367 0.062842 0.089764
0.0 0.915564 0.878413 0.050079 0.059289
0.0 0.695654 0.872841 0.029359 0.052030
0.0 0.888107 0.712020 0.038929 0.089938
0.0 0.853276 0.689292 0.044481 0.065735
0.0 0.975826 0.617121 0.018059 0.037896
0.0 0.868013 0.550992 0.024354 0.039232
0.0 0.846690 0.578889 0.029673 0.029673
0.0 0.743836 0.571249 0.020394 0.038105
0.0 0.691678 0.601875 0.025701 0.037037
0.0 0.725183 0.481728 0.029847 0.057477
0.0 0.253827 0.218330 0.031137 0.046014
0.0 0.087538 0.218343 0.055188 0.099113
0.0 0.257789 0.375559 0.030358 0.045945
0.0 0.145785 0.452596 0.038186 0.064399
0.0 0.398851 0.289359 0.028941 0.047362
0.0 0.495642 0.312144 0.034075 0.070206
0.0 0.678472 0.512843 0.016875 0.024668
0.0 0.755608 0.229531 0.074050 0.068382
0.0 0.662404 0.087841 0.018071 0.029406
0.0 0.658223 0.029423 0.021741 0.035910
0.0 0.627701 0.054928 0.021926 0.055224
0.0 0.618028 0.119165 0.016375 0.027711
0.0 0.583186 0.140361 0.054457 0.065084
0.0 0.646262 0.180521 0.018640 0.027142
0.0 0.425792 0.023515 0.014401 0.022903
0.0 0.368025 0.037951 0.022658 0.037536
0.0 0.469217 0.072897 0.019767 0.031102
0.0 0.397049 0.160560 0.030358 0.045945
0.0 0.439822 0.042027 0.019349 0.026433
0.0 0.769892 0.122566 0.022740 0.029824
0.0 0.844013 0.170774 0.022031 0.030533
0.0 0.817754 0.157442 0.018907 0.038744
0.0 0.781751 0.156571 0.018779 0.028698
0.0 0.953172 0.134270 0.024412 0.048500
0.0 0.949840 0.180250 0.023924 0.043053
0.0 0.911363 0.233280 0.019337 0.034923
0.0 0.943569 0.250282 0.019267 0.034145
0.0 0.928226 0.150077 0.029487 0.062076
0.0 0.887715 0.059384 0.022879 0.031381
0.0 0.863151 0.044635 0.020057 0.025725
0.0 0.911876 0.350198 0.056547 0.088428
0.0 0.978157 0.354564 0.023866 0.033785
0.0 0.838557 0.371870 0.017293 0.029337
0.0 0.828150 0.312895 0.015528 0.026863
0.0 0.704856 0.305777 0.031137 0.046014
0.0 0.747777 0.816327 0.018141 0.030185
0.0 0.791212 0.716678 0.018210 0.030963
0.0 0.854883 0.986467 0.023309 0.027066
0.0 0.921280 0.965892 0.033494 0.068215
0.0 0.919512 0.764247 0.019255 0.042635
0.0 0.947002 0.798868 0.022728 0.038314
0.0 0.958374 0.890874 0.018849 0.029476
0.0 0.824117 0.986185 0.019128 0.027629
0.0 0.818310 0.930886 0.013472 0.029767
0.0 0.784444 0.989803 0.022600 0.020393
0.0 0.786866 0.590005 0.015806 0.029975
0.0 0.926838 0.586066 0.017014 0.026224
0.0 0.397267 0.788864 0.019976 0.033436
0.0 0.335713 0.828062 0.029720 0.047431
0.0 0.201654 0.914890 0.055397 0.101448
0.0 0.147241 0.795499 0.025678 0.054016
0.0 0.039032 0.646191 0.030567 0.048279
0.0 0.882157 0.445584 0.019836 0.031880
