0.0 0.508253 0.669337 0.061334 0.119377
0.0 0.426844 0.533979 0.082561 0.083296
0.0 0.715717 0.657309 0.058428 0.082674
0.0 0.549453 0.556607 0.067257 0.114279
0.0 0.260261 0.103838 0.247593 0.194693
0.0 0.300908 0.103046 0.034544 0.059524
0.0 0.356365 0.330686 0.043677 0.056167
0.0 0.769268 0.096237 0.078243 0.089264
0.0 0.753970 0.831167 0.038862 0.053556
0.0 0.715069 0.281716 0.033866 0.047825
0.0 0.424166 0.609260 0.094023 0.039653
0.0 0.372576 0.475303 0.047396 0.053274
0.0 0.690451 0.370008 0.021126 0.029208
0.0 0.408472 0.122634 0.030339 0.040625
0.0 0.687181 0.009334 0.038330 0.018668
0.0 0.184845 0.260810 0.026496 0.027965
0.0 0.267565 0.310793 0.025659 0.040354
0.0 0.186915 0.363988 0.013655 0.021002
0.0 0.177849 0.342602 0.013745 0.022562
0.0 0.212699 0.417272 0.015215 0.021092
0.0 0.324358 0.858424 0.044367 0.108288
0.0 0.572695 0.795506 0.026032 0.033379
0.0 0.493707 0.836867 0.035301 0.032362
0.0 0.551988 0.870268 0.022505 0.026179
0.0 0.373596 0.789834 0.023738 0.034024
0.0 0.289497 0.689064 0.012875 0.020957
0.0 0.269592 0.737172 0.011315 0.020866
0.0 0.224570 0.703002 0.015305 0.022652
0.0 0.288516 0.982582 0.017136 0.027422
0.0 0.276071 0.943393 0.023150 0.023884
0.0 0.275245 0.888661 0.012558 0.015497
0.0 0.250535 0.867400 0.013926 0.025682
0.0 0.202576 0.993575 0.016865 0.012851
0.0 0.185494 0.690399 0.018470 0.023613
0.0 0.202595 0.647931 0.030260 0.025851
0.0 0.275141 0.630422 0.015678 0.015678
0.0 0.245775 0.636820 0.015124 0.019532
0.0 0.259485 0.589854 0.044808 0.075666
0.0 0.718817 0.899723 0.016729 0.020403
0.0 0.422881 0.991728 0.013429 0.016544
0.0 0.380323 0.973346 0.013429 0.017102
0.0 0.511611 0.767746 0.013836 0.024122
0.0 0.349564 0.672278 0.013881 0.024902
0.0 0.446492 0.791868 0.013655 0.021002
0.0 0.565282 0.937580 0.015769 0.017238
0.0 0.650001 0.954580 0.014661 0.024947
0.0 0.540459 0.941367 0.012965 0.022517
0.0 0.362584 0.518923 0.012784 0.019397
