0.0 0.134843 0.248339 0.269686 0.434914
0.0 0.223934 0.418112 0.045121 0.062813
0.0 0.185567 0.259097 0.036986 0.058762
0.0 0.022080 0.303922 0.044160 0.138397
0.0 0.126848 0.531539 0.045264 0.082690
0.0 0.058969 0.472163 0.055820 0.087802
0.0 0.060103 0.757737 0.051831 0.055233
0.0 0.283981 0.962847 0.066535 0.074306
0.0 0.200687 0.883768 0.045644 0.085792
0.0 0.402654 0.874771 0.035356 0.051688
0.0 0.351722 0.311158 0.039757 0.075141
0.0 0.557205 0.369420 0.040645 0.144758
0.0 0.503873 0.383824 0.086555 0.126702
0.0 0.455317 0.308701 0.052259 0.077436
0.0 0.552038 0.577845 0.091903 0.120483
0.0 0.617980 0.480039 0.091285 0.096729
0.0 0.580159 0.139140 0.015922 0.030212
0.0 0.513928 0.118917 0.075175 0.102394
0.0 0.711467 0.176579 0.084812 0.087534
0.0 0.690725 0.334963 0.047939 0.098294
0.0 0.669515 0.251768 0.037588 0.051197
0.0 0.887356 0.250272 0.073355 0.093769
0.0 0.881541 0.059140 0.066678 0.118279
0.0 0.962654 0.248133 0.026431 0.053650
0.0 0.576437 0.038062 0.015020 0.041558
0.0 0.535985 0.020670 0.022949 0.041339
0.0 0.326628 0.035602 0.048681 0.035752
0.0 0.264386 0.047948 0.033156 0.039961
0.0 0.723762 0.572552 0.029343 0.052479
0.0 0.812383 0.512111 0.031527 0.070314
0.0 0.728647 0.438936 0.041308 0.075331
0.0 0.658917 0.814260 0.071029 0.093484
0.0 0.787534 0.842584 0.042890 0.063304
0.0 0.996747 0.811082 0.006505 0.061247
0.0 0.950831 0.639977 0.048525 0.096838
0.0 0.908924 0.619136 0.045375 0.077357
0.0 0.956254 0.485044 0.024248 0.073241
0.0 0.883377 0.487673 0.060537 0.101365
0.0 0.978141 0.920771 0.034581 0.051593
0.0 0.695209 0.050275 0.022490 0.040182
0.0 0.769654 0.079723 0.060551 0.057829
0.0 0.910584 0.144319 0.038664 0.047510
0.0 0.867411 0.125994 0.026952 0.039201
0.0 0.271913 0.726284 0.068671 0.105416
0.0 0.768657 0.521402 0.029358 0.046370
0.0 0.849801 0.663371 0.028788 0.041717
0.0 0.904013 0.919619 0.036180 0.070884
0.0 0.318151 0.172020 0.039472 0.072815
3.0 0.313023 0.599250 0.191180 0.201387
