0.0 0.142556 0.500405 0.041724 0.075934
0.0 0.151688 0.788651 0.267285 0.401896
0.0 0.085664 0.562646 0.048464 0.053670
0.0 0.243579 0.597443 0.029965 0.041120
0.0 0.262417 0.050218 0.056421 0.100435
0.0 0.382584 0.152698 0.032122 0.037328
0.0 0.193667 0.161806 0.029625 0.050448
0.0 0.063872 0.294139 0.027137 0.047217
0.0 0.057597 0.727134 0.044495 0.101761
0.0 0.215576 0.743946 0.019893 0.042204
0.0 0.372027 0.693423 0.040026 0.056388
0.0 0.469382 0.685486 0.029605 0.083151
0.0 0.508655 0.615377 0.047974 0.126063
0.0 0.543065 0.432416 0.079843 0.091742
0.0 0.628280 0.200224 0.056698 0.079753
0.0 0.913518 0.072069 0.025366 0.026110
0.0 0.745381 0.154891 0.024199 0.050972
0.0 0.305635 0.957785 0.029688 0.068361
0.0 0.370554 0.957708 0.028928 0.035621
0.0 0.351891 0.822307 0.028441 0.041827
0.0 0.565687 0.966098 0.028394 0.057398
0.0 0.592828 0.985309 0.014844 0.029381
0.0 0.538764 0.873326 0.070341 0.071829
0.0 0.876462 0.910316 0.033176 0.076311
0.0 0.898643 0.904320 0.027960 0.097869
0.0 0.952222 0.712875 0.019490 0.033620
0.0 0.889084 0.708343 0.050822 0.087263
0.0 0.875763 0.376101 0.037675 0.072629
0.0 0.913275 0.343451 0.030798 0.075421
0.0 0.967241 0.177051 0.040183 0.043158
0.0 0.985334 0.089528 0.029332 0.081591
0.0 0.847745 0.073670 0.023712 0.057178
0.0 0.680587 0.601560 0.021124 0.035254
0.0 0.719833 0.548657 0.026613 0.052643
0.0 0.611485 0.507587 0.079743 0.073049
0.0 0.683171 0.513303 0.017232 0.018719
0.0 0.562732 0.629651 0.022734 0.135778
0.0 0.677729 0.728910 0.026833 0.057325
0.0 0.873107 0.831947 0.017662 0.044435
0.0 0.715078 0.916026 0.013990 0.032583
0.0 0.797289 0.990124 0.014064 0.019752
0.0 0.826897 0.983069 0.015294 0.027193
0.0 0.795370 0.472432 0.015761 0.053690
0.0 0.854009 0.472842 0.033353 0.030378
0.0 0.872492 0.495610 0.027000 0.027744
0.0 0.751218 0.463318 0.018673 0.032803
0.0 0.706156 0.423658 0.025916 0.037815
0.0 0.987179 0.451728 0.018599 0.031242
0.0 0.951374 0.298315 0.012126 0.042618
0.0 0.973612 0.324388 0.013246 0.033327
0.0 0.986881 0.268750 0.026238 0.057398
0.0 0.965333 0.883209 0.018919 0.054617
0.0 0.904459 0.813868 0.011199 0.039460
0.0 0.922591 0.810810 0.012346 0.047300
0.0 0.942541 0.802362 0.013467 0.038009
0.0 0.975727 0.745264 0.013760 0.044252
0.0 0.599457 0.830034 0.017028 0.047520
0.0 0.772026 0.885854 0.022344 0.044656
0.0 0.715788 0.801089 0.069268 0.065549
0.0 0.696785 0.656287 0.017028 0.047520
0.0 0.819252 0.330428 0.016588 0.038156
0.0 0.790610 0.224279 0.017589 0.042875
0.0 0.267921 0.295909 0.050758 0.069351
0.0 0.479635 0.983170 0.028037 0.033243
0.0 0.871075 0.608950 0.013173 0.031766
0.0 0.874912 0.261090 0.013587 0.023999
