0.0 0.301284 0.185798 0.075625 0.079067
0.0 0.487699 0.115706 0.069634 0.059997
0.0 0.444713 0.370298 0.044754 0.158335
0.0 0.640415 0.315410 0.043358 0.071581
0.0 0.500576 0.390777 0.079187 0.130815
0.0 0.546117 0.314952 0.053407 0.092644
0.0 0.390383 0.482082 0.098768 0.093950
0.0 0.010726 0.876200 0.021452 0.089217
0.0 0.024225 0.801369 0.048449 0.056364
0.0 0.710983 0.955275 0.070105 0.089450
0.0 0.357281 0.795189 0.079069 0.116241
0.0 0.131067 0.265587 0.074645 0.104245
0.0 0.858287 0.243255 0.283426 0.428127
0.0 0.456027 0.568927 0.104189 0.128282
0.0 0.281953 0.432848 0.044325 0.080120
0.0 0.295745 0.560995 0.053098 0.069619
0.0 0.920007 0.734694 0.057756 0.070147
0.0 0.960935 0.310826 0.067221 0.140188
0.0 0.795792 0.276398 0.041630 0.069853
0.0 0.142072 0.487768 0.069988 0.103718
0.0 0.855057 0.523700 0.045951 0.074174
0.0 0.918935 0.466463 0.038788 0.071830
0.0 0.992376 0.272159 0.015248 0.035139
0.0 0.658823 0.055676 0.023730 0.047135
0.0 0.718231 0.072625 0.018208 0.045743
0.0 0.670359 0.189857 0.032885 0.053536
0.0 0.720486 0.719173 0.064963 0.093186
0.0 0.784209 0.857693 0.032402 0.069574
0.0 0.236251 0.829443 0.047297 0.059000
0.0 0.053717 0.899975 0.026396 0.043605
0.0 0.083361 0.915912 0.023524 0.031785
0.0 0.122718 0.908576 0.027641 0.061372
0.0 0.007419 0.713076 0.014839 0.069222
0.0 0.033412 0.669664 0.028109 0.038435
0.0 0.076549 0.628947 0.037969 0.091662
0.0 0.115760 0.609015 0.048324 0.095134
0.0 0.124045 0.077666 0.029767 0.086901
0.0 0.149575 0.081343 0.038467 0.082522
0.0 0.318700 0.476322 0.021108 0.030745
0.0 0.336828 0.267662 0.036957 0.062427
0.0 0.193939 0.765683 0.026263 0.022133
0.0 0.595526 0.857552 0.035344 0.034656
0.0 0.539987 0.806447 0.026996 0.042140
0.0 0.200688 0.511704 0.024185 0.057915
0.0 0.243969 0.525254 0.027582 0.033777
0.0 0.009313 0.516646 0.018626 0.033762
0.0 0.062226 0.262508 0.028973 0.039299
0.0 0.040053 0.222257 0.018208 0.045743
0.0 0.428103 0.065713 0.027524 0.046798
0.0 0.439179 0.013138 0.017578 0.026277
0.0 0.231568 0.107140 0.016523 0.024095
0.0 0.257537 0.106936 0.019218 0.034362
0.0 0.310751 0.074437 0.020155 0.029104
0.0 0.208094 0.000987 0.014634 0.001974
0.0 0.983250 0.162394 0.015219 0.019349
0.0 0.420482 0.160772 0.022090 0.046183
0.0 0.106011 0.160538 0.047077 0.036751
0.0 0.148312 0.148031 0.020668 0.026863
0.0 0.068543 0.498310 0.022396 0.028592
0.0 0.172266 0.651582 0.022411 0.035490
0.0 0.327786 0.382216 0.026615 0.025238
0.0 0.214790 0.248337 0.012202 0.019774
0.0 0.551316 0.019126 0.036297 0.036297
0.0 0.462935 0.035849 0.023511 0.065502
0.0 0.416758 0.249195 0.016259 0.021766
