0.0 0.328125 0.932813 0.040625 0.120312
0.0 0.710156 0.928906 0.039062 0.067969
0.0 0.470312 0.921875 0.040625 0.039844
0.0 0.552344 0.869531 0.042188 0.064844
0.0 0.685156 0.710938 0.051562 0.081250
0.0 0.497656 0.713281 0.063281 0.151563
0.0 0.277344 0.612500 0.031250 0.112500
0.0 0.434375 0.528125 0.069531 0.085938
0.0 0.425000 0.635156 0.082031 0.039062
0.0 0.549219 0.582812 0.074219 0.134375
0.0 0.384375 0.462500 0.050000 0.042187
0.0 0.381250 0.275781 0.026562 0.057812
0.0 0.275781 0.060938 0.114063 0.121875
0.0 0.749219 0.046094 0.084375 0.092188
3.0 0.550781 0.149219 0.142969 0.298437
