0.0 0.225275 0.071323 0.058560 0.111318
0.0 0.168269 0.184269 0.025745 0.073151
0.0 0.052477 0.325804 0.030949 0.060769
0.0 0.174467 0.806838 0.262087 0.386325
0.0 0.090103 0.590695 0.037099 0.056214
0.0 0.143444 0.526274 0.038243 0.073414
0.0 0.045145 0.793250 0.022694 0.039515
0.0 0.072391 0.751260 0.049968 0.111137
0.0 0.232060 0.763521 0.028474 0.054471
0.0 0.249936 0.610766 0.029025 0.043552
0.0 0.383915 0.701711 0.031829 0.065472
0.0 0.483761 0.693354 0.037626 0.081209
0.0 0.518808 0.613691 0.048522 0.116571
0.0 0.572185 0.625068 0.023273 0.141022
0.0 0.614218 0.506187 0.075570 0.066394
0.0 0.684897 0.596904 0.023524 0.041875
0.0 0.725141 0.541356 0.021642 0.063696
0.0 0.695767 0.408352 0.023541 0.042656
0.0 0.746596 0.447132 0.014085 0.038553
0.0 0.793593 0.452392 0.018600 0.067535
0.0 0.858768 0.467428 0.044409 0.069641
0.0 0.903396 0.879078 0.029865 0.083387
0.0 0.895516 0.801883 0.022094 0.048090
0.0 0.929089 0.874629 0.022934 0.087925
0.0 0.901472 0.676730 0.053643 0.100284
0.0 0.967979 0.680797 0.020581 0.050401
0.0 0.991454 0.719373 0.015944 0.052645
0.0 0.931695 0.442447 0.013288 0.037755
0.0 0.982086 0.423411 0.013970 0.033085
0.0 0.864740 0.343055 0.038671 0.093722
0.0 0.901837 0.323519 0.039765 0.108579
0.0 0.943400 0.145259 0.046159 0.041571
0.0 0.723021 0.144437 0.030768 0.052177
0.0 0.609873 0.189020 0.053380 0.087787
0.0 0.538385 0.430425 0.076179 0.095294
0.0 0.253913 0.317649 0.053716 0.066714
0.0 0.358588 0.167752 0.030686 0.048272
0.0 0.818695 0.049430 0.031714 0.060004
0.0 0.857617 0.042357 0.017160 0.036275
0.0 0.888211 0.047963 0.021264 0.045731
0.0 0.954915 0.061404 0.024447 0.085615
0.0 0.935816 0.267321 0.016429 0.038602
0.0 0.968825 0.239275 0.012204 0.060374
0.0 0.802162 0.302960 0.013090 0.028382
0.0 0.693600 0.713153 0.031549 0.052194
0.0 0.741232 0.785602 0.066945 0.064651
0.0 0.569497 0.868148 0.064002 0.073177
0.0 0.597184 0.958209 0.013601 0.052596
0.0 0.623453 0.981098 0.017876 0.033168
0.0 0.829641 0.975967 0.015565 0.034680
0.0 0.856748 0.964456 0.016330 0.033916
0.0 0.510880 0.978783 0.035240 0.042122
0.0 0.398922 0.968642 0.031582 0.053756
0.0 0.334808 0.966868 0.026181 0.056765
0.0 0.308242 0.929920 0.011512 0.027568
0.0 0.742856 0.899655 0.012490 0.036958
0.0 0.756109 0.861086 0.013954 0.032304
0.0 0.796174 0.871181 0.015714 0.041710
0.0 0.818463 0.853520 0.013420 0.044004
0.0 0.992526 0.948261 0.014948 0.065208
0.0 0.631706 0.927787 0.014751 0.033102
0.0 0.624894 0.827127 0.017678 0.023795
0.0 0.683635 0.500034 0.022546 0.032485
0.0 0.065334 0.898317 0.016215 0.028448
0.0 0.524512 0.772981 0.009168 0.027519
0.0 0.648202 0.783657 0.016946 0.026121
0.0 0.924917 0.787979 0.011093 0.044735
0.0 0.942898 0.788381 0.015401 0.026870
0.0 0.770455 0.207513 0.024988 0.037221
0.0 0.813006 0.705946 0.009267 0.032205
0.0 0.828206 0.648581 0.014801 0.035445
0.0 0.375731 0.832382 0.032963 0.045197
0.0 0.858660 0.240036 0.016880 0.022997
0.0 0.967292 0.351832 0.009119 0.025176
0.0 0.985545 0.142807 0.014784 0.034664
