0.0 0.328125 0.935156 0.045313 0.129688
0.0 0.370313 0.862500 0.033594 0.066406
0.0 0.260156 0.942969 0.016406 0.033594
0.0 0.282031 0.971875 0.014063 0.024219
0.0 0.283594 0.612500 0.040625 0.120312
0.0 0.389062 0.461719 0.047656 0.046875
0.0 0.432813 0.531250 0.076563 0.080469
0.0 0.545313 0.580469 0.075781 0.141406
0.0 0.427344 0.635938 0.082031 0.056250
0.0 0.499219 0.711719 0.050781 0.138281
0.0 0.711719 0.934375 0.030469 0.057031
0.0 0.682031 0.718750 0.043750 0.106250
0.0 0.552344 0.879687 0.025781 0.042969
0.0 0.477344 0.920313 0.041406 0.043750
0.0 0.529688 0.969531 0.024219 0.031250
0.0 0.403125 0.885938 0.017969 0.028125
0.0 0.440625 0.849219 0.016406 0.052344
0.0 0.498438 0.853125 0.013281 0.057031
0.0 0.756250 0.031250 0.055469 0.062500
0.0 0.266406 0.050781 0.101562 0.101562
0.0 0.384375 0.282813 0.035937 0.056250
0.0 0.231250 0.298438 0.028125 0.055469
0.0 0.305469 0.257031 0.025781 0.056250
0.0 0.231250 0.674219 0.026563 0.060938
0.0 0.245312 0.738281 0.013281 0.034375
0.0 0.282813 0.785156 0.010938 0.032812
0.0 0.301562 0.722656 0.018750 0.031250
0.0 0.437500 0.025781 0.030469 0.051562
0.0 0.609375 0.050000 0.041406 0.099219
0.0 0.701563 0.248437 0.029688 0.058594
1.0 0.541406 0.158594 0.095312 0.297656
0.0 0.332812 0.769531 0.014844 0.022656
0.0 0.357031 0.707031 0.014844 0.028125
0.0 0.340625 0.009375 0.015625 0.018750
0.0 0.232812 0.174219 0.022656 0.041406
0.0 0.282031 0.132031 0.028906 0.032031
0.0 0.250781 0.379687 0.015625 0.030469
0.0 0.396094 0.829687 0.010156 0.026562
