0.0 0.571094 0.402344 0.089063 0.148438
0.0 0.771094 0.284375 0.076563 0.156250
0.0 0.806250 0.142188 0.068750 0.110156
0.0 0.910156 0.854688 0.117188 0.117969
0.0 0.323438 0.574219 0.087500 0.126562
0.0 0.054688 0.784375 0.047656 0.133594
0.0 0.254687 0.876562 0.064844 0.125781
0.0 0.504687 0.210938 0.046875 0.065625
0.0 0.160937 0.751562 0.064844 0.196875
0.0 0.137500 0.967188 0.025781 0.053125
0.0 0.402344 0.740625 0.057812 0.091406
0.0 0.602344 0.621875 0.032812 0.096094
0.0 0.606250 0.201563 0.028125 0.115625
0.0 0.817188 0.412500 0.030469 0.064844
0.0 0.488281 0.578906 0.032812 0.060938
0.0 0.654687 0.559375 0.039844 0.091406
0.0 0.653125 0.027344 0.041406 0.045313
0.0 0.385156 0.508594 0.048437 0.073437
0.0 0.300000 0.689062 0.075781 0.081250
