0.0 0.523160 0.331181 0.059962 0.117706
0.0 0.593256 0.404498 0.103919 0.067741
0.0 0.572613 0.481675 0.079090 0.072829
0.0 0.310956 0.309766 0.058147 0.078323
0.0 0.456287 0.437299 0.071617 0.118926
0.0 0.620455 0.542452 0.052961 0.065484
0.0 0.671858 0.913631 0.251962 0.172738
0.0 0.626177 0.923239 0.029462 0.039202
0.0 0.614334 0.691059 0.034901 0.039771
0.0 0.301274 0.132012 0.037512 0.050035
0.0 0.504795 0.131310 0.025902 0.041904
0.0 0.474169 0.198802 0.027989 0.039816
0.0 0.558311 0.175399 0.042138 0.042834
0.0 0.728466 0.178276 0.053213 0.119306
0.0 0.251119 0.678981 0.033708 0.050405
0.0 0.168057 0.857244 0.074464 0.080030
0.0 0.288115 0.595660 0.022270 0.029228
0.0 0.803547 0.181418 0.026029 0.035769
0.0 0.839728 0.361158 0.018141 0.026490
0.0 0.802097 0.345439 0.016425 0.024774
0.0 0.825644 0.398175 0.014790 0.023834
0.0 0.810068 0.404400 0.018756 0.025017
0.0 0.771669 0.403525 0.020147 0.023626
0.0 0.749535 0.449912 0.045796 0.077799
0.0 0.738103 0.348955 0.020021 0.029761
0.0 0.670599 0.235849 0.027375 0.041289
0.0 0.770850 0.786770 0.022804 0.026978
0.0 0.786242 0.684693 0.018593 0.023463
0.0 0.697529 0.721757 0.029950 0.043864
0.0 0.528951 0.884003 0.031422 0.043250
0.0 0.789920 0.101441 0.027872 0.031351
0.0 0.786377 0.060223 0.019939 0.028984
0.0 0.874540 0.058450 0.017979 0.024936
0.0 0.783534 0.154973 0.013687 0.020645
0.0 0.506754 0.060033 0.022804 0.026978
0.0 0.422249 0.026841 0.018304 0.028044
0.0 0.529762 0.230540 0.018675 0.024240
0.0 0.347196 0.068477 0.019858 0.028207
0.0 0.242786 0.000257 0.019325 0.000514
0.0 0.691094 0.054968 0.014871 0.024611
0.0 0.652270 0.028126 0.014790 0.023834
0.0 0.674108 0.352472 0.015973 0.027800
0.0 0.790426 0.704768 0.012992 0.021340
