0.0 0.027270 0.169239 0.054539 0.130837
0.0 0.382351 0.122932 0.079348 0.079348
0.0 0.804043 0.190992 0.353384 0.381984
0.0 0.588538 0.275220 0.079109 0.077804
0.0 0.734695 0.187775 0.066940 0.081949
0.0 0.909603 0.168610 0.109523 0.152592
0.0 0.978723 0.623877 0.042555 0.075478
0.0 0.403961 0.374936 0.049844 0.151645
0.0 0.464972 0.386048 0.066866 0.130166
0.0 0.495183 0.295202 0.047133 0.109779
0.0 0.382289 0.515846 0.098070 0.098070
0.0 0.469964 0.586866 0.093833 0.138861
0.0 0.262886 0.500332 0.036177 0.077941
0.0 0.437171 0.844918 0.070083 0.077914
0.0 0.100543 0.753926 0.044146 0.090478
0.0 0.140552 0.726389 0.051259 0.078015
0.0 0.083660 0.935994 0.047280 0.076645
0.0 0.314928 0.908107 0.034550 0.052822
0.0 0.309504 0.622767 0.030570 0.051452
0.0 0.115717 0.586353 0.069715 0.065800
0.0 0.209190 0.235112 0.077445 0.076793
0.0 0.828402 0.890302 0.083309 0.124421
1.0 0.692178 0.531130 0.190819 0.220184
0.0 0.916121 0.348638 0.057491 0.074458
