0.0 0.110937 0.402344 0.027344 0.026563
0.0 0.173437 0.472656 0.022656 0.039062
0.0 0.182031 0.446875 0.017187 0.014844
0.0 0.159375 0.388281 0.055469 0.057813
0.0 0.194531 0.396094 0.010937 0.026563
0.0 0.227344 0.335938 0.076563 0.065625
0.0 0.191406 0.535937 0.032812 0.046094
0.0 0.376562 0.460156 0.022656 0.026563
0.0 0.529687 0.314063 0.025000 0.018750
0.0 0.399219 0.278125 0.020313 0.017969
0.0 0.529687 0.343750 0.030469 0.030469
0.0 0.357031 0.249219 0.014063 0.017188
0.0 0.428125 0.246875 0.027344 0.003125
0.0 0.468750 0.457031 0.037500 0.032812
0.0 0.624219 0.432813 0.014063 0.021094
0.0 0.696875 0.285156 0.058594 0.073438
0.0 0.642188 0.267188 0.028906 0.027344
0.0 0.610938 0.246875 0.017969 0.021094
0.0 0.553125 0.304688 0.012500 0.003906
0.0 0.581250 0.295312 0.011719 0.008594
0.0 0.570312 0.326562 0.017969 0.012500
0.0 0.631250 0.337500 0.018750 0.028125
0.0 0.747656 0.382812 0.007812 0.014844
0.0 0.753125 0.404687 0.017969 0.016406
0.0 0.746875 0.435937 0.007031 0.012500
0.0 0.742187 0.510938 0.021875 0.024219
0.0 0.789844 0.407813 0.007812 0.008594
0.0 0.820312 0.403125 0.031250 0.025781
0.0 0.845313 0.392188 0.009375 0.010156
0.0 0.817188 0.433594 0.033594 0.026563
0.0 0.800781 0.470313 0.051562 0.039844
0.0 0.904688 0.393750 0.016406 0.017969
0.0 0.873437 0.411719 0.018750 0.020312
0.0 0.865625 0.429688 0.016406 0.013281
0.0 0.878125 0.446875 0.016406 0.011719
0.0 0.895313 0.467969 0.009375 0.023438
0.0 0.886719 0.491406 0.029687 0.023438
0.0 0.822656 0.514063 0.007812 0.011719
0.0 0.829688 0.542188 0.019531 0.019531
0.0 0.932031 0.595312 0.010937 0.013281
0.0 0.926563 0.551562 0.017969 0.021875
0.0 0.903125 0.523438 0.025781 0.036719
0.0 0.965625 0.537500 0.047656 0.043750
0.0 0.973438 0.659375 0.028125 0.019531
0.0 0.562500 0.296875 0.019531 0.013281
