1.0 0.405289 0.424496 0.126403 0.132100
0.0 0.875879 0.260759 0.248242 0.391384
1.0 0.967952 0.355640 0.064097 0.118331
1.0 0.296906 0.785344 0.139517 0.104625
1.0 0.160301 0.768995 0.077671 0.086216
1.0 0.168632 0.892022 0.092678 0.099087
1.0 0.659747 0.732376 0.093107 0.085986
1.0 0.592783 0.496932 0.088967 0.091816
1.0 0.733587 0.454832 0.093408 0.107650
4.0 0.924665 0.724379 0.113780 0.110932
4.0 0.489968 0.590098 0.049130 0.050554
4.0 0.754602 0.594623 0.041792 0.046065
4.0 0.681496 0.587607 0.041593 0.043730
4.0 0.582123 0.576000 0.046330 0.044906
4.0 0.165797 0.538943 0.049028 0.031226
4.0 0.276796 0.680915 0.035795 0.030098
4.0 0.236173 0.651577 0.038709 0.028028
4.0 0.555895 0.892886 0.083230 0.042642
4.0 0.504767 0.894800 0.035366 0.043199
4.0 0.403545 0.831286 0.037170 0.037170
4.0 0.365247 0.875850 0.030479 0.031191
4.0 0.687922 0.962946 0.063473 0.055641
4.0 0.747477 0.862172 0.078927 0.064686
4.0 0.528047 0.695275 0.040103 0.044375
4.0 0.407976 0.273396 0.060444 0.065429
0.0 0.149301 0.171370 0.137761 0.102157
4.0 0.117166 0.079245 0.045552 0.044840
1.0 0.080712 0.074570 0.034539 0.051629
