0.0 0.364063 0.699219 0.274219 0.271875
0.0 0.164844 0.664062 0.096875 0.248438
0.0 0.162500 0.471875 0.112500 0.121875
0.0 0.223437 0.348437 0.055469 0.132812
0.0 0.185938 0.061719 0.121094 0.103125
0.0 0.864844 0.814844 0.230469 0.222656
0.0 0.728125 0.734375 0.247656 0.357813
0.0 0.884375 0.101562 0.127344 0.127344
0.0 0.814063 0.273438 0.367188 0.234375
0.0 0.575781 0.500781 0.171875 0.378906
0.0 0.559375 0.178125 0.282031 0.339063
0.0 0.390625 0.246875 0.063281 0.231250
0.0 0.310156 0.217187 0.046875 0.114062
0.0 0.275781 0.066406 0.130469 0.096875
0.0 0.397656 0.478125 0.069531 0.121875
0.0 0.865625 0.471094 0.250000 0.167188
0.0 0.714844 0.565625 0.112500 0.117188
