0.0 0.364063 0.300000 0.274219 0.271875
0.0 0.164062 0.335156 0.096875 0.248438
0.0 0.162500 0.528125 0.112500 0.121875
0.0 0.223437 0.650781 0.055469 0.132812
0.0 0.185938 0.937500 0.121094 0.103125
0.0 0.864062 0.185938 0.230469 0.222656
0.0 0.728125 0.264844 0.247656 0.357813
0.0 0.884375 0.898438 0.127344 0.127344
0.0 0.813281 0.726562 0.367188 0.234375
0.0 0.575000 0.500000 0.171875 0.378906
0.0 0.559375 0.821094 0.282031 0.339062
0.0 0.390625 0.753125 0.063281 0.231250
0.0 0.309375 0.782031 0.046875 0.114063
0.0 0.275000 0.932812 0.130469 0.096875
0.0 0.398438 0.521875 0.069531 0.121875
0.0 0.865625 0.528906 0.250000 0.167188
0.0 0.714063 0.433594 0.112500 0.117188
