0.0 0.120268 0.617772 0.098479 0.226639
0.0 0.416337 0.537173 0.079194 0.126796
0.0 0.144164 0.148043 0.054586 0.092668
0.0 0.041047 0.569119 0.037356 0.077635
0.0 0.715959 0.423918 0.050884 0.121189
0.0 0.701041 0.540414 0.087223 0.105531
0.0 0.704940 0.720671 0.017786 0.062459
0.0 0.684482 0.606718 0.036291 0.072908
0.0 0.657548 0.586294 0.026893 0.097198
0.0 0.755505 0.468590 0.030684 0.044598
0.0 0.062488 0.448323 0.019054 0.032237
0.0 0.183100 0.177025 0.031423 0.069504
0.0 0.041839 0.157469 0.038441 0.069932
0.0 0.087855 0.224451 0.029199 0.058492
0.0 0.454012 0.869764 0.038271 0.054383
0.0 0.093761 0.410309 0.030996 0.062486
0.0 0.161815 0.423844 0.016620 0.030535
0.0 0.151955 0.264356 0.032481 0.048592
0.0 0.429214 0.274188 0.036875 0.044198
0.0 0.468719 0.383822 0.016695 0.044524
0.0 0.500264 0.392787 0.018559 0.036868
0.0 0.481650 0.184239 0.024065 0.037980
0.0 0.501763 0.265299 0.021774 0.038617
0.0 0.359506 0.532149 0.022174 0.032426
0.0 0.573682 0.678243 0.020024 0.035403
0.0 0.538733 0.943798 0.023665 0.044171
0.0 0.574808 0.891205 0.034942 0.063503
0.0 0.633442 0.956607 0.025917 0.068392
0.0 0.401148 0.786711 0.021774 0.038617
0.0 0.039690 0.514247 0.057841 0.158904
0.0 0.018988 0.430021 0.024065 0.037980
0.0 0.022026 0.380114 0.035179 0.067402
0.0 0.040178 0.094752 0.038638 0.098690
0.0 0.172298 0.097315 0.036413 0.087677
