0.0 0.642393 0.869465 0.182992 0.231545
0.0 0.274417 0.825356 0.460362 0.349014
0.0 0.138002 0.512241 0.271986 0.261628
0.0 0.476202 0.204985 0.283736 0.255251
0.0 0.689192 0.145056 0.267799 0.272978
0.0 0.869931 0.358117 0.260138 0.429232
0.0 0.561321 0.620635 0.502262 0.315171
0.0 0.680566 0.430112 0.186806 0.175801
0.0 0.245897 0.313564 0.119120 0.133362
0.0 0.266986 0.206966 0.123059 0.078390
0.0 0.266672 0.064307 0.246655 0.128613
0.0 0.483283 0.064325 0.216806 0.128650
0.0 0.075277 0.237873 0.131437 0.350249
