0.0 0.707031 0.673437 0.052344 0.084375
0.0 0.417969 0.603906 0.091406 0.041406
0.0 0.426562 0.527344 0.075781 0.064062
0.0 0.492188 0.679688 0.050781 0.127344
0.0 0.548437 0.560156 0.060938 0.110156
0.0 0.373437 0.467187 0.050000 0.052344
0.0 0.284375 0.090625 0.238281 0.180469
0.0 0.327344 0.092969 0.032812 0.039062
0.0 0.430469 0.121875 0.026563 0.045312
0.0 0.367969 0.323438 0.028906 0.051562
0.0 0.735156 0.842969 0.032812 0.042969
0.0 0.557031 0.800781 0.024219 0.038281
0.0 0.304688 0.848437 0.039062 0.107031
0.0 0.474219 0.835156 0.035156 0.036719
0.0 0.532031 0.875000 0.021094 0.022656
0.0 0.255469 0.575781 0.040625 0.073437
0.0 0.175000 0.672656 0.017188 0.022656
0.0 0.185156 0.635156 0.014062 0.017969
0.0 0.200000 0.628906 0.014844 0.024219
0.0 0.236719 0.623438 0.014844 0.017969
0.0 0.256250 0.725000 0.012500 0.017187
0.0 0.278906 0.678125 0.013281 0.023438
0.0 0.214062 0.685938 0.012500 0.021094
0.0 0.231250 0.852344 0.016406 0.026562
0.0 0.251563 0.929688 0.023438 0.022656
0.0 0.253125 0.876562 0.011719 0.019531
0.0 0.259375 0.967969 0.018750 0.025000
0.0 0.173438 0.980469 0.014844 0.017187
0.0 0.353906 0.967188 0.017187 0.019531
0.0 0.395312 0.988281 0.014063 0.021094
0.0 0.696094 0.917188 0.014063 0.020313
0.0 0.622656 0.967188 0.014063 0.023438
0.0 0.539844 0.940625 0.016406 0.020313
0.0 0.497656 0.770312 0.015625 0.021094
0.0 0.357812 0.782031 0.025000 0.040625
0.0 0.197656 0.348437 0.013281 0.021875
0.0 0.282031 0.302344 0.025000 0.037500
0.0 0.198437 0.243750 0.018750 0.022656
0.0 0.214844 0.200000 0.014844 0.025000
0.0 0.188281 0.327344 0.010938 0.017969
0.0 0.792969 0.110156 0.065625 0.073437
0.0 0.714063 0.014844 0.033594 0.027344
0.0 0.726562 0.299219 0.028906 0.039844
0.0 0.696875 0.383594 0.021094 0.021875
0.0 0.808594 0.987500 0.013281 0.019531
0.0 0.217969 0.402344 0.016406 0.021094
0.0 0.628906 0.907031 0.011719 0.017969
0.0 0.341406 0.666406 0.010938 0.024219
0.0 0.362500 0.511719 0.012500 0.017969
