0.0 0.407218 0.387337 0.099429 0.035221
0.0 0.234484 0.411727 0.054971 0.107092
0.0 0.738636 0.123277 0.042308 0.053639
0.0 0.711949 0.311746 0.064536 0.089464
0.0 0.817886 0.900014 0.063934 0.094904
0.0 0.748175 0.703743 0.027277 0.071090
0.0 0.370669 0.537045 0.048733 0.059309
0.0 0.364751 0.691226 0.032938 0.053334
0.0 0.298028 0.917089 0.245994 0.165821
0.0 0.330449 0.933878 0.028805 0.046179
0.0 0.189342 0.777454 0.027795 0.039126
0.0 0.181450 0.679222 0.019987 0.038872
0.0 0.274938 0.717603 0.032132 0.052528
0.0 0.444392 0.904370 0.041248 0.045025
0.0 0.644380 0.876747 0.055013 0.084474
0.0 0.462602 0.143998 0.043514 0.042759
0.0 0.337235 0.206709 0.031606 0.060311
0.0 0.283885 0.128718 0.052679 0.108578
0.0 0.229542 0.020274 0.018697 0.023229
0.0 0.228269 0.053145 0.025300 0.034365
0.0 0.202754 0.133707 0.020361 0.026404
0.0 0.546567 0.178000 0.022431 0.042071
0.0 0.492305 0.311870 0.058280 0.136840
0.0 0.547131 0.435149 0.065376 0.115232
0.0 0.420016 0.468214 0.083803 0.082292
0.0 0.686924 0.047577 0.026666 0.052350
0.0 0.191353 0.311516 0.016177 0.017687
0.0 0.173715 0.369934 0.035426 0.033915
0.0 0.518229 0.099975 0.023917 0.039780
0.0 0.513418 0.024310 0.035222 0.027668
0.0 0.616030 0.008865 0.018646 0.017730
0.0 0.294364 0.282364 0.014190 0.028543
0.0 0.262791 0.320913 0.021192 0.027991
0.0 0.488013 0.204140 0.016889 0.039551
0.0 0.327198 0.018655 0.020386 0.027185
0.0 0.625773 0.065985 0.021523 0.038142
3.0 0.556241 0.786601 0.121543 0.259023
