0.0 0.562388 0.542876 0.097555 0.142744
0.0 0.426674 0.530935 0.093860 0.101607
1.0 0.487998 0.173466 0.190842 0.323827
0.0 0.519782 0.670126 0.079784 0.148859
0.0 0.432647 0.616240 0.101732 0.062353
0.0 0.351972 0.893747 0.068073 0.118427
0.0 0.530006 0.854472 0.045728 0.045728
0.0 0.609698 0.804296 0.034700 0.037928
0.0 0.537465 0.783603 0.031902 0.029966
0.0 0.805252 0.819159 0.037874 0.048203
0.0 0.774123 0.900215 0.020730 0.025895
0.0 0.592915 0.963752 0.014328 0.018847
0.0 0.618505 0.955628 0.020103 0.022039
0.0 0.597182 0.887862 0.023689 0.025626
0.0 0.402218 0.818286 0.031831 0.047970
0.0 0.248768 0.673089 0.017018 0.021537
0.0 0.278213 0.664337 0.022810 0.020228
0.0 0.299948 0.724913 0.018166 0.023976
0.0 0.198216 0.693192 0.012392 0.020784
0.0 0.209926 0.687328 0.017646 0.025393
0.0 0.258217 0.619309 0.053799 0.086077
0.0 0.233992 0.742775 0.019565 0.027957
0.0 0.362460 0.700488 0.015458 0.025787
0.0 0.364788 0.491143 0.056094 0.058676
0.0 0.315517 0.987253 0.033050 0.025493
0.0 0.278037 0.916074 0.022739 0.038232
0.0 0.307895 0.934168 0.014579 0.020389
0.0 0.707361 0.961742 0.020479 0.024353
0.0 0.330302 0.337659 0.039273 0.052184
0.0 0.140557 0.280690 0.026989 0.036672
0.0 0.235546 0.329340 0.034377 0.054390
0.0 0.145741 0.370873 0.015602 0.022057
0.0 0.157092 0.391979 0.021501 0.026020
0.0 0.220408 0.119673 0.258481 0.195217
0.0 0.249620 0.104627 0.034431 0.040886
0.0 0.363133 0.111475 0.036852 0.046535
0.0 0.735107 0.040981 0.071283 0.081962
0.0 0.189515 0.445274 0.024299 0.033982
0.0 0.285244 0.775590 0.015225 0.019744
0.0 0.480404 0.792893 0.016875 0.025267
0.0 0.478019 0.812278 0.019224 0.016642
0.0 0.440666 0.840522 0.021501 0.026020
0.0 0.358836 0.537230 0.022255 0.030647
0.0 0.686962 0.340541 0.026756 0.030629
0.0 0.702975 0.249282 0.036332 0.047952
0.0 0.149594 0.234101 0.018023 0.027706
0.0 0.384555 0.836201 0.013916 0.025536
0.0 0.741948 0.644246 0.066764 0.091941
0.0 0.760943 0.955393 0.015099 0.018973
0.0 0.705405 0.901112 0.022021 0.024604
0.0 0.301043 0.809429 0.015619 0.017556
0.0 0.330823 0.404063 0.015727 0.022828
