3.0 0.633044 0.374124 0.250874 0.437337
0.0 0.255533 0.811960 0.057165 0.107543
0.0 0.247127 0.541175 0.053432 0.097921
0.0 0.472961 0.666577 0.067131 0.123396
0.0 0.384717 0.447607 0.055382 0.051456
0.0 0.422792 0.508749 0.094447 0.080054
0.0 0.394732 0.304509 0.037083 0.050168
0.0 0.675717 0.699936 0.063664 0.085909
0.0 0.680106 0.872896 0.037855 0.050286
0.0 0.425897 0.824561 0.041663 0.045588
0.0 0.511880 0.799767 0.030142 0.039302
0.0 0.318499 0.756777 0.030561 0.037103
0.0 0.849393 0.158238 0.076020 0.087797
0.0 0.349416 0.090615 0.267553 0.181230
0.0 0.392599 0.070248 0.038756 0.041373
0.0 0.403921 0.585687 0.099884 0.051469
0.0 0.535822 0.565539 0.079369 0.124512
0.0 0.490174 0.114402 0.033039 0.053321
0.0 0.756430 0.332126 0.032975 0.057837
