0.0 0.802344 0.913281 0.075000 0.075781
0.0 0.740625 0.715625 0.025000 0.057812
0.0 0.366406 0.533594 0.053125 0.051563
0.0 0.421094 0.474219 0.089844 0.076562
0.0 0.413281 0.391406 0.095312 0.048437
0.0 0.239844 0.407031 0.046875 0.103906
0.0 0.176563 0.361719 0.032031 0.052344
0.0 0.196875 0.300781 0.017188 0.039844
0.0 0.288281 0.914062 0.239062 0.171875
0.0 0.314844 0.927344 0.028906 0.047656
0.0 0.427344 0.902344 0.039844 0.035156
0.0 0.179688 0.771875 0.021094 0.037500
0.0 0.173438 0.667969 0.025000 0.048437
0.0 0.631250 0.884375 0.050000 0.085156
0.0 0.358594 0.685938 0.032031 0.053906
0.0 0.545313 0.435156 0.061719 0.121875
1.0 0.545313 0.788281 0.111719 0.229687
0.0 0.489062 0.216406 0.029688 0.050000
0.0 0.473437 0.147656 0.041406 0.047656
0.0 0.748438 0.132812 0.037500 0.036719
0.0 0.717969 0.317969 0.060156 0.089063
0.0 0.560938 0.183594 0.029688 0.039062
0.0 0.532031 0.107813 0.030469 0.036719
0.0 0.542188 0.044531 0.020313 0.052344
0.0 0.292969 0.130469 0.046875 0.106250
0.0 0.342969 0.200000 0.035937 0.041406
0.0 0.238281 0.097656 0.016406 0.025000
0.0 0.214844 0.129688 0.014844 0.048438
0.0 0.236719 0.045313 0.027344 0.031250
0.0 0.703125 0.056250 0.032031 0.028906
0.0 0.628125 0.015625 0.028125 0.031250
0.0 0.494531 0.316406 0.057813 0.126562
0.0 0.268750 0.308594 0.021094 0.033594
0.0 0.328906 0.325000 0.020312 0.022656
0.0 0.428906 0.207813 0.014063 0.040625
0.0 0.382812 0.182812 0.016406 0.035156
0.0 0.243750 0.010937 0.024219 0.021875
0.0 0.265625 0.715625 0.024219 0.059375
