0.0 0.331756 0.295507 0.048769 0.088500
0.0 0.569044 0.379600 0.077124 0.064135
0.0 0.563981 0.468573 0.068975 0.084256
0.0 0.535061 0.110046 0.036015 0.040600
0.0 0.633425 0.974605 0.028477 0.050789
1.0 0.405739 0.665956 0.163041 0.496169
0.0 0.463344 0.424965 0.050520 0.133038
0.0 0.603048 0.540535 0.039361 0.050822
0.0 0.308927 0.087930 0.024316 0.041126
0.0 0.459314 0.143561 0.018119 0.043333
0.0 0.607847 0.714899 0.026015 0.047408
0.0 0.548782 0.951169 0.021277 0.044963
0.0 0.243962 0.953908 0.059568 0.082490
0.0 0.302653 0.734821 0.022873 0.046559
0.0 0.707529 0.407622 0.035202 0.074933
0.0 0.671596 0.084106 0.035933 0.108518
0.0 0.718511 0.941144 0.104175 0.117713
0.0 0.508260 0.300132 0.045086 0.134481
0.0 0.486196 0.057407 0.020818 0.023874
0.0 0.735558 0.089407 0.016183 0.026115
0.0 0.777795 0.302877 0.019307 0.026183
0.0 0.745365 0.284979 0.012175 0.021344
