1.0 0.408534 0.341319 0.245864 0.435644
0.0 0.644988 0.868865 0.055915 0.107189
0.0 0.730520 0.611807 0.052299 0.097580
0.0 0.478247 0.667349 0.065702 0.122969
0.0 0.625454 0.482783 0.054896 0.050901
0.0 0.571477 0.530474 0.093726 0.079076
0.0 0.656801 0.342801 0.036541 0.049859
0.0 0.274423 0.641300 0.062738 0.085378
0.0 0.220729 0.805774 0.037315 0.049967
0.0 0.478141 0.832195 0.041203 0.045198
0.0 0.402847 0.783835 0.029723 0.039045
0.0 0.600444 0.797973 0.030173 0.036832
0.0 0.263000 0.072556 0.075118 0.087104
0.0 0.767783 0.129520 0.265523 0.222906
0.0 0.725873 0.118944 0.038342 0.041006
0.0 0.567546 0.609595 0.099577 0.050301
0.0 0.446923 0.552550 0.077974 0.123921
0.0 0.619744 0.133334 0.032438 0.053081
0.0 0.302323 0.265774 0.032312 0.057616
