0.0 0.646875 0.592187 0.125781 0.202344
0.0 0.733594 0.323438 0.110937 0.189844
0.0 0.528125 0.370313 0.122656 0.212500
0.0 0.907812 0.879687 0.153906 0.184375
0.0 0.270312 0.867188 0.080469 0.192969
0.0 0.198437 0.409375 0.053906 0.152344
0.0 0.143750 0.676562 0.053906 0.156250
0.0 0.955469 0.371875 0.089062 0.336719
0.0 0.796875 0.592187 0.072656 0.194531
0.0 0.820312 0.442187 0.084375 0.084375
0.0 0.847656 0.306250 0.070312 0.089844
0.0 0.388281 0.621875 0.079687 0.114844
0.0 0.085938 0.309375 0.046875 0.096875
0.0 0.066406 0.712500 0.054688 0.109375
0.0 0.627344 0.400000 0.051563 0.150000
0.0 0.090625 0.469531 0.062500 0.135937
0.0 0.295312 0.443750 0.069531 0.175781
