0.0 0.234375 0.934375 0.056250 0.110156
0.0 0.175000 0.822656 0.024219 0.072656
0.0 0.056250 0.683594 0.029688 0.060156
0.0 0.167969 0.195312 0.253906 0.390625
0.0 0.088281 0.417969 0.035938 0.055469
0.0 0.142969 0.481250 0.036719 0.072656
0.0 0.039062 0.216406 0.021875 0.039062
0.0 0.067187 0.257812 0.047656 0.110156
0.0 0.226562 0.242188 0.027344 0.053906
0.0 0.247656 0.394531 0.028125 0.042969
0.0 0.379687 0.300781 0.030469 0.064844
0.0 0.479688 0.307031 0.035938 0.080469
0.0 0.516406 0.385938 0.046094 0.115625
0.0 0.569531 0.373438 0.020312 0.140625
0.0 0.614062 0.491406 0.074219 0.064844
0.0 0.682813 0.399219 0.022656 0.041406
0.0 0.724219 0.453906 0.020312 0.063281
0.0 0.697656 0.587500 0.022656 0.042188
0.0 0.747656 0.547656 0.013281 0.038281
0.0 0.794531 0.541406 0.017188 0.067187
0.0 0.859375 0.525000 0.042969 0.068750
0.0 0.895313 0.112500 0.028125 0.082813
0.0 0.889063 0.189844 0.021094 0.047656
0.0 0.921094 0.116406 0.021094 0.087500
0.0 0.897656 0.314844 0.051562 0.099219
0.0 0.964063 0.309375 0.019531 0.050000
0.0 0.986719 0.270312 0.014844 0.052344
0.0 0.932812 0.548438 0.012500 0.037500
0.0 0.983594 0.566406 0.013281 0.032812
0.0 0.867969 0.649219 0.036719 0.092969
0.0 0.905469 0.667969 0.037500 0.107813
0.0 0.950781 0.845313 0.045313 0.040625
0.0 0.730469 0.850781 0.029688 0.051562
0.0 0.616406 0.808594 0.051562 0.086719
0.0 0.539844 0.568750 0.074219 0.093750
0.0 0.257812 0.687500 0.052344 0.065625
0.0 0.365625 0.835156 0.029688 0.047656
0.0 0.828125 0.943750 0.030469 0.059375
0.0 0.867188 0.950000 0.016406 0.035937
0.0 0.897656 0.943750 0.020313 0.045313
0.0 0.964062 0.928906 0.022656 0.085156
0.0 0.940625 0.723437 0.015625 0.038281
0.0 0.974219 0.750781 0.010938 0.060156
0.0 0.806250 0.690625 0.012500 0.028125
0.0 0.689063 0.282812 0.030469 0.051563
0.0 0.735156 0.209375 0.065625 0.063281
0.0 0.561719 0.130469 0.062500 0.071875
0.0 0.587500 0.039844 0.012500 0.052344
0.0 0.613281 0.016406 0.017187 0.032812
0.0 0.819531 0.017187 0.014844 0.034375
0.0 0.846875 0.028125 0.015625 0.033594
0.0 0.500781 0.021094 0.034375 0.041406
0.0 0.389063 0.033594 0.030469 0.053125
0.0 0.325000 0.036719 0.025000 0.056250
0.0 0.299219 0.074219 0.010937 0.027344
0.0 0.734375 0.095312 0.011719 0.036719
0.0 0.748438 0.133594 0.013281 0.032031
0.0 0.788281 0.122656 0.014844 0.041406
0.0 0.810937 0.139844 0.012500 0.043750
0.0 0.985156 0.041406 0.017969 0.064844
0.0 0.622656 0.069531 0.014063 0.032812
0.0 0.617969 0.170313 0.017187 0.023438
0.0 0.683594 0.496094 0.021875 0.032031
0.0 0.057031 0.110937 0.015625 0.028125
0.0 0.518750 0.226562 0.008594 0.027344
0.0 0.642188 0.213281 0.016406 0.025781
0.0 0.918750 0.203125 0.010156 0.044531
0.0 0.936719 0.202344 0.014844 0.026562
0.0 0.776562 0.786719 0.024219 0.036719
0.0 0.808594 0.287500 0.008594 0.032031
0.0 0.825000 0.344531 0.014062 0.035156
0.0 0.368750 0.170313 0.032031 0.044531
0.0 0.864063 0.752344 0.016406 0.022656
0.0 0.970313 0.638281 0.008594 0.025000
0.0 0.992969 0.846875 0.014062 0.034375
