3.0 0.503885 0.841655 0.143563 0.301412
0.0 0.649886 0.703534 0.047729 0.060437
0.0 0.560252 0.461846 0.099161 0.097824
0.0 0.615152 0.529282 0.050788 0.066172
0.0 0.554060 0.364133 0.100586 0.052429
0.0 0.704692 0.358629 0.068400 0.111876
0.0 0.799420 0.910271 0.118050 0.119387
0.0 0.612340 0.055036 0.066387 0.110072
0.0 0.547332 0.100132 0.030531 0.034544
0.0 0.581275 0.129419 0.041777 0.072544
0.0 0.476221 0.290355 0.066375 0.164027
0.0 0.444536 0.434217 0.083975 0.148185
0.0 0.309671 0.985371 0.070073 0.029257
0.0 0.289800 0.310975 0.059359 0.106847
0.0 0.232523 0.104308 0.043926 0.065998
0.0 0.398272 0.134594 0.028338 0.063119
0.0 0.410306 0.037556 0.029930 0.041301
0.0 0.469158 0.076071 0.052801 0.047450
0.0 0.455055 0.152102 0.021551 0.052318
0.0 0.800216 0.661015 0.033082 0.081239
0.0 0.728661 0.720417 0.033404 0.066847
0.0 0.811993 0.782410 0.025917 0.045314
0.0 0.654050 0.010360 0.016807 0.020720
0.0 0.678531 0.027781 0.027496 0.055562
0.0 0.630892 0.210188 0.026654 0.050733
0.0 0.666310 0.250313 0.024549 0.035250
0.0 0.675761 0.192260 0.016002 0.022691
0.0 0.722437 0.234008 0.020152 0.030853
0.0 0.333151 0.780509 0.027744 0.053160
0.0 0.747679 0.292073 0.034290 0.051011
0.0 0.620974 0.960556 0.041431 0.058821
0.0 0.448915 0.958363 0.051128 0.083274
0.0 0.611551 0.276682 0.019731 0.027757
0.0 0.511040 0.140547 0.025880 0.050628
0.0 0.767239 0.586656 0.016386 0.031101
