0.0 0.387500 0.705469 0.033594 0.052344
0.0 0.352344 0.978125 0.026562 0.035156
0.0 0.441406 0.947656 0.029688 0.047656
0.0 0.740625 0.953125 0.063281 0.084375
0.0 0.535156 0.429688 0.064062 0.135937
0.0 0.671094 0.301562 0.039844 0.085938
0.0 0.337500 0.089844 0.047656 0.121875
0.0 0.292969 0.396875 0.033594 0.110156
0.0 0.392187 0.537500 0.050000 0.047656
0.0 0.438281 0.467188 0.062500 0.077344
0.0 0.497656 0.297656 0.039844 0.135937
0.0 0.431250 0.375000 0.071875 0.042969
0.0 0.702344 0.092188 0.030469 0.052344
0.0 0.271094 0.935156 0.105469 0.129688
0.0 0.246094 0.803906 0.026562 0.027344
0.0 0.241406 0.686719 0.018750 0.039844
0.0 0.224219 0.294531 0.019531 0.028125
0.0 0.239844 0.339844 0.034375 0.027344
0.0 0.378906 0.167188 0.023438 0.053906
0.0 0.475781 0.107031 0.033594 0.041406
0.0 0.546094 0.136719 0.021094 0.052344
0.0 0.527344 0.057813 0.017969 0.028906
0.0 0.270312 0.089063 0.011719 0.025000
0.0 0.296094 0.232031 0.021094 0.025000
0.0 0.258594 0.278906 0.014844 0.025000
0.0 0.311719 0.290625 0.019531 0.032812
0.0 0.607031 0.925781 0.035937 0.102344
0.0 0.689063 0.738281 0.028906 0.041406
0.0 0.666406 0.639844 0.017969 0.025000
0.0 0.532813 0.321094 0.014063 0.027344
0.0 0.314844 0.735156 0.019531 0.057031
0.0 0.346094 0.393750 0.016406 0.026562
0.0 0.663281 0.014063 0.015625 0.027344
0.0 0.413281 0.132812 0.013281 0.024219
0.0 0.443750 0.171094 0.018750 0.043750
0.0 0.260938 0.616406 0.013281 0.022656
0.0 0.339844 0.245313 0.012500 0.018750
0.0 0.366406 0.304688 0.016406 0.032031
0.0 0.290625 0.053125 0.013281 0.022656
0.0 0.497656 0.170313 0.014063 0.047656
