0.0 0.246248 0.771866 0.071571 0.074445
0.0 0.413084 0.863912 0.077204 0.077204
0.0 0.717148 0.915147 0.087317 0.169707
0.0 0.749505 0.779448 0.024340 0.034402
0.0 0.604651 0.707125 0.042264 0.055919
0.0 0.572488 0.960869 0.027697 0.037758
0.0 0.637319 0.963532 0.020682 0.027150
0.0 0.377697 0.946586 0.017635 0.047820
0.0 0.347667 0.970121 0.023320 0.031226
0.0 0.302485 0.834985 0.011632 0.020256
0.0 0.236733 0.884750 0.012592 0.022653
0.0 0.506933 0.683895 0.034363 0.073890
0.0 0.475027 0.610121 0.050144 0.127761
0.0 0.419539 0.618366 0.037031 0.148426
0.0 0.386755 0.495159 0.075646 0.077083
0.0 0.316531 0.491294 0.021943 0.033442
0.0 0.273858 0.516203 0.031243 0.063583
0.0 0.463360 0.426644 0.074695 0.094818
0.0 0.410854 0.183589 0.053840 0.085462
0.0 0.296374 0.123802 0.025248 0.056151
0.0 0.251889 0.182264 0.017511 0.036196
0.0 0.792221 0.085363 0.052648 0.100081
0.0 0.660122 0.172310 0.027103 0.050101
0.0 0.600309 0.206079 0.018169 0.034699
0.0 0.607234 0.835832 0.027460 0.044708
0.0 0.358215 0.823623 0.017511 0.036196
0.0 0.343854 0.918110 0.011753 0.021814
0.0 0.308299 0.405247 0.024762 0.039854
0.0 0.253882 0.430031 0.015772 0.033739
0.0 0.753890 0.327660 0.054068 0.058380
0.0 0.298108 0.699086 0.025425 0.048422
0.0 0.223745 0.850051 0.016426 0.022176
0.0 0.321592 0.851351 0.016245 0.019839
0.0 0.748072 0.625755 0.034410 0.044472
0.0 0.307387 0.579132 0.022959 0.026552
0.0 0.373535 0.726861 0.017265 0.023015
0.0 0.334989 0.769327 0.014868 0.022055
0.0 0.462048 0.980536 0.028416 0.037040
0.0 0.284170 0.646292 0.013375 0.032779
