0.0 0.563704 0.374981 0.024773 0.128867
0.0 0.511714 0.383693 0.066582 0.123834
0.0 0.545716 0.573707 0.081895 0.118328
0.0 0.609032 0.490158 0.094394 0.086215
0.0 0.719587 0.197898 0.063708 0.062964
0.0 0.904304 0.118002 0.027853 0.045698
0.0 0.878933 0.094172 0.030858 0.059855
0.0 0.899863 0.073631 0.015072 0.038865
0.0 0.913943 0.653299 0.031220 0.084010
0.0 0.874820 0.636376 0.040745 0.054872
0.0 0.965789 0.823699 0.045397 0.037961
0.0 0.747577 0.840262 0.028781 0.048856
0.0 0.628420 0.801309 0.052628 0.075678
3.0 0.411532 0.663731 0.289603 0.279193
0.0 0.470902 0.314447 0.032603 0.063831
0.0 0.536451 0.129118 0.044794 0.058178
0.0 0.373361 0.302629 0.026366 0.047185
0.0 0.150321 0.216962 0.266109 0.391765
0.0 0.217679 0.252105 0.026925 0.042540
0.0 0.055390 0.276976 0.049015 0.098088
0.0 0.722870 0.449586 0.021162 0.052390
0.0 0.956114 0.287621 0.022729 0.036112
0.0 0.873015 0.498808 0.017715 0.028868
0.0 0.851004 0.529568 0.027079 0.029310
0.0 0.703610 0.571725 0.018643 0.032026
0.0 0.241327 0.405066 0.030158 0.045028
0.0 0.064662 0.705140 0.028744 0.048076
0.0 0.263783 0.946797 0.054066 0.106112
