0.0 0.516406 0.612500 0.053906 0.118750
0.0 0.618750 0.515625 0.089062 0.090625
0.0 0.610937 0.196094 0.055469 0.090625
0.0 0.539844 0.449219 0.072656 0.117969
0.0 0.947656 0.160156 0.046094 0.054688
0.0 0.903125 0.327344 0.033594 0.114062
0.0 0.869531 0.352344 0.037500 0.069531
0.0 0.731250 0.792188 0.068750 0.075781
0.0 0.551562 0.867188 0.055469 0.066406
0.0 0.903906 0.883594 0.046875 0.080469
0.0 0.893750 0.693750 0.053125 0.092969
0.0 0.144531 0.515625 0.039062 0.070312
0.0 0.054688 0.317187 0.035156 0.057813
0.0 0.239063 0.060156 0.053125 0.110937
0.0 0.153125 0.805469 0.244531 0.388281
0.0 0.064062 0.743750 0.048437 0.113281
0.0 0.228906 0.756250 0.023438 0.059375
0.0 0.476562 0.692969 0.025781 0.075000
0.0 0.379687 0.703125 0.025781 0.051563
0.0 0.719531 0.544531 0.021094 0.064062
0.0 0.727344 0.149219 0.022656 0.059375
1.0 0.403125 0.345313 0.283594 0.261719
0.0 0.245313 0.601562 0.027344 0.054688
