0.0 0.528665 0.331325 0.074071 0.127774
0.0 0.731476 0.368960 0.068297 0.089395
0.0 0.432967 0.456118 0.091142 0.091781
0.0 0.557192 0.447908 0.080726 0.122921
0.0 0.368697 0.512554 0.056376 0.054458
0.0 0.723253 0.934957 0.079196 0.087507
0.0 0.217543 0.870414 0.261922 0.212055
0.0 0.261083 0.870681 0.035289 0.040403
0.0 0.366022 0.868703 0.034040 0.050663
0.0 0.338829 0.655667 0.039563 0.052349
0.0 0.789801 0.202948 0.036713 0.044385
0.0 0.604684 0.215074 0.026177 0.039603
0.0 0.611808 0.075228 0.022543 0.027018
0.0 0.594652 0.138878 0.028588 0.031785
0.0 0.530211 0.168342 0.041189 0.039910
0.0 0.542715 0.234656 0.019200 0.024954
0.0 0.445397 0.182458 0.019708 0.023544
0.0 0.408090 0.201476 0.029666 0.046927
0.0 0.367626 0.122487 0.050744 0.096135
0.0 0.319949 0.090611 0.017921 0.026232
0.0 0.293556 0.110692 0.018445 0.029313
0.0 0.342588 0.006080 0.018561 0.012161
0.0 0.327949 0.038876 0.028065 0.028704
0.0 0.762300 0.126954 0.018561 0.025593
0.0 0.678048 0.650710 0.021511 0.025346
0.0 0.690230 0.737572 0.033909 0.049892
0.0 0.205972 0.551467 0.023328 0.031639
0.0 0.175767 0.598636 0.022935 0.029328
0.0 0.163106 0.621842 0.017398 0.023152
0.0 0.249425 0.659492 0.037630 0.049777
0.0 0.160654 0.706218 0.026031 0.034342
0.0 0.274063 0.383944 0.054418 0.082548
0.0 0.371643 0.313357 0.019608 0.031755
0.0 0.312513 0.288252 0.021526 0.029837
0.0 0.291914 0.344186 0.020202 0.017644
0.0 0.263038 0.336901 0.015465 0.020579
0.0 0.250026 0.268916 0.020232 0.026625
0.0 0.209799 0.277137 0.027063 0.036014
0.0 0.227639 0.321376 0.021772 0.026887
0.0 0.699294 0.068699 0.019593 0.027264
0.0 0.437045 0.385490 0.092400 0.046369
0.0 0.477173 0.010696 0.023590 0.021391
0.0 0.434096 0.020462 0.019331 0.025724
0.0 0.886677 0.071222 0.019593 0.027264
0.0 0.482885 0.227658 0.020232 0.026625
