1.0 0.689062 0.428125 0.160938 0.158594
0.0 0.522656 0.696875 0.033594 0.066406
0.0 0.483594 0.618750 0.047656 0.126563
0.0 0.426562 0.633594 0.024219 0.149219
0.0 0.379687 0.504687 0.086719 0.082031
0.0 0.455469 0.432031 0.079687 0.107813
0.0 0.855469 0.805469 0.260156 0.389062
0.0 0.960156 0.752344 0.047656 0.114062
0.0 0.932813 0.589063 0.038281 0.054688
0.0 0.876562 0.521875 0.037500 0.075000
0.0 0.770312 0.613281 0.032812 0.046094
0.0 0.785156 0.773438 0.026562 0.047656
0.0 0.620313 0.706250 0.036719 0.050781
0.0 0.682813 0.976562 0.025000 0.029688
0.0 0.618750 0.985156 0.026562 0.029687
0.0 0.440625 0.892187 0.065625 0.072656
0.0 0.407813 0.979688 0.020312 0.040625
0.0 0.250781 0.926563 0.025000 0.027344
0.0 0.297656 0.732812 0.034375 0.065625
0.0 0.253125 0.808594 0.075000 0.064844
0.0 0.232812 0.895313 0.021094 0.030469
0.0 0.197656 0.894531 0.020312 0.042969
0.0 0.167969 0.882031 0.014844 0.036719
0.0 0.081250 0.903125 0.030469 0.085156
0.0 0.056250 0.907031 0.021875 0.105469
0.0 0.135156 0.989844 0.017188 0.020312
0.0 0.078906 0.696875 0.050000 0.089063
0.0 0.010156 0.696094 0.019531 0.055469
0.0 0.110156 0.342188 0.042969 0.096875
0.0 0.189063 0.435156 0.008594 0.026562
0.0 0.127344 0.451563 0.030469 0.032812
0.0 0.109375 0.483594 0.032031 0.043750
0.0 0.068750 0.319531 0.033594 0.089844
0.0 0.022656 0.135156 0.041406 0.054688
0.0 0.159375 0.016406 0.018750 0.032031
0.0 0.111719 0.020312 0.021094 0.040625
0.0 0.079687 0.021875 0.025000 0.042969
0.0 0.007812 0.041406 0.015625 0.082813
0.0 0.257812 0.125000 0.024219 0.063281
0.0 0.378906 0.172656 0.054688 0.082031
0.0 0.207031 0.185938 0.018750 0.032031
0.0 0.308594 0.503906 0.020312 0.030469
0.0 0.262500 0.542188 0.024219 0.065625
0.0 0.285156 0.416406 0.021094 0.051563
0.0 0.232812 0.446094 0.017188 0.035156
0.0 0.374219 0.852344 0.015625 0.037500
0.0 0.775781 0.042969 0.052344 0.080469
0.0 0.640625 0.134375 0.029688 0.049219
0.0 0.843750 0.156250 0.019531 0.066406
0.0 0.972656 0.300000 0.029688 0.039062
0.0 0.755469 0.300781 0.057031 0.051563
0.0 0.580469 0.181250 0.017187 0.025000
0.0 0.968750 0.910938 0.010156 0.023438
0.0 0.990625 0.796094 0.017187 0.031250
0.0 0.385938 0.750000 0.017187 0.023438
0.0 0.349219 0.797656 0.008594 0.034375
0.0 0.171094 0.303906 0.011719 0.027344
0.0 0.031250 0.261719 0.009375 0.050000
0.0 0.010156 0.292969 0.009375 0.033594
0.0 0.056250 0.803125 0.010156 0.040625
0.0 0.090625 0.823437 0.021875 0.028906
0.0 0.038281 0.811719 0.011719 0.023438
0.0 0.020312 0.966406 0.007812 0.023438
0.0 0.014844 0.792969 0.013281 0.046875
0.0 0.111719 0.227344 0.014844 0.032812
0.0 0.004688 0.215625 0.009375 0.046875
0.0 0.368750 0.952344 0.012500 0.032812
0.0 0.172656 0.732031 0.013281 0.026563
0.0 0.639844 0.847656 0.025781 0.038281
0.0 0.341406 0.882812 0.011719 0.032813
0.0 0.153906 0.670312 0.012500 0.023438
0.0 0.096875 0.598437 0.017969 0.031250
0.0 0.567187 0.948438 0.017187 0.016406
0.0 0.238281 0.967188 0.025000 0.021094
0.0 0.299219 0.605469 0.032812 0.025781
0.0 0.280469 0.675781 0.015625 0.048437
