0.0 0.852344 0.159375 0.295312 0.318750
0.0 0.753125 0.219531 0.053906 0.062500
0.0 0.792187 0.444531 0.039062 0.034375
0.0 0.625781 0.192969 0.100781 0.136719
0.0 0.515625 0.050000 0.038281 0.043750
0.0 0.425000 0.020312 0.034375 0.025000
0.0 0.644531 0.014063 0.014844 0.013281
0.0 0.667188 0.022656 0.009375 0.013281
0.0 0.694531 0.007031 0.009375 0.014062
0.0 0.624219 0.027344 0.004687 0.025000
0.0 0.590625 0.026563 0.016406 0.011719
0.0 0.565625 0.049219 0.013281 0.016406
0.0 0.639844 0.055469 0.011719 0.008594
0.0 0.585938 0.100781 0.014844 0.012500
0.0 0.655469 0.108594 0.012500 0.008594
0.0 0.521875 0.138281 0.009375 0.009375
0.0 0.546875 0.132031 0.000781 0.008594
0.0 0.475781 0.163281 0.010937 0.028906
0.0 0.549219 0.212500 0.013281 0.019531
0.0 0.406250 0.235156 0.046875 0.084375
0.0 0.475781 0.357812 0.063281 0.054688
0.0 0.555469 0.377344 0.012500 0.032031
0.0 0.600781 0.383594 0.018750 0.024219
0.0 0.480469 0.435156 0.027344 0.021875
0.0 0.396875 0.393750 0.018750 0.021094
0.0 0.448438 0.482812 0.064844 0.098437
0.0 0.388281 0.485937 0.024219 0.035156
0.0 0.322656 0.545313 0.019531 0.036719
0.0 0.299219 0.528906 0.021094 0.014844
0.0 0.403906 0.617188 0.015625 0.021875
0.0 0.450781 0.746094 0.067188 0.191406
0.0 0.278906 0.670313 0.028906 0.051563
0.0 0.172656 0.851562 0.052344 0.062500
0.0 0.235937 0.939844 0.029688 0.039062
0.0 0.267187 0.820312 0.032812 0.028906
0.0 0.347656 0.946094 0.021875 0.023438
0.0 0.319531 0.721875 0.039844 0.072656
0.0 0.353125 0.688281 0.025000 0.029688
0.0 0.401563 0.676562 0.017969 0.010937
0.0 0.393750 0.700000 0.020313 0.028906
0.0 0.407031 0.716406 0.005469 0.023438
0.0 0.316406 0.654688 0.014063 0.032812
0.0 0.333594 0.647656 0.014063 0.024219
0.0 0.317969 0.602344 0.008594 0.013281
0.0 0.335156 0.622656 0.008594 0.015625
0.0 0.225000 0.590625 0.012500 0.021094
0.0 0.083594 0.804688 0.017187 0.039062
0.0 0.182813 0.925781 0.009375 0.038281
0.0 0.269531 0.948438 0.028125 0.021094
0.0 0.282031 0.917969 0.032812 0.024219
0.0 0.318750 0.904688 0.017969 0.016406
0.0 0.216406 0.829687 0.015625 0.016406
0.0 0.228906 0.761719 0.017969 0.058594
0.0 0.359375 0.560938 0.016406 0.021094
0.0 0.431250 0.565625 0.019531 0.030469
0.0 0.482813 0.312500 0.012500 0.016406
0.0 0.530469 0.232813 0.030469 0.037500
