0.0 0.864492 0.240952 0.271015 0.430523
0.0 0.774471 0.412915 0.044103 0.062219
0.0 0.809830 0.253204 0.036010 0.058307
0.0 0.976627 0.294752 0.046746 0.137786
0.0 0.873681 0.524488 0.043860 0.082183
0.0 0.940427 0.463842 0.054364 0.087113
0.0 0.944684 0.749387 0.050990 0.054474
0.0 0.725023 0.960968 0.064760 0.078063
0.0 0.806504 0.878049 0.044181 0.085292
0.0 0.604403 0.872867 0.034510 0.051233
0.0 0.644686 0.308392 0.038474 0.074707
0.0 0.440340 0.370523 0.038013 0.144621
0.0 0.493934 0.383917 0.084481 0.125591
0.0 0.541064 0.307891 0.050988 0.076769
0.0 0.449441 0.578813 0.089975 0.119240
0.0 0.381665 0.482270 0.089816 0.095390
0.0 0.413042 0.140718 0.015406 0.030038
0.0 0.478880 0.119248 0.073523 0.101394
0.0 0.282465 0.180628 0.083493 0.086280
0.0 0.306193 0.338593 0.046244 0.097806
0.0 0.325829 0.255012 0.036761 0.050697
0.0 0.107999 0.257629 0.071862 0.092766
0.0 0.110127 0.062599 0.064517 0.125199
0.0 0.032673 0.256912 0.025506 0.053378
0.0 0.414856 0.039587 0.014279 0.041454
0.0 0.454889 0.020997 0.022077 0.041995
0.0 0.664574 0.032412 0.048205 0.034966
0.0 0.727038 0.043581 0.032528 0.039496
0.0 0.277648 0.576764 0.028454 0.052145
0.0 0.187901 0.518006 0.030302 0.070018
0.0 0.270241 0.443263 0.040029 0.074868
0.0 0.347044 0.817204 0.069531 0.092525
0.0 0.218985 0.847951 0.041852 0.062755
0.0 0.005995 0.820825 0.011990 0.060530
0.0 0.051892 0.648463 0.046860 0.096332
0.0 0.093398 0.626835 0.044075 0.076824
0.0 0.043545 0.493660 0.022932 0.073101
0.0 0.116459 0.494913 0.058838 0.100645
0.0 0.029888 0.929723 0.033733 0.051153
0.0 0.296336 0.054040 0.021810 0.039926
0.0 0.222460 0.084889 0.059699 0.056912
0.0 0.082775 0.152133 0.037914 0.046972
0.0 0.125594 0.132997 0.026311 0.038854
0.0 0.732318 0.721938 0.066930 0.104557
0.0 0.231794 0.526470 0.028589 0.046008
0.0 0.153346 0.669946 0.028107 0.041346
0.0 0.103980 0.927171 0.034964 0.070500
0.0 0.675625 0.168645 0.038233 0.072376
3.0 0.688817 0.595702 0.188126 0.198578
