0.0 0.563281 0.473437 0.073437 0.089844
0.0 0.453906 0.425781 0.071094 0.150781
0.0 0.500000 0.289844 0.062500 0.158594
0.0 0.741406 0.935938 0.089062 0.120312
0.0 0.572656 0.377344 0.090625 0.056250
1.0 0.460938 0.842188 0.092188 0.275781
0.0 0.243750 0.970312 0.050000 0.059375
0.0 0.561719 0.975781 0.024219 0.048437
0.0 0.657031 0.991406 0.018750 0.016406
0.0 0.618750 0.721875 0.025000 0.048437
0.0 0.696875 0.747656 0.024219 0.055469
0.0 0.728125 0.860156 0.014844 0.021875
0.0 0.768750 0.823438 0.020313 0.027344
0.0 0.751562 0.623438 0.014063 0.027344
0.0 0.770312 0.687500 0.014844 0.026562
0.0 0.778125 0.717969 0.009375 0.027344
0.0 0.611719 0.537500 0.042187 0.049219
0.0 0.640625 0.292969 0.016406 0.024219
0.0 0.696094 0.274219 0.014844 0.032031
0.0 0.716406 0.403906 0.039062 0.086719
0.0 0.707812 0.350000 0.017187 0.018750
0.0 0.733594 0.346094 0.014844 0.027344
0.0 0.766406 0.334375 0.014844 0.035156
0.0 0.755469 0.261719 0.014063 0.035156
0.0 0.741406 0.057031 0.017187 0.038281
0.0 0.675000 0.064844 0.039844 0.128906
0.0 0.719531 0.025781 0.014063 0.033594
0.0 0.626562 0.146094 0.025781 0.047656
0.0 0.523438 0.075781 0.033594 0.045313
0.0 0.471094 0.027344 0.021875 0.027344
0.0 0.450781 0.121094 0.021875 0.045312
0.0 0.503125 0.161719 0.014844 0.023438
0.0 0.290625 0.067969 0.027344 0.044531
0.0 0.316406 0.284375 0.048437 0.099219
0.0 0.324219 0.647656 0.018750 0.030469
0.0 0.297656 0.753125 0.027344 0.053125
0.0 0.557031 0.160156 0.011719 0.017188
0.0 0.560156 0.135156 0.019531 0.020312
0.0 0.595312 0.109375 0.013281 0.021875
0.0 0.715625 0.216406 0.013281 0.023438
0.0 0.622656 0.480469 0.016406 0.024219
0.0 0.628906 0.642969 0.011719 0.021094
