0.0 0.832875 0.255467 0.014098 0.029272
0.0 0.777178 0.207769 0.035336 0.062650
0.0 0.643397 0.239913 0.075875 0.088773
0.0 0.547676 0.445084 0.098100 0.074580
0.0 0.632736 0.504560 0.106490 0.067797
0.0 0.574222 0.610751 0.039836 0.138467
0.0 0.513776 0.592617 0.054365 0.100646
0.0 0.770251 0.753105 0.082015 0.057736
0.0 0.557642 0.808797 0.081164 0.082682
0.0 0.469761 0.656234 0.028375 0.064792
0.0 0.352265 0.665394 0.043771 0.057428
0.0 0.756730 0.541697 0.043860 0.060551
0.0 0.737843 0.436430 0.032593 0.048526
0.0 0.172119 0.706378 0.039085 0.057294
0.0 0.348223 0.203373 0.029714 0.057028
0.0 0.721224 0.690747 0.037324 0.050221
0.0 0.795568 0.467773 0.018203 0.036412
0.0 0.714735 0.506895 0.031546 0.039133
0.0 0.669360 0.810414 0.010686 0.019031
0.0 0.631003 0.785093 0.021797 0.025590
0.0 0.769904 0.847665 0.026460 0.024943
0.0 0.627446 0.910043 0.020657 0.040383
0.0 0.594377 0.891125 0.024962 0.054551
0.0 0.197324 0.836836 0.098828 0.154972
0.0 0.332820 0.771915 0.033263 0.044644
0.0 0.356215 0.883564 0.029247 0.040628
0.0 0.281200 0.882991 0.024829 0.049866
0.0 0.218847 0.327867 0.059167 0.050063
0.0 0.193705 0.579598 0.034200 0.050133
0.0 0.639976 0.607152 0.020279 0.027107
0.0 0.618518 0.454917 0.010619 0.016689
0.0 0.713940 0.589718 0.031749 0.018851
0.0 0.414183 0.247456 0.013273 0.027688
0.0 0.623207 0.702025 0.019209 0.016933
0.0 0.636678 0.860285 0.014813 0.026952
0.0 0.205126 0.123488 0.060971 0.086008
