3.0 0.614062 0.364062 0.329687 0.225781
0.0 0.451562 0.442969 0.088281 0.075000
0.0 0.418750 0.604688 0.024219 0.117188
0.0 0.482813 0.593750 0.050781 0.097656
0.0 0.525000 0.657813 0.033594 0.056250
0.0 0.641406 0.667969 0.031250 0.034375
0.0 0.820312 0.720313 0.027344 0.034375
0.0 0.223438 0.745313 0.073437 0.050000
0.0 0.435937 0.807812 0.052344 0.053906
0.0 0.367188 0.503906 0.088281 0.060938
0.0 0.234375 0.532813 0.025781 0.044531
0.0 0.263281 0.429688 0.026563 0.032812
0.0 0.229687 0.199219 0.025781 0.041406
0.0 0.364844 0.239062 0.060156 0.066406
0.0 0.806250 0.129687 0.051563 0.084375
0.0 0.793750 0.845313 0.082813 0.150000
0.0 0.800781 0.588281 0.029688 0.034375
0.0 0.660156 0.212500 0.027344 0.029688
0.0 0.203125 0.461719 0.014844 0.027344
0.0 0.363281 0.910938 0.015625 0.024219
0.0 0.396875 0.878906 0.013281 0.018750
0.0 0.392969 0.898438 0.010156 0.017969
0.0 0.220313 0.840625 0.017188 0.019531
0.0 0.703906 0.880469 0.020313 0.030469
0.0 0.278906 0.680469 0.028906 0.032031
0.0 0.358594 0.776562 0.015625 0.015625
0.0 0.286719 0.502344 0.017187 0.014844
0.0 0.576563 0.854687 0.012500 0.017969
0.0 0.620313 0.882813 0.015625 0.016406
