3.0 0.546094 0.841406 0.125781 0.301563
0.0 0.336719 0.057031 0.058594 0.103906
0.0 0.712500 0.060156 0.038281 0.035156
0.0 0.478125 0.086719 0.039844 0.052344
0.0 0.552344 0.125000 0.023438 0.041406
0.0 0.682031 0.294531 0.054688 0.106250
0.0 0.504688 0.289844 0.043750 0.153125
0.0 0.439063 0.471875 0.074219 0.085938
0.0 0.428906 0.375781 0.079687 0.055469
0.0 0.285937 0.400781 0.039844 0.111719
0.0 0.389062 0.535937 0.048437 0.079687
0.0 0.377344 0.720312 0.032031 0.069531
0.0 0.247656 0.951563 0.100781 0.096875
0.0 0.748438 0.967969 0.077344 0.064062
0.0 0.544531 0.422656 0.065625 0.153906
