0.0 0.490625 0.309375 0.060937 0.135937
0.0 0.281250 0.897656 0.232813 0.203906
0.0 0.717969 0.321875 0.059375 0.085938
0.0 0.414062 0.385156 0.100781 0.058594
1.0 0.543750 0.792187 0.120312 0.240625
0.0 0.803906 0.914063 0.063281 0.088281
0.0 0.747656 0.136719 0.037500 0.053125
0.0 0.740625 0.714063 0.029688 0.047656
0.0 0.356250 0.689063 0.032812 0.046875
0.0 0.237500 0.421094 0.048438 0.085938
0.0 0.300781 0.275781 0.012500 0.024219
0.0 0.264844 0.310938 0.017969 0.032031
0.0 0.253906 0.372656 0.019531 0.012500
0.0 0.219531 0.367188 0.014844 0.021094
0.0 0.290625 0.132031 0.043750 0.110156
0.0 0.541406 0.035937 0.021875 0.025781
0.0 0.532031 0.105469 0.025781 0.030469
0.0 0.471094 0.146094 0.038281 0.044531
0.0 0.560938 0.183594 0.028906 0.045313
0.0 0.706250 0.064062 0.016406 0.025781
0.0 0.632031 0.013281 0.021875 0.025000
0.0 0.246094 0.009375 0.021094 0.016406
0.0 0.239063 0.047656 0.032031 0.031250
0.0 0.385938 0.174219 0.014844 0.025000
0.0 0.342969 0.203125 0.033594 0.045313
0.0 0.495313 0.216406 0.016406 0.030469
0.0 0.243750 0.262500 0.010938 0.017969
0.0 0.196875 0.301562 0.021094 0.023438
0.0 0.238281 0.101562 0.012500 0.021875
0.0 0.214062 0.128125 0.015625 0.032812
0.0 0.203125 0.605469 0.019531 0.030469
0.0 0.267188 0.712500 0.032031 0.050781
0.0 0.318750 0.929687 0.034375 0.040625
0.0 0.426562 0.907031 0.032031 0.050000
0.0 0.181250 0.777344 0.025781 0.036719
0.0 0.177344 0.363281 0.026563 0.035938
0.0 0.710156 0.624219 0.021875 0.029688
0.0 0.346094 0.009375 0.013281 0.017187
0.0 0.332031 0.325000 0.013281 0.026562
0.0 0.424219 0.195312 0.011719 0.017969
0.0 0.433594 0.215625 0.016406 0.017969
0.0 0.178125 0.661719 0.014062 0.024219
0.0 0.169531 0.685156 0.007812 0.023438
0.0 0.546094 0.434375 0.061719 0.113281
0.0 0.366406 0.532813 0.046094 0.046094
0.0 0.418750 0.478125 0.082812 0.062500
0.0 0.353906 0.486719 0.017969 0.018750
0.0 0.638281 0.071094 0.017969 0.021094
0.0 0.516406 0.029688 0.012500 0.021094
