0.0 0.351239 0.918592 0.039947 0.111964
0.0 0.711863 0.902571 0.039658 0.048755
0.0 0.558789 0.853119 0.028497 0.040626
0.0 0.493599 0.895669 0.042599 0.042599
0.0 0.543386 0.941107 0.037845 0.040120
0.0 0.681417 0.983964 0.019382 0.022414
0.0 0.502611 0.696101 0.046213 0.139456
0.0 0.434085 0.624637 0.073238 0.049738
0.0 0.299128 0.606701 0.040682 0.110425
0.0 0.246981 0.667627 0.028771 0.049997
0.0 0.231816 0.710276 0.025766 0.027282
0.0 0.381357 0.291662 0.030607 0.059414
0.0 0.336818 0.024881 0.029301 0.041430
0.0 0.429743 0.048736 0.029091 0.060930
0.0 0.261545 0.070070 0.118496 0.129867
0.0 0.234744 0.195908 0.035343 0.034585
0.0 0.234221 0.311598 0.022615 0.052938
0.0 0.307978 0.268016 0.026406 0.049148
0.0 0.391781 0.460960 0.042919 0.053532
0.0 0.437591 0.530744 0.075047 0.084902
0.0 0.539540 0.569186 0.055931 0.124915
0.0 0.679212 0.694843 0.046541 0.097332
0.0 0.685069 0.253858 0.016596 0.060565
0.0 0.729363 0.035293 0.067055 0.070587
0.0 0.593708 0.069732 0.037033 0.092372
0.0 0.663830 0.356085 0.014007 0.025378
0.0 0.539569 0.677044 0.012376 0.022989
0.0 0.508791 0.827227 0.018829 0.030200
0.0 0.384831 0.837887 0.034859 0.044714
0.0 0.284976 0.924438 0.016509 0.030913
0.0 0.306883 0.951934 0.010056 0.023702
0.0 0.372083 0.696012 0.018875 0.031762
0.0 0.321068 0.715481 0.013363 0.030040
0.0 0.454931 0.829584 0.017404 0.034840
0.0 0.420014 0.864995 0.014788 0.025401
0.0 0.265117 0.726497 0.017336 0.032497
0.0 0.259266 0.392931 0.014833 0.026962
0.0 0.225163 0.509603 0.019126 0.040352
0.0 0.346602 0.760066 0.017039 0.022345
