0.0 0.772656 0.860938 0.156250 0.132812
0.0 0.675000 0.897656 0.034375 0.036719
0.0 0.212500 0.879688 0.085156 0.107812
0.0 0.448438 0.448438 0.043750 0.107031
0.0 0.634375 0.675781 0.033594 0.050781
0.0 0.583594 0.390625 0.093750 0.054688
0.0 0.574219 0.471875 0.062500 0.078906
0.0 0.625781 0.528906 0.043750 0.057031
0.0 0.744531 0.425000 0.040625 0.093750
0.0 0.504687 0.322656 0.039062 0.117969
0.0 0.293750 0.332031 0.050781 0.062500
0.0 0.264062 0.155469 0.040625 0.039844
0.0 0.437500 0.201563 0.031250 0.027344
0.0 0.535156 0.165625 0.038281 0.033594
0.0 0.699219 0.146875 0.042969 0.080469
