0.0 0.735156 0.194531 0.163281 0.294531
0.0 0.520312 0.169531 0.060156 0.119531
0.0 0.853125 0.476562 0.099219 0.186719
0.0 0.650781 0.495312 0.073438 0.147656
0.0 0.589063 0.389062 0.047656 0.078125
0.0 0.730469 0.778125 0.120313 0.203125
0.0 0.795312 0.848437 0.062500 0.124219
0.0 0.589844 0.800781 0.083594 0.200000
0.0 0.578125 0.618750 0.053125 0.113281
0.0 0.902344 0.092969 0.042187 0.053125
0.0 0.946875 0.425781 0.101562 0.266406
0.0 0.908594 0.832031 0.085938 0.178906
0.0 0.849219 0.660156 0.110156 0.189062
0.0 0.925781 0.632031 0.135938 0.209375
0.0 0.736719 0.627344 0.162500 0.200000
0.0 0.347656 0.939062 0.050781 0.071875
0.0 0.260938 0.904688 0.060156 0.097656
0.0 0.359375 0.043750 0.039062 0.059375
0.0 0.653125 0.046875 0.054688 0.069531
0.0 0.675000 0.088281 0.036719 0.061719
0.0 0.607812 0.154687 0.082031 0.089844
0.0 0.635938 0.245312 0.070312 0.159375
0.0 0.558594 0.263281 0.109375 0.210156
0.0 0.786719 0.395313 0.182813 0.319531
0.0 0.927344 0.212500 0.145313 0.414062
0.0 0.478906 0.107813 0.017187 0.031250
0.0 0.471094 0.173438 0.025000 0.039844
0.0 0.554688 0.456250 0.113281 0.219531
0.0 0.310938 0.096094 0.077344 0.132812
0.0 0.822656 0.135937 0.185937 0.264844
0.0 0.622656 0.585156 0.059375 0.078125
0.0 0.642188 0.656250 0.022656 0.063281
0.0 0.652344 0.797656 0.044531 0.137500
0.0 0.956250 0.758594 0.082031 0.264844
0.0 0.617188 0.954687 0.087500 0.089844
0.0 0.903125 0.928125 0.175000 0.143750
0.0 0.787500 0.966406 0.081250 0.067188
0.0 0.713281 0.928125 0.157813 0.143750
0.0 0.468750 0.253125 0.035156 0.039062
0.0 0.476563 0.341406 0.100781 0.142969
0.0 0.407031 0.224219 0.040625 0.057813
0.0 0.396875 0.325781 0.089844 0.107813
0.0 0.462500 0.469531 0.110937 0.148438
0.0 0.183594 0.417969 0.032031 0.056250
0.0 0.351562 0.573438 0.040625 0.050781
0.0 0.402344 0.509375 0.067188 0.132031
0.0 0.454687 0.540625 0.028125 0.053906
0.0 0.404688 0.643750 0.043750 0.107813
0.0 0.329687 0.491406 0.079687 0.107031
0.0 0.777344 0.340625 0.071094 0.105469
0.0 0.282812 0.348437 0.020313 0.044531
0.0 0.257031 0.350000 0.014844 0.023438
0.0 0.249219 0.376563 0.012500 0.018750
0.0 0.314844 0.382031 0.058594 0.121875
0.0 0.331250 0.266406 0.015625 0.032812
0.0 0.346094 0.312500 0.030469 0.060938
0.0 0.341406 0.702344 0.045313 0.042187
0.0 0.264844 0.729688 0.029688 0.056250
0.0 0.293750 0.675781 0.046875 0.060156
0.0 0.257031 0.639063 0.064062 0.105469
0.0 0.217969 0.704687 0.039062 0.074219
0.0 0.267187 0.506250 0.046875 0.085938
0.0 0.316406 0.556250 0.085156 0.086719
0.0 0.326563 0.609375 0.054688 0.070312
0.0 0.259375 0.572656 0.027344 0.043750
0.0 0.224219 0.549219 0.028906 0.034375
0.0 0.278125 0.414844 0.035938 0.065625
0.0 0.230469 0.448438 0.061719 0.134375
0.0 0.236719 0.523438 0.023438 0.035156
0.0 0.181250 0.485156 0.039062 0.053906
0.0 0.192187 0.542969 0.036719 0.064844
0.0 0.143750 0.512500 0.016406 0.022656
0.0 0.157812 0.532031 0.013281 0.018750
0.0 0.229688 0.582812 0.014063 0.021875
0.0 0.206250 0.603906 0.014844 0.021094
0.0 0.206250 0.638281 0.032812 0.050781
0.0 0.138281 0.551562 0.024219 0.046094
0.0 0.169531 0.596094 0.050000 0.081250
0.0 0.086719 0.532812 0.025781 0.040625
0.0 0.125781 0.581250 0.020313 0.030469
0.0 0.100781 0.585156 0.005469 0.022656
0.0 0.081250 0.589844 0.010937 0.019531
0.0 0.175000 0.650000 0.059375 0.045313
0.0 0.203125 0.100781 0.298437 0.200000
0.0 0.057031 0.070312 0.028125 0.057031
0.0 0.028906 0.188281 0.035156 0.076562
0.0 0.213281 0.778906 0.038281 0.063281
0.0 0.196875 0.822656 0.011719 0.016406
0.0 0.180469 0.850000 0.023438 0.031250
0.0 0.141406 0.855469 0.010156 0.019531
0.0 0.129687 0.864062 0.011719 0.011719
0.0 0.153906 0.819531 0.025000 0.046094
0.0 0.172656 0.794531 0.015625 0.032031
0.0 0.167188 0.678906 0.013281 0.021094
0.0 0.139844 0.677344 0.025781 0.054688
0.0 0.187500 0.705469 0.015625 0.030469
0.0 0.173437 0.746094 0.043750 0.089062
0.0 0.144531 0.785156 0.008594 0.022656
0.0 0.147656 0.733594 0.023438 0.039844
0.0 0.125000 0.749219 0.027344 0.042969
0.0 0.121875 0.783594 0.018750 0.017969
0.0 0.118750 0.825000 0.017969 0.033594
0.0 0.113281 0.723437 0.020313 0.037500
0.0 0.132031 0.626562 0.025781 0.046094
0.0 0.118750 0.610156 0.019531 0.025000
0.0 0.100781 0.617188 0.010156 0.034375
0.0 0.111719 0.546094 0.010156 0.015625
0.0 0.052344 0.596875 0.005469 0.008594
0.0 0.097656 0.639844 0.065625 0.057031
0.0 0.043750 0.613281 0.007812 0.017187
0.0 0.055469 0.653125 0.022656 0.036719
0.0 0.073438 0.694531 0.075000 0.068750
0.0 0.104688 0.860156 0.026562 0.055469
0.0 0.075781 0.809375 0.050781 0.040625
0.0 0.083594 0.763281 0.060938 0.038281
0.0 0.077344 0.727344 0.013281 0.022656
0.0 0.057813 0.733594 0.023438 0.046094
0.0 0.025781 0.675781 0.014844 0.028906
0.0 0.041406 0.760938 0.025000 0.078906
0.0 0.017969 0.725781 0.029688 0.059375
0.0 0.027344 0.804688 0.014844 0.025781
0.0 0.026563 0.763281 0.017969 0.016406
0.0 0.011719 0.788281 0.023438 0.039844
0.0 0.099219 0.901563 0.039062 0.018750
0.0 0.094531 0.941406 0.033594 0.029688
0.0 0.072656 0.935156 0.009375 0.013281
0.0 0.087500 0.984375 0.008594 0.013281
0.0 0.074219 0.979688 0.006250 0.016406
0.0 0.078125 0.872656 0.021875 0.035938
0.0 0.039062 0.842188 0.070312 0.050781
0.0 0.053125 0.910156 0.038281 0.069531
0.0 0.027344 0.879687 0.008594 0.014844
0.0 0.055469 0.955469 0.010937 0.014063
0.0 0.052344 0.988281 0.007812 0.018750
0.0 0.038281 0.957031 0.009375 0.016406
0.0 0.027344 0.968750 0.017187 0.021094
0.0 0.028125 0.928906 0.008594 0.010937
0.0 0.013281 0.891406 0.026562 0.057812
0.0 0.011719 0.958594 0.005469 0.023438
0.0 0.003906 0.935938 0.007031 0.017187
0.0 0.016406 0.929688 0.013281 0.025781
0.0 0.025000 0.945312 0.014063 0.023438
0.0 0.013281 0.992188 0.026562 0.015625
