0.0 0.437500 0.532812 0.069531 0.085156
0.0 0.492969 0.709375 0.057812 0.155469
0.0 0.539062 0.575781 0.059375 0.140625
0.0 0.671875 0.700781 0.048437 0.090625
0.0 0.286719 0.600781 0.046094 0.106250
0.0 0.379687 0.292188 0.036719 0.074219
0.0 0.742969 0.050000 0.053125 0.100000
0.0 0.546094 0.865625 0.049219 0.030469
0.0 0.425781 0.627344 0.096875 0.054688
0.0 0.266406 0.060156 0.100000 0.120312
0.0 0.441406 0.047656 0.024219 0.039844
0.0 0.353125 0.020312 0.027344 0.040625
1.0 0.587500 0.325000 0.149219 0.492969
0.0 0.697656 0.907812 0.027344 0.041406
0.0 0.526563 0.939844 0.024219 0.027344
0.0 0.477344 0.895312 0.030469 0.045313
0.0 0.334375 0.915625 0.032031 0.103906
0.0 0.393750 0.460938 0.039062 0.051562
0.0 0.689844 0.259375 0.028125 0.045313
