0.0 0.565944 0.480987 0.083400 0.097784
0.0 0.462863 0.420919 0.088168 0.158034
0.0 0.524472 0.291274 0.080543 0.164793
0.0 0.689000 0.948075 0.102467 0.103849
0.0 0.586445 0.386639 0.096559 0.066420
3.0 0.421356 0.835311 0.123675 0.284640
0.0 0.190726 0.937273 0.056574 0.064794
0.0 0.505895 0.977134 0.029694 0.045733
0.0 0.598739 0.998555 0.020533 0.002890
0.0 0.592105 0.734194 0.030470 0.051019
0.0 0.666696 0.768897 0.030513 0.057912
0.0 0.684633 0.884271 0.017290 0.023455
0.0 0.729258 0.852533 0.023358 0.029523
0.0 0.735477 0.651892 0.017151 0.028795
0.0 0.746639 0.717702 0.017836 0.028110
0.0 0.750851 0.748873 0.012495 0.028249
0.0 0.606592 0.550254 0.047632 0.053797
0.0 0.663777 0.310753 0.019115 0.025964
0.0 0.721052 0.298590 0.018473 0.033542
0.0 0.726124 0.429760 0.048895 0.090678
0.0 0.723866 0.375220 0.019254 0.020624
0.0 0.749927 0.374343 0.017927 0.028886
0.0 0.783881 0.366524 0.018837 0.036646
0.0 0.781478 0.293089 0.018061 0.036555
0.0 0.791347 0.088156 0.021528 0.040022
0.0 0.724483 0.088183 0.054584 0.132669
0.0 0.773260 0.054572 0.017879 0.035003
0.0 0.666913 0.163240 0.031155 0.050334
0.0 0.572678 0.081397 0.038642 0.048916
0.0 0.526331 0.027193 0.024910 0.029705
0.0 0.495239 0.117940 0.027003 0.047552
0.0 0.542496 0.164384 0.017472 0.025007
0.0 0.342359 0.046527 0.032343 0.047412
0.0 0.342765 0.264463 0.059662 0.104184
0.0 0.308220 0.626182 0.022170 0.032445
0.0 0.269557 0.727840 0.033344 0.055948
0.0 0.596218 0.169110 0.013640 0.018435
0.0 0.602233 0.144644 0.021764 0.022449
0.0 0.640152 0.123132 0.015738 0.023273
0.0 0.747182 0.243445 0.015920 0.024825
0.0 0.624096 0.494885 0.019115 0.025964
0.0 0.611381 0.657007 0.014095 0.022315
