0.0 0.494089 0.615706 0.163446 0.231882
0.0 0.421247 0.650071 0.068979 0.111667
0.0 0.224880 0.829116 0.107156 0.117997
0.0 0.293363 0.566163 0.063862 0.131620
0.0 0.466242 0.920002 0.072156 0.088418
0.0 0.778833 0.206637 0.068990 0.123874
0.0 0.647611 0.302680 0.087495 0.125440
0.0 0.672966 0.147519 0.067445 0.129782
0.0 0.547072 0.242104 0.061639 0.138206
0.0 0.651125 0.449484 0.051135 0.091113
0.0 0.511189 0.438748 0.116729 0.097079
0.0 0.171717 0.757066 0.058589 0.083659
0.0 0.087981 0.973906 0.036750 0.037428
