0.0 0.589063 0.229687 0.018750 0.034375
0.0 0.706250 0.164062 0.020312 0.026563
0.0 0.753125 0.406250 0.007031 0.010156
0.0 0.795312 0.382812 0.008594 0.011719
0.0 0.751562 0.482031 0.006250 0.011719
0.0 0.320312 0.969531 0.007812 0.021875
0.0 0.663281 0.884375 0.006250 0.016406
0.0 0.742188 0.134375 0.009375 0.012500
0.0 0.755469 0.145313 0.007031 0.015625
0.0 0.775781 0.109375 0.005469 0.012500
0.0 0.713281 0.235156 0.013281 0.014844
0.0 0.665625 0.382031 0.007031 0.012500
0.0 0.631250 0.442187 0.006250 0.014844
0.0 0.783594 0.427344 0.011719 0.014063
0.0 0.607812 0.735156 0.007031 0.014063
0.0 0.608594 0.680469 0.006250 0.019531
0.0 0.627344 0.689844 0.003906 0.014844
