0.0 0.815587 0.489186 0.088900 0.195449
0.0 0.563181 0.693945 0.150677 0.435532
0.0 0.727363 0.832303 0.073845 0.135455
0.0 0.535754 0.436716 0.098756 0.081360
0.0 0.362072 0.501315 0.054275 0.155026
0.0 0.254115 0.824255 0.045847 0.056719
0.0 0.074307 0.886859 0.057325 0.087768
0.0 0.427877 0.814483 0.075218 0.110734
0.0 0.520045 0.123919 0.074432 0.077332
0.0 0.629849 0.188772 0.036174 0.084737
0.0 0.571379 0.285709 0.091110 0.094009
0.0 0.397672 0.294702 0.056934 0.126517
0.0 0.476155 0.560985 0.057816 0.094782
0.0 0.413781 0.691324 0.034468 0.071434
0.0 0.478144 0.020164 0.072976 0.040327
0.0 0.492611 0.471289 0.054949 0.075969
0.0 0.482283 0.641296 0.050997 0.074917
0.0 0.379150 0.760952 0.038348 0.082563
