3.0 0.300451 0.434545 0.168694 0.189436
0.0 0.519164 0.619230 0.061450 0.126747
0.0 0.539610 0.438398 0.085652 0.126367
0.0 0.624473 0.514347 0.094586 0.099963
0.0 0.254858 0.936740 0.070823 0.126520
0.0 0.744127 0.803812 0.076477 0.091073
0.0 0.225359 0.052142 0.037459 0.092770
0.0 0.410423 0.186597 0.015307 0.028367
0.0 0.350293 0.141492 0.030498 0.049704
0.0 0.736765 0.123372 0.027348 0.048090
0.0 0.761701 0.449566 0.017025 0.037767
0.0 0.709447 0.408238 0.022467 0.036295
0.0 0.735823 0.538288 0.025980 0.059781
0.0 0.615722 0.174602 0.057639 0.085295
0.0 0.376205 0.715361 0.027322 0.046527
0.0 0.480659 0.700348 0.028543 0.073099
0.0 0.574858 0.632372 0.024239 0.143311
0.0 0.400197 0.984532 0.016792 0.023706
0.0 0.664194 0.884053 0.012757 0.015830
0.0 0.630791 0.848663 0.015217 0.022899
0.0 0.699831 0.724066 0.027244 0.041840
0.0 0.753930 0.923978 0.018341 0.022951
0.0 0.689895 0.501543 0.015204 0.022118
0.0 0.636456 0.954834 0.019930 0.024539
0.0 0.603462 0.991323 0.013512 0.014281
0.0 0.599259 0.973421 0.012848 0.021298
0.0 0.594357 0.913338 0.016011 0.023693
0.0 0.590469 0.867302 0.011298 0.022053
0.0 0.558818 0.890486 0.054830 0.057135
0.0 0.325155 0.982649 0.016127 0.030723
0.0 0.436367 0.951115 0.012041 0.019723
0.0 0.771327 0.889311 0.013603 0.019748
0.0 0.366204 0.866328 0.014358 0.018199
0.0 0.372039 0.841228 0.011246 0.018928
0.0 0.355009 0.850886 0.012835 0.020517
0.0 0.225854 0.789735 0.008212 0.024345
0.0 0.383961 0.993906 0.014293 0.012189
0.0 0.718493 0.671406 0.012028 0.018941
0.0 0.704153 0.607572 0.014384 0.019761
0.0 0.619006 0.750408 0.018380 0.025294
