0.0 0.665845 0.940688 0.074156 0.090590
0.0 0.838248 0.821314 0.046730 0.059055
0.0 0.781737 0.875939 0.023183 0.027976
0.0 0.655410 0.818414 0.018574 0.021312
0.0 0.638764 0.723615 0.019076 0.019076
0.0 0.986653 0.631605 0.023501 0.037195
0.0 0.683662 0.483138 0.018253 0.025101
0.0 0.768925 0.445587 0.014876 0.022408
0.0 0.908326 0.028406 0.031939 0.056811
0.0 0.787139 0.419848 0.027012 0.060564
0.0 0.700532 0.613309 0.065026 0.104056
0.0 0.590743 0.770162 0.007484 0.011592
0.0 0.570247 0.789876 0.008442 0.013235
0.0 0.637067 0.782811 0.008807 0.016339
0.0 0.620864 0.785502 0.006297 0.014513
0.0 0.675089 0.764971 0.014603 0.020081
0.0 0.692421 0.845530 0.009218 0.013326
0.0 0.712232 0.826683 0.007301 0.010040
0.0 0.680641 0.879166 0.005750 0.009858
0.0 0.717699 0.899983 0.008671 0.008671
0.0 0.622893 0.970120 0.005750 0.009858
0.0 0.572106 0.879333 0.016428 0.022591
0.0 0.565110 0.973764 0.006890 0.013053
0.0 0.379669 0.978882 0.024868 0.042235
0.0 0.349277 0.951142 0.014512 0.019305
0.0 0.446124 0.972013 0.026195 0.027564
0.0 0.483647 0.929846 0.012457 0.021359
0.0 0.439011 0.924865 0.009127 0.012550
0.0 0.405111 0.843893 0.025052 0.037378
0.0 0.552192 0.991014 0.009994 0.013418
0.0 0.290088 0.895953 0.015288 0.019396
0.0 0.344677 0.878526 0.007393 0.010816
0.0 0.354487 0.901759 0.008031 0.016248
0.0 0.271911 0.982258 0.008442 0.013235
0.0 0.211391 0.975997 0.008487 0.020127
0.0 0.237463 0.896631 0.009309 0.014102
0.0 0.342628 0.841009 0.008624 0.014787
0.0 0.352633 0.772183 0.007940 0.015472
0.0 0.448440 0.723954 0.007575 0.012368
0.0 0.481031 0.706752 0.011043 0.015836
0.0 0.492478 0.770696 0.009583 0.016430
0.0 0.531921 0.704705 0.009400 0.014878
0.0 0.555747 0.693252 0.009309 0.014102
0.0 0.563923 0.649027 0.009171 0.019442
0.0 0.445450 0.564620 0.015105 0.017844
0.0 0.464576 0.546640 0.011134 0.016612
0.0 0.397217 0.495559 0.009036 0.011774
0.0 0.384763 0.449825 0.010770 0.013509
0.0 0.301056 0.460447 0.011408 0.018940
0.0 0.309859 0.501891 0.009994 0.013418
0.0 0.103807 0.703094 0.012275 0.019807
0.0 0.133896 0.289727 0.008169 0.010907
0.0 0.134251 0.359695 0.005750 0.009858
0.0 0.104724 0.342712 0.006161 0.006846
0.0 0.270549 0.261083 0.007713 0.007028
0.0 0.314404 0.306274 0.006252 0.007621
0.0 0.298795 0.307321 0.004698 0.020447
0.0 0.170435 0.761341 0.010861 0.014285
0.0 0.195132 0.723828 0.010541 0.018073
0.0 0.447556 0.187579 0.021538 0.040025
0.0 0.432000 0.128837 0.007346 0.016932
0.0 0.765517 0.007606 0.017751 0.015213
0.0 0.882018 0.156192 0.028748 0.049290
0.0 0.938873 0.251773 0.012640 0.022911
0.0 0.949803 0.097096 0.011590 0.020492
0.0 0.835027 0.680100 0.010952 0.015061
0.0 0.875045 0.746194 0.015332 0.026288
