0.0 0.249219 0.915625 0.281250 0.167969
0.0 0.323438 0.900000 0.038281 0.040625
0.0 0.789062 0.882031 0.060938 0.100781
0.0 0.365625 0.670312 0.036719 0.051562
0.0 0.421094 0.475781 0.083594 0.079687
0.0 0.371094 0.535937 0.035156 0.071094
0.0 0.405469 0.386719 0.108594 0.039844
0.0 0.254687 0.427344 0.051562 0.112500
0.0 0.300000 0.143750 0.041406 0.096875
0.0 0.489844 0.326563 0.050781 0.118750
0.0 0.698438 0.328125 0.062500 0.074219
0.0 0.732031 0.146875 0.038281 0.033594
0.0 0.539844 0.433594 0.061719 0.117969
1.0 0.605469 0.645312 0.175000 0.407812
