3.0 0.271629 0.555292 0.197759 0.141759
0.0 0.476396 0.334707 0.059049 0.070556
0.0 0.522045 0.403505 0.063543 0.103433
0.0 0.590938 0.396144 0.034434 0.134927
0.0 0.643741 0.501795 0.096028 0.086055
0.0 0.577603 0.181027 0.073165 0.073932
0.0 0.208050 0.135335 0.077522 0.142727
0.0 0.354736 0.321587 0.034666 0.060749
0.0 0.799020 0.252193 0.087993 0.073417
0.0 0.741603 0.316800 0.035167 0.045140
0.0 0.730502 0.500224 0.033076 0.059158
0.0 0.777957 0.468257 0.026869 0.061390
0.0 0.750889 0.583415 0.045406 0.050009
0.0 0.817134 0.549440 0.022641 0.043354
0.0 0.782509 0.824646 0.031528 0.059911
0.0 0.639608 0.775983 0.078731 0.079498
0.0 0.180036 0.870107 0.047251 0.109388
0.0 0.551159 0.566552 0.100186 0.100186
0.0 0.328147 0.802438 0.042937 0.042937
0.0 0.400724 0.763889 0.020088 0.031595
0.0 0.196257 0.662552 0.061462 0.074504
0.0 0.295525 0.093927 0.033367 0.031833
0.0 0.373735 0.089859 0.033493 0.038863
0.0 0.618157 0.098146 0.021079 0.043326
0.0 0.662261 0.122378 0.019251 0.028456
0.0 0.804773 0.149155 0.032404 0.021664
0.0 0.823072 0.174487 0.016754 0.019822
0.0 0.657625 0.206684 0.023213 0.031651
0.0 0.643559 0.293946 0.020883 0.032390
0.0 0.339651 0.204111 0.035991 0.047497
0.0 0.184515 0.402144 0.033689 0.049799
0.0 0.734427 0.411999 0.029686 0.044261
0.0 0.694828 0.180002 0.012946 0.025220
0.0 0.683385 0.251684 0.022403 0.030075
0.0 0.722752 0.191442 0.016880 0.026852
0.0 0.425440 0.125948 0.031108 0.036478
0.0 0.719952 0.129663 0.014410 0.019780
