0.0 0.092188 0.471875 0.130469 0.278906
0.0 0.145313 0.710938 0.042969 0.028906
0.0 0.164062 0.895312 0.117969 0.208594
0.0 0.284375 0.908594 0.075000 0.182812
0.0 0.375000 0.815625 0.050000 0.109375
0.0 0.553906 0.892969 0.095312 0.157812
0.0 0.471875 0.935938 0.036719 0.069531
0.0 0.340625 0.914062 0.019531 0.055469
0.0 0.350000 0.321875 0.093750 0.164844
0.0 0.235938 0.640625 0.063281 0.167969
0.0 0.412500 0.553125 0.021094 0.071094
0.0 0.492188 0.600000 0.082031 0.117969
0.0 0.455469 0.456250 0.064062 0.064844
0.0 0.521875 0.143750 0.093750 0.149219
0.0 0.573437 0.315625 0.175000 0.181250
0.0 0.667188 0.464063 0.085156 0.068750
0.0 0.476562 0.729688 0.111719 0.102344
0.0 0.635938 0.606250 0.127344 0.214844
0.0 0.781250 0.612500 0.146875 0.137500
0.0 0.876562 0.592188 0.035156 0.097656
0.0 0.793750 0.460938 0.040625 0.084375
0.0 0.715625 0.309375 0.071094 0.115625
0.0 0.857813 0.369531 0.057031 0.135938
0.0 0.915625 0.132812 0.108594 0.164844
0.0 0.970312 0.314063 0.059375 0.113281
0.0 0.976562 0.553906 0.043750 0.135937
0.0 0.859375 0.757031 0.150000 0.123438
0.0 0.603125 0.768750 0.040625 0.060156
0.0 0.739844 0.934375 0.035938 0.116406
0.0 0.637500 0.968750 0.056250 0.062500
0.0 0.120312 0.633594 0.042969 0.042187
0.0 0.675000 0.733594 0.078906 0.135937
0.0 0.989844 0.122656 0.020313 0.139062
