0.0 0.431781 0.476890 0.073987 0.078893
0.0 0.470767 0.290921 0.061903 0.151617
0.0 0.536646 0.425737 0.071880 0.135661
0.0 0.653771 0.283883 0.057637 0.092681
0.0 0.420027 0.381489 0.081119 0.041869
0.0 0.315243 0.946826 0.115355 0.106348
0.0 0.402341 0.985092 0.028709 0.029817
0.0 0.409577 0.721652 0.030406 0.050732
0.0 0.383630 0.498119 0.017311 0.019414
0.0 0.401826 0.547353 0.039659 0.050873
0.0 0.714075 0.720700 0.027143 0.048870
0.0 0.677760 0.623008 0.021111 0.026718
0.0 0.791348 0.931326 0.060452 0.082180
0.0 0.659130 0.075321 0.029322 0.047545
0.0 0.616101 0.004235 0.019173 0.008471
0.0 0.511798 0.141648 0.024745 0.040165
0.0 0.439550 0.109514 0.033068 0.038675
0.0 0.483706 0.055707 0.023520 0.027725
0.0 0.238080 0.303639 0.014584 0.022995
0.0 0.208666 0.323808 0.018307 0.029521
0.0 0.234175 0.104626 0.017070 0.024780
0.0 0.250931 0.075499 0.015209 0.021517
0.0 0.298147 0.108529 0.042271 0.124275
0.0 0.230366 0.368772 0.027089 0.032696
0.0 0.266349 0.375432 0.015592 0.025404
0.0 0.290363 0.380132 0.017936 0.017936
0.0 0.287414 0.429880 0.045121 0.090678
0.0 0.270881 0.254091 0.016063 0.022371
0.0 0.294902 0.306677 0.015044 0.027660
0.0 0.348492 0.181287 0.027066 0.048093
0.0 0.374742 0.144945 0.019950 0.022754
0.0 0.410472 0.164976 0.015756 0.019261
0.0 0.416581 0.187140 0.016534 0.019338
0.0 0.467194 0.182939 0.018154 0.027966
0.0 0.339568 0.752100 0.026607 0.043428
0.0 0.278821 0.828737 0.021252 0.035971
0.0 0.264003 0.702237 0.015439 0.023849
0.0 0.275605 0.636721 0.016446 0.026258
0.0 0.258986 0.730992 0.014661 0.023773
0.0 0.263872 0.844341 0.015592 0.025404
0.0 0.485731 0.952799 0.028073 0.050502
