1.0 0.691406 0.564063 0.161719 0.172656
0.0 0.775781 0.953125 0.049219 0.092969
0.0 0.971875 0.690625 0.035156 0.053906
0.0 0.079687 0.089844 0.022656 0.097656
0.0 0.057031 0.095312 0.028125 0.098438
0.0 0.138281 0.011719 0.027344 0.023438
0.0 0.404688 0.023438 0.026562 0.046875
0.0 0.367188 0.045313 0.016406 0.027344
0.0 0.683594 0.018750 0.023438 0.037500
0.0 0.616406 0.017969 0.035937 0.035938
0.0 0.570312 0.050000 0.014844 0.034375
0.0 0.007812 0.946094 0.015625 0.098438
0.0 0.021875 0.867969 0.043750 0.042188
0.0 0.108594 0.652344 0.036719 0.082812
0.0 0.067969 0.679688 0.030469 0.108594
0.0 0.255469 0.873437 0.035156 0.060937
0.0 0.380469 0.818750 0.058594 0.095313
0.0 0.378125 0.492188 0.076563 0.074219
0.0 0.457812 0.571875 0.080469 0.092969
0.0 0.484375 0.383594 0.046094 0.125781
0.0 0.427344 0.367188 0.018750 0.137500
0.0 0.302344 0.393750 0.026562 0.044531
0.0 0.261719 0.457031 0.026562 0.060938
0.0 0.521094 0.296875 0.026563 0.076563
0.0 0.435938 0.105469 0.068750 0.078125
0.0 0.850781 0.195312 0.250781 0.390625
0.0 0.956250 0.239844 0.043750 0.121875
0.0 0.789844 0.224219 0.033594 0.057812
0.0 0.627344 0.287500 0.029688 0.053906
0.0 0.769531 0.387500 0.025000 0.051563
0.0 0.877344 0.478906 0.030469 0.071875
0.0 0.935156 0.412500 0.032812 0.060156
0.0 0.287500 0.589063 0.022656 0.043750
0.0 0.235156 0.546094 0.019531 0.045313
0.0 0.184375 0.542969 0.013281 0.056250
0.0 0.128906 0.552344 0.031250 0.035937
0.0 0.109375 0.519531 0.027344 0.041406
0.0 0.075781 0.294531 0.053125 0.095312
0.0 0.011719 0.304688 0.023438 0.050000
0.0 0.253906 0.191406 0.065625 0.067188
0.0 0.296875 0.263281 0.032031 0.059375
0.0 0.305469 0.494531 0.021094 0.047656
0.0 0.370313 0.151563 0.021094 0.035938
0.0 0.252344 0.077344 0.020313 0.036719
0.0 0.194531 0.103906 0.018750 0.047656
0.0 0.167188 0.115625 0.017187 0.036719
0.0 0.089844 0.173437 0.015625 0.032031
0.0 0.055469 0.193750 0.011719 0.037500
0.0 0.038281 0.186719 0.017187 0.039062
0.0 0.640625 0.860156 0.035156 0.050781
0.0 0.845313 0.840625 0.019531 0.053125
0.0 0.110156 0.978125 0.012500 0.039844
0.0 0.076563 0.974219 0.024219 0.035156
0.0 0.155469 0.967969 0.030469 0.064062
0.0 0.203906 0.797656 0.021094 0.046094
0.0 0.639062 0.147656 0.027344 0.043750
0.0 0.172656 0.691406 0.012500 0.045313
0.0 0.111719 0.769531 0.014844 0.022656
0.0 0.030469 0.735938 0.008594 0.052344
0.0 0.753125 0.699219 0.050000 0.075781
0.0 0.010156 0.711719 0.020313 0.035937
