1.0 0.480402 0.159519 0.118370 0.294708
0.0 0.266978 0.022243 0.057995 0.044486
0.0 0.304922 0.707628 0.051110 0.102974
0.0 0.268197 0.924021 0.035997 0.065634
0.0 0.432662 0.873646 0.034626 0.053890
0.0 0.486434 0.846632 0.030797 0.039688
0.0 0.446667 0.968221 0.020221 0.030594
0.0 0.500721 0.920101 0.033492 0.046829
0.0 0.578839 0.891185 0.024863 0.030050
0.0 0.613026 0.864748 0.030922 0.057595
0.0 0.651265 0.939606 0.043124 0.120788
0.0 0.693970 0.981472 0.012923 0.024778
0.0 0.719535 0.955383 0.020339 0.032935
0.0 0.572079 0.637398 0.098057 0.046193
0.0 0.493201 0.712427 0.048789 0.149554
0.0 0.455532 0.575200 0.058303 0.137581
0.0 0.565489 0.535374 0.080131 0.091985
0.0 0.611085 0.468836 0.045242 0.063765
0.0 0.631916 0.288406 0.032987 0.052251
0.0 0.783254 0.188087 0.026778 0.037151
0.0 0.761262 0.065730 0.095821 0.109898
0.0 0.713666 0.621852 0.051622 0.113118
0.0 0.757767 0.678050 0.012379 0.029420
0.0 0.652583 0.778349 0.015271 0.040462
0.0 0.705208 0.789607 0.013081 0.027899
0.0 0.743926 0.750883 0.022333 0.041596
0.0 0.683892 0.731429 0.026470 0.046475
0.0 0.328559 0.347423 0.016477 0.033518
0.0 0.312141 0.238646 0.022457 0.059503
0.0 0.707732 0.258592 0.027139 0.059739
0.0 0.784958 0.309420 0.020621 0.053962
0.0 0.544442 0.859726 0.023703 0.053340
0.0 0.590333 0.833879 0.013120 0.028679
0.0 0.409720 0.044041 0.047556 0.088082
0.0 0.587160 0.028009 0.028188 0.049674
0.0 0.756797 0.387007 0.015304 0.025676
0.0 0.630179 0.710729 0.017808 0.044481
0.0 0.457007 0.685570 0.022988 0.023729
0.0 0.683177 0.016423 0.021074 0.016628
0.0 0.772114 0.145284 0.015192 0.038901
0.0 0.658268 0.619058 0.012143 0.024739
0.0 0.733592 0.831715 0.014018 0.031060
