3.0 0.518546 0.847158 0.161281 0.305684
0.0 0.810202 0.885620 0.160592 0.157393
0.0 0.331814 0.974117 0.090472 0.051767
0.0 0.657993 0.693509 0.060197 0.094742
0.0 0.558972 0.459895 0.072156 0.103502
0.0 0.621179 0.523045 0.061934 0.074088
0.0 0.444372 0.447621 0.088579 0.103293
0.0 0.465263 0.290357 0.059165 0.137211
0.0 0.552785 0.357933 0.085277 0.070563
0.0 0.701785 0.362792 0.053748 0.083175
0.0 0.599672 0.044510 0.061411 0.089020
0.0 0.288389 0.331426 0.068539 0.095408
0.0 0.218664 0.102356 0.044153 0.048631
0.0 0.390445 0.124749 0.027298 0.033056
0.0 0.456075 0.077176 0.033957 0.028199
