0.0 0.138346 0.234421 0.276692 0.416671
0.0 0.514633 0.102298 0.070918 0.066077
0.0 0.675560 0.244226 0.033641 0.061997
0.0 0.711413 0.162497 0.085894 0.090735
0.0 0.845617 0.656296 0.019210 0.021285
0.0 0.908230 0.618008 0.057596 0.084569
0.0 0.946589 0.638173 0.038061 0.102381
0.0 0.997651 0.811184 0.004699 0.053176
0.0 0.655999 0.805152 0.075033 0.082641
0.0 0.787153 0.847385 0.052376 0.057909
0.0 0.274556 0.959742 0.075071 0.080516
0.0 0.553288 0.570402 0.097751 0.121958
0.0 0.505975 0.382245 0.069237 0.141857
0.0 0.459785 0.297706 0.057039 0.107527
0.0 0.558468 0.359210 0.046498 0.165457
0.0 0.355657 0.294169 0.043748 0.056198
0.0 0.124494 0.523019 0.056723 0.090612
0.0 0.309953 0.594675 0.181254 0.197853
0.0 0.694505 0.474784 0.028506 0.036114
0.0 0.730663 0.417384 0.039077 0.062592
0.0 0.896145 0.256238 0.078433 0.113705
0.0 0.187480 0.258346 0.038641 0.065614
0.0 0.027543 0.302928 0.055086 0.140292
0.0 0.058823 0.741617 0.051770 0.059377
0.0 0.194825 0.878415 0.028471 0.056828
0.0 0.721098 0.566969 0.030643 0.048625
0.0 0.702025 0.047995 0.018592 0.029658
0.0 0.759958 0.074663 0.031408 0.055614
0.0 0.967848 0.250748 0.019952 0.042084
0.0 0.269800 0.041070 0.025048 0.039572
0.0 0.968802 0.927316 0.035071 0.032996
0.0 0.770605 0.523827 0.027706 0.049838
0.0 0.397838 0.873487 0.046078 0.056453
0.0 0.618397 0.483113 0.094352 0.090894
0.0 0.871758 0.133946 0.024005 0.044062
0.0 0.918853 0.140581 0.054888 0.052813
0.0 0.057992 0.461137 0.053214 0.072580
0.0 0.542476 0.016310 0.025995 0.032619
0.0 0.585235 0.137010 0.021528 0.028445
0.0 0.580399 0.035371 0.011614 0.021988
0.0 0.789106 0.082476 0.019624 0.032073
0.0 0.870260 0.048445 0.039077 0.062592
0.0 0.902151 0.066961 0.026141 0.056573
0.0 0.896190 0.019672 0.022900 0.033966
0.0 0.870193 0.507427 0.039634 0.039634
0.0 0.891305 0.470536 0.031698 0.037231
0.0 0.823249 0.775060 0.019114 0.027413
0.0 0.341079 0.031697 0.021953 0.032328
0.0 0.380202 0.058852 0.020145 0.029828
