0.0 0.573067 0.471854 0.079368 0.086659
0.0 0.514233 0.328687 0.057423 0.119396
0.0 0.303636 0.316605 0.055525 0.078127
0.0 0.454724 0.437566 0.068085 0.116205
0.0 0.622089 0.536879 0.050616 0.062282
0.0 0.687921 0.912356 0.247894 0.175288
0.0 0.646024 0.916565 0.029712 0.039190
0.0 0.619557 0.684680 0.028405 0.042987
0.0 0.259946 0.688778 0.029033 0.040698
0.0 0.180774 0.871540 0.070287 0.078307
0.0 0.251843 0.970875 0.033783 0.030138
0.0 0.543021 0.887186 0.030015 0.043867
0.0 0.588528 0.402396 0.094319 0.041824
0.0 0.769627 0.144818 0.016631 0.029026
0.0 0.715877 0.164821 0.046379 0.104706
0.0 0.547199 0.170331 0.037811 0.044373
0.0 0.461456 0.200787 0.025185 0.041226
0.0 0.491506 0.123663 0.026716 0.028903
0.0 0.329281 0.077920 0.019172 0.032296
0.0 0.286006 0.141662 0.032830 0.039392
0.0 0.831587 0.348469 0.021612 0.034007
0.0 0.795652 0.335180 0.017108 0.024399
0.0 0.822044 0.386995 0.016379 0.025128
0.0 0.806928 0.390713 0.016177 0.022009
0.0 0.770034 0.392237 0.020226 0.024601
0.0 0.748090 0.440920 0.045289 0.075911
0.0 0.756079 0.293471 0.016429 0.025908
0.0 0.729912 0.334835 0.017259 0.026738
0.0 0.781920 0.776623 0.021612 0.034007
0.0 0.703850 0.712847 0.030015 0.043867
0.0 0.789520 0.671425 0.017259 0.026738
0.0 0.657638 0.229941 0.028658 0.046885
0.0 0.519769 0.231184 0.019750 0.029228
0.0 0.767994 0.049199 0.023070 0.032549
0.0 0.789060 0.171129 0.017765 0.034534
0.0 0.773993 0.089515 0.024175 0.025633
0.0 0.853578 0.045351 0.018443 0.033025
0.0 0.294248 0.606449 0.018718 0.025280
0.0 0.487600 0.063128 0.018292 0.030686
0.0 0.405950 0.030435 0.018191 0.029127
0.0 0.800428 0.696401 0.014668 0.022688
0.0 0.674087 0.048594 0.015549 0.024298
