1.0 0.687904 0.406213 0.188339 0.206534
0.0 0.498384 0.620750 0.075113 0.132393
0.0 0.451850 0.444816 0.099028 0.134744
0.0 0.378938 0.532302 0.104896 0.109614
0.0 0.806096 0.896622 0.084409 0.133603
0.0 0.302666 0.836093 0.085969 0.098772
0.0 0.706569 0.032491 0.047536 0.064982
0.0 0.543033 0.176900 0.018350 0.029806
0.0 0.595962 0.123528 0.035792 0.052639
0.0 0.210965 0.161821 0.032491 0.050686
0.0 0.233746 0.488172 0.021109 0.039304
0.0 0.279432 0.439683 0.026330 0.038460
0.0 0.272256 0.572186 0.032454 0.062105
0.0 0.338173 0.194897 0.066670 0.090929
0.0 0.653807 0.695061 0.032290 0.049137
0.0 0.548281 0.695403 0.036493 0.075578
0.0 0.445194 0.641854 0.040145 0.144596
0.0 0.669227 0.964859 0.019294 0.025359
0.0 0.393421 0.903853 0.014412 0.017108
0.0 0.421321 0.863981 0.017644 0.024383
0.0 0.334890 0.750752 0.031685 0.044488
0.0 0.310448 0.956408 0.020743 0.024786
0.0 0.312349 0.529151 0.017543 0.023608
0.0 0.431161 0.969846 0.022494 0.026537
0.0 0.469112 0.996659 0.014985 0.006682
0.0 0.470666 0.982825 0.015118 0.022531
0.0 0.466775 0.922667 0.018519 0.025258
0.0 0.463925 0.876556 0.013669 0.023104
0.0 0.498613 0.894888 0.060716 0.062737
0.0 0.743196 0.952080 0.019427 0.032231
0.0 0.628580 0.937060 0.014142 0.020880
0.0 0.288193 0.924640 0.015691 0.021082
0.0 0.685663 0.842968 0.016264 0.019634
0.0 0.676239 0.818984 0.013266 0.020005
0.0 0.694493 0.826062 0.015017 0.021756
0.0 0.813378 0.746773 0.010873 0.025025
0.0 0.686807 0.972813 0.015760 0.015760
0.0 0.308766 0.701367 0.014041 0.020106
0.0 0.313667 0.636126 0.016466 0.021183
0.0 0.418687 0.765056 0.021045 0.027110
