0.0 0.507124 0.393378 0.071092 0.131616
0.0 0.551581 0.572002 0.091611 0.120466
0.0 0.282733 0.954911 0.062577 0.090179
0.0 0.556345 0.374570 0.060128 0.145987
0.0 0.520006 0.141024 0.060875 0.089026
0.0 0.607996 0.480311 0.098133 0.091799
0.0 0.709063 0.189748 0.072174 0.070062
0.0 0.145760 0.513289 0.040320 0.091695
0.0 0.077553 0.728526 0.032585 0.050883
0.0 0.979895 0.804819 0.040211 0.058436
0.0 0.878820 0.274838 0.059134 0.095026
0.0 0.642917 0.797963 0.066689 0.093433
0.0 0.144678 0.234268 0.289356 0.424947
0.0 0.047682 0.298956 0.056947 0.112544
0.0 0.083845 0.456395 0.037507 0.078326
0.0 0.207972 0.268015 0.032363 0.048550
0.0 0.883219 0.634632 0.047728 0.088546
0.0 0.923550 0.637859 0.036801 0.095214
0.0 0.209788 0.856424 0.030102 0.065290
0.0 0.721734 0.446734 0.029914 0.087623
0.0 0.870363 0.078664 0.062023 0.092989
0.0 0.461877 0.313710 0.038063 0.076066
3.0 0.421984 0.669869 0.314618 0.293505
0.0 0.363328 0.308958 0.034548 0.047216
0.0 0.762091 0.829790 0.036324 0.065882
