0.0 0.618750 0.168750 0.011719 0.020313
0.0 0.566406 0.375781 0.013281 0.131250
0.0 0.700781 0.582812 0.014844 0.032031
0.0 0.750781 0.548438 0.012500 0.031250
0.0 0.703906 0.339063 0.010156 0.020313
0.0 0.650000 0.135938 0.007031 0.010937
0.0 0.856250 0.894531 0.007031 0.017969
0.0 0.864844 0.755469 0.010156 0.024219
0.0 0.808594 0.685937 0.012500 0.015625
0.0 0.775781 0.792187 0.013281 0.025000
0.0 0.825781 0.341406 0.010938 0.020313
0.0 0.810156 0.282812 0.010156 0.019531
0.0 0.685937 0.403125 0.023438 0.021875
0.0 0.683594 0.496875 0.017969 0.020313
0.0 0.651563 0.443750 0.008594 0.009375
0.0 0.750781 0.131250 0.009375 0.013281
0.0 0.642188 0.218750 0.011719 0.013281
0.0 0.610156 0.263281 0.011719 0.011719
0.0 0.896875 0.275781 0.008594 0.010937
0.0 0.984375 0.278125 0.013281 0.015625
0.0 0.936719 0.204687 0.012500 0.013281
0.0 0.793750 0.561719 0.009375 0.016406
0.0 0.797656 0.525000 0.009375 0.013281
0.0 0.932812 0.546094 0.008594 0.014844
0.0 0.902344 0.539062 0.005469 0.011719
0.0 0.820312 0.010938 0.009375 0.020313
0.0 0.955469 0.062500 0.007031 0.014063
0.0 0.984375 0.573438 0.008594 0.031250
0.0 0.964844 0.596094 0.005469 0.016406
0.0 0.971094 0.764062 0.012500 0.050000
0.0 0.941406 0.721875 0.007031 0.025000
