0.0 0.317397 0.039133 0.071674 0.078266
0.0 0.092104 0.238730 0.038920 0.058183
0.0 0.147188 0.454637 0.050609 0.074367
0.0 0.083992 0.515383 0.050480 0.069101
0.0 0.351129 0.675562 0.037506 0.049707
0.0 0.139285 0.741819 0.278570 0.432973
0.0 0.035561 0.668090 0.061912 0.092734
0.0 0.190710 0.706632 0.034552 0.040973
0.0 0.001753 0.813606 0.003506 0.019651
0.0 0.001019 0.703151 0.002037 0.032623
0.0 0.257225 0.915732 0.026845 0.035193
0.0 0.316304 0.936672 0.037763 0.042258
0.0 0.313231 0.803097 0.025818 0.042513
0.0 0.495093 0.871439 0.077838 0.089396
0.0 0.511269 0.964428 0.027745 0.040587
0.0 0.536440 0.991205 0.033909 0.017590
0.0 0.682614 0.825086 0.079635 0.077708
0.0 0.825298 0.943130 0.037636 0.063963
0.0 0.832239 0.868252 0.021066 0.040972
0.0 0.856895 0.924637 0.022479 0.040458
0.0 0.843663 0.965993 0.025048 0.042385
0.0 0.921510 0.765124 0.030058 0.058953
0.0 0.862430 0.753689 0.066921 0.100312
0.0 0.676442 0.923854 0.044699 0.056899
0.0 0.722423 0.909344 0.020809 0.034936
0.0 0.749010 0.906649 0.019652 0.028000
0.0 0.550081 0.631908 0.044578 0.146032
0.0 0.889169 0.412819 0.056518 0.100825
0.0 0.928858 0.393300 0.042261 0.082714
0.0 0.855255 0.511713 0.033395 0.029542
0.0 0.865013 0.552942 0.030571 0.044055
0.0 0.611610 0.524154 0.087213 0.091708
0.0 0.609302 0.461991 0.015285 0.019780
0.0 0.494726 0.612382 0.066025 0.130879
0.0 0.445530 0.684174 0.036995 0.078090
0.0 0.551251 0.434886 0.089141 0.112258
0.0 0.660181 0.213855 0.070003 0.082845
0.0 0.782455 0.188304 0.033783 0.063320
0.0 0.989608 0.231090 0.020785 0.046239
0.0 0.714493 0.448641 0.022479 0.040458
0.0 0.680580 0.528526 0.025561 0.036477
0.0 0.713970 0.575279 0.040333 0.062165
0.0 0.755590 0.491927 0.021837 0.045596
0.0 0.296187 0.278304 0.056388 0.068588
0.0 0.424505 0.145252 0.030443 0.056770
0.0 0.469839 0.196373 0.024919 0.041614
0.0 0.651923 0.747894 0.042002 0.058697
0.0 0.562010 0.845371 0.016185 0.025174
0.0 0.937868 0.116006 0.021323 0.033523
0.0 0.965995 0.127824 0.023122 0.057797
0.0 0.898567 0.114205 0.023765 0.066145
0.0 0.998177 0.319069 0.003645 0.058054
0.0 0.973557 0.353231 0.024149 0.045981
0.0 0.990689 0.511338 0.018621 0.040586
0.0 0.837670 0.365423 0.024919 0.041614
0.0 0.665931 0.625880 0.031597 0.032239
0.0 0.570365 0.752512 0.021579 0.026074
0.0 0.877707 0.852072 0.033524 0.043798
0.0 0.902495 0.850661 0.018111 0.027743
0.0 0.944627 0.797491 0.030956 0.046367
0.0 0.770340 0.769223 0.019268 0.043669
0.0 0.550829 0.945679 0.019138 0.024918
0.0 0.421619 0.974825 0.033781 0.040844
0.0 0.233233 0.560860 0.031984 0.048037
0.0 0.234163 0.127771 0.031856 0.056256
