1.0 0.526408 0.788952 0.132239 0.249859
0.0 0.507257 0.322762 0.063130 0.139108
0.0 0.777112 0.934698 0.068316 0.085849
0.0 0.258511 0.903578 0.250468 0.178873
0.0 0.288330 0.914851 0.029508 0.049233
0.0 0.403008 0.896246 0.035064 0.051136
0.0 0.604817 0.886264 0.051310 0.087107
0.0 0.344593 0.680426 0.031509 0.056348
0.0 0.161268 0.757328 0.041105 0.048410
0.0 0.163659 0.657280 0.028839 0.075595
0.0 0.363778 0.525075 0.045347 0.054114
0.0 0.422773 0.470866 0.092726 0.078845
0.0 0.417797 0.388358 0.097876 0.049659
0.0 0.551107 0.434335 0.070816 0.113188
0.0 0.725672 0.334962 0.056866 0.089011
0.0 0.773185 0.152433 0.032191 0.054838
0.0 0.735553 0.078827 0.020285 0.026130
0.0 0.558393 0.107583 0.025596 0.024135
0.0 0.515942 0.209803 0.019807 0.043185
0.0 0.492584 0.145707 0.038618 0.045924
0.0 0.578430 0.187126 0.031988 0.039293
0.0 0.364195 0.195542 0.042130 0.052358
0.0 0.313013 0.125778 0.053079 0.115177
0.0 0.265939 0.028093 0.029065 0.042215
0.0 0.263715 0.088228 0.018529 0.022913
0.0 0.238021 0.110875 0.022779 0.041043
0.0 0.215226 0.087520 0.015080 0.042111
0.0 0.246495 0.398697 0.054245 0.109037
0.0 0.188781 0.333218 0.028531 0.046065
0.0 0.206740 0.284251 0.030084 0.033737
0.0 0.252673 0.698116 0.025314 0.044309
0.0 0.659168 0.023913 0.019801 0.030759
0.0 0.566364 0.055638 0.020446 0.053321
0.0 0.278761 0.296618 0.020482 0.029249
0.0 0.341567 0.318581 0.015368 0.034363
0.0 0.448887 0.205577 0.025026 0.052057
0.0 0.413182 0.175928 0.038120 0.025701
0.0 0.275021 0.003745 0.026326 0.007489
0.0 0.378967 0.002942 0.014919 0.005884
0.0 0.316108 0.262963 0.012832 0.031096
