0.0 0.646875 0.476562 0.059375 0.138281
0.0 0.717969 0.368750 0.047656 0.042969
0.0 0.719531 0.428906 0.095312 0.123438
0.0 0.779688 0.372656 0.019531 0.042188
0.0 0.836719 0.393750 0.109375 0.067969
0.0 0.777344 0.607813 0.035156 0.078906
0.0 0.800000 0.678906 0.042969 0.053125
0.0 0.684375 0.648438 0.059375 0.057031
0.0 0.701563 0.578906 0.036719 0.103125
0.0 0.521875 0.743750 0.064844 0.079687
0.0 0.458594 0.763281 0.064062 0.136719
0.0 0.378906 0.785156 0.105469 0.106250
0.0 0.453906 0.857813 0.047656 0.057812
0.0 0.342969 0.957031 0.078125 0.067188
0.0 0.232031 0.966406 0.038281 0.050781
0.0 0.246094 0.861719 0.045313 0.050000
0.0 0.536719 0.879687 0.014844 0.021094
0.0 0.525000 0.942969 0.045313 0.050000
0.0 0.632031 0.946094 0.135937 0.107813
0.0 0.634375 0.735937 0.024219 0.044531
0.0 0.570312 0.756250 0.028906 0.043750
0.0 0.551562 0.663281 0.042969 0.035156
0.0 0.792188 0.468750 0.045313 0.090625
0.0 0.814062 0.517187 0.037500 0.046094
0.0 0.759375 0.542969 0.014844 0.019531
0.0 0.734375 0.504687 0.021875 0.022656
0.0 0.732813 0.682031 0.025000 0.027344
0.0 0.637500 0.775781 0.034375 0.033594
0.0 0.613281 0.721094 0.024219 0.028906
0.0 0.664844 0.616406 0.107031 0.164844
0.0 0.884375 0.214062 0.085156 0.115625
0.0 0.917188 0.156250 0.031250 0.050781
0.0 0.715625 0.857031 0.021094 0.024219
0.0 0.510156 0.927344 0.023438 0.066406
0.0 0.293750 0.910156 0.020312 0.032031
0.0 0.257812 0.935156 0.028906 0.034375
0.0 0.704687 0.757812 0.116406 0.108594
0.0 0.802344 0.314063 0.014063 0.021875
0.0 0.867188 0.436719 0.030469 0.064062
0.0 0.725781 0.185156 0.048437 0.053125
0.0 0.887500 0.114844 0.030469 0.073437
0.0 0.908594 0.282031 0.075000 0.059375
0.0 0.892187 0.342187 0.025000 0.074219
