0.0 0.803125 0.085938 0.059375 0.080469
0.0 0.750000 0.864844 0.032812 0.040625
0.0 0.530469 0.896875 0.024219 0.027344
0.0 0.558594 0.817188 0.020312 0.037500
0.0 0.411719 0.608594 0.101562 0.050000
0.0 0.292969 0.874219 0.042969 0.117969
0.0 0.235937 0.896875 0.019531 0.027344
0.0 0.238281 0.954687 0.025000 0.032031
0.0 0.213281 0.871875 0.010937 0.034375
0.0 0.238281 0.588281 0.050781 0.104688
0.0 0.343750 0.793750 0.038281 0.048438
0.0 0.496094 0.792969 0.020313 0.037500
0.0 0.468750 0.853125 0.041406 0.049219
0.0 0.540625 0.964844 0.014844 0.027344
0.0 0.544531 0.563281 0.064844 0.135937
0.0 0.419531 0.525000 0.090625 0.075000
0.0 0.368750 0.466406 0.050781 0.051563
0.0 0.717187 0.679688 0.059375 0.085156
0.0 0.280469 0.082812 0.240625 0.165625
0.0 0.318750 0.071875 0.032031 0.046094
0.0 0.425000 0.101562 0.032031 0.048437
0.0 0.178125 0.226562 0.026562 0.040625
0.0 0.174219 0.327344 0.021094 0.047656
0.0 0.263281 0.286719 0.026562 0.049219
0.0 0.358594 0.313281 0.035156 0.044531
0.0 0.634375 0.113281 0.040625 0.083594
1.0 0.546094 0.207812 0.109375 0.235156
0.0 0.740625 0.282812 0.026563 0.048437
0.0 0.197656 0.392187 0.021875 0.028906
0.0 0.176562 0.640625 0.032031 0.042188
0.0 0.196875 0.699219 0.017969 0.030469
0.0 0.263281 0.684375 0.024219 0.025781
0.0 0.702344 0.930469 0.018750 0.036719
0.0 0.632031 0.985156 0.019531 0.029687
0.0 0.242188 0.989844 0.022656 0.019531
0.0 0.341406 0.987500 0.016406 0.024219
0.0 0.539844 0.657031 0.017187 0.021094
0.0 0.328906 0.675000 0.017969 0.028906
0.0 0.298437 0.725000 0.012500 0.025000
0.0 0.430469 0.787500 0.015625 0.041406
0.0 0.386719 0.823437 0.013281 0.016406
