0.0 0.245313 0.065625 0.058594 0.103125
0.0 0.058594 0.316406 0.034375 0.064844
0.0 0.168750 0.807813 0.246875 0.384375
0.0 0.036719 0.783594 0.014844 0.025781
0.0 0.069531 0.751562 0.042969 0.113281
0.0 0.093750 0.583594 0.047656 0.055469
0.0 0.143750 0.521875 0.045312 0.070312
0.0 0.381250 0.702344 0.021094 0.062500
0.0 0.482812 0.691406 0.027344 0.084375
0.0 0.516406 0.621094 0.042969 0.129688
0.0 0.571094 0.624219 0.020313 0.135937
0.0 0.543750 0.436719 0.074219 0.087500
0.0 0.617969 0.506250 0.082031 0.073437
0.0 0.616406 0.201562 0.047656 0.092187
0.0 0.730469 0.150781 0.021094 0.063281
0.0 0.246875 0.607031 0.022656 0.046875
0.0 0.229687 0.762500 0.021875 0.056250
0.0 0.325781 0.966406 0.026563 0.060938
0.0 0.396094 0.965625 0.035156 0.029688
0.0 0.559375 0.873438 0.057031 0.066406
0.0 0.733594 0.795313 0.071094 0.056250
0.0 0.901563 0.696094 0.049219 0.097656
0.0 0.964844 0.692187 0.017969 0.040625
0.0 0.982031 0.721094 0.013281 0.030469
0.0 0.896094 0.892187 0.030469 0.070312
0.0 0.920313 0.885938 0.019531 0.085938
0.0 0.821875 0.985156 0.014844 0.028906
0.0 0.844531 0.976562 0.020313 0.032031
0.0 0.736719 0.903906 0.015625 0.026562
0.0 0.789062 0.870313 0.010156 0.033594
0.0 0.814062 0.865625 0.021875 0.033594
0.0 0.889063 0.810938 0.014063 0.034375
0.0 0.919531 0.792969 0.013281 0.035938
0.0 0.937500 0.798437 0.016406 0.028906
0.0 0.957812 0.785156 0.015625 0.019531
0.0 0.615625 0.987500 0.014063 0.024219
0.0 0.591406 0.961719 0.011719 0.042187
0.0 0.501562 0.985156 0.021875 0.028906
0.0 0.619531 0.838281 0.014844 0.028125
0.0 0.370313 0.834375 0.026563 0.036719
0.0 0.687500 0.598437 0.017969 0.035938
0.0 0.725000 0.538281 0.023438 0.044531
0.0 0.685156 0.507813 0.021094 0.028125
0.0 0.703125 0.421094 0.023438 0.036719
0.0 0.603125 0.448438 0.014063 0.023438
0.0 0.260938 0.313281 0.057031 0.064062
0.0 0.368750 0.165625 0.030469 0.031250
0.0 0.422656 0.207813 0.015625 0.031250
0.0 0.829687 0.061719 0.020313 0.060938
0.0 0.867188 0.050781 0.010156 0.023438
0.0 0.899219 0.053125 0.018750 0.025781
0.0 0.966406 0.076563 0.021094 0.085156
0.0 0.951563 0.155469 0.034375 0.039062
0.0 0.944531 0.285156 0.007812 0.042188
0.0 0.975000 0.249219 0.017187 0.044531
0.0 0.870313 0.360156 0.035156 0.080469
0.0 0.906250 0.329688 0.025781 0.071875
0.0 0.777344 0.210938 0.014844 0.026563
0.0 0.796875 0.460156 0.010937 0.059375
0.0 0.851562 0.459375 0.030469 0.029688
0.0 0.872656 0.485938 0.017969 0.030469
0.0 0.751562 0.456250 0.010937 0.035156
0.0 0.931250 0.468750 0.012500 0.053125
0.0 0.985156 0.435937 0.007812 0.028906
0.0 0.687500 0.725000 0.032812 0.057031
0.0 0.625000 0.932031 0.015625 0.036719
0.0 0.812500 0.319531 0.008594 0.027344
0.0 0.175781 0.180469 0.021094 0.051562
0.0 0.057031 0.889063 0.016406 0.025000
0.0 0.981250 0.860937 0.012500 0.051563
0.0 0.864844 0.250000 0.009375 0.030469
0.0 0.706250 0.667188 0.013281 0.038281
0.0 0.613281 0.740625 0.013281 0.027344
0.0 0.661719 0.857031 0.031250 0.032031
0.0 0.844531 0.789844 0.009375 0.017969
0.0 0.811719 0.722656 0.011719 0.021875
0.0 0.647656 0.786719 0.018750 0.035156
0.0 0.878906 0.595312 0.016406 0.026562
