0.0 0.722656 0.479688 0.082813 0.221094
0.0 0.913281 0.561719 0.076563 0.167187
0.0 0.971875 0.662500 0.040625 0.096094
0.0 0.978906 0.496094 0.026562 0.129688
0.0 0.837500 0.196875 0.062500 0.084375
0.0 0.600000 0.353906 0.062500 0.092188
0.0 0.569531 0.446094 0.045313 0.057812
0.0 0.387500 0.831250 0.038281 0.121094
0.0 0.228125 0.732813 0.028906 0.087500
0.0 0.025781 0.776562 0.051562 0.099219
0.0 0.557813 0.694531 0.039844 0.117188
0.0 0.452344 0.548438 0.045313 0.059375
0.0 0.307813 0.313281 0.061719 0.117188
0.0 0.289844 0.860938 0.029688 0.094531
0.0 0.809375 0.605469 0.038281 0.060938
0.0 0.528125 0.267187 0.033594 0.072656
0.0 0.531250 0.509375 0.027344 0.077344
0.0 0.946875 0.385938 0.038281 0.050000
