0.0 0.198907 0.119240 0.300152 0.202028
0.0 0.274502 0.125400 0.043089 0.045120
0.0 0.738686 0.084628 0.073136 0.107649
0.0 0.345260 0.347952 0.042916 0.055774
0.0 0.424769 0.533956 0.092958 0.089574
0.0 0.367596 0.480571 0.043824 0.074953
0.0 0.420477 0.624277 0.112745 0.053193
0.0 0.265782 0.602951 0.065311 0.118095
0.0 0.346424 0.878587 0.053269 0.101316
0.0 0.511751 0.673337 0.065322 0.124197
0.0 0.718490 0.645535 0.071343 0.081494
0.0 0.774627 0.821117 0.042205 0.038144
0.0 0.547884 0.560864 0.076074 0.124798
1.0 0.586343 0.342570 0.224931 0.426594
