0.0 0.877649 0.727951 0.042942 0.087964
0.0 0.844089 0.697867 0.052777 0.093165
0.0 0.896377 0.905076 0.043785 0.046434
0.0 0.897079 0.970545 0.033879 0.058910
0.0 0.181215 0.894579 0.068582 0.103011
0.0 0.526675 0.566979 0.093322 0.101267
0.0 0.568319 0.815279 0.061829 0.087651
0.0 0.729286 0.826587 0.017377 0.036578
0.0 0.678525 0.877695 0.035077 0.064871
0.0 0.725070 0.488166 0.031211 0.064315
0.0 0.970194 0.177708 0.033111 0.088065
0.0 0.949098 0.170728 0.037741 0.078128
0.0 0.769940 0.236522 0.083921 0.088556
0.0 0.917870 0.365927 0.072231 0.107322
0.0 0.999734 0.347895 0.000532 0.032388
0.0 0.985159 0.378917 0.029683 0.053049
0.0 0.970213 0.270074 0.059574 0.052524
0.0 0.929138 0.249154 0.018923 0.036800
0.0 0.865864 0.568399 0.022133 0.043320
0.0 0.840760 0.594781 0.041228 0.028648
0.0 0.786194 0.579042 0.017286 0.057012
0.0 0.738907 0.578556 0.022790 0.037356
0.0 0.689274 0.605358 0.029088 0.039019
0.0 0.612027 0.505849 0.086903 0.088227
0.0 0.586616 0.386170 0.044984 0.144298
0.0 0.532364 0.390207 0.069047 0.127311
0.0 0.505704 0.306656 0.041602 0.073383
0.0 0.414025 0.280054 0.035618 0.052832
0.0 0.608721 0.139145 0.071321 0.079928
0.0 0.208421 0.181326 0.304714 0.362651
0.0 0.272675 0.203688 0.027981 0.036588
0.0 0.110273 0.191384 0.057650 0.105982
0.0 0.081803 0.153350 0.027308 0.026646
0.0 0.119680 0.054611 0.014612 0.033151
0.0 0.034413 0.620107 0.032625 0.042557
0.0 0.152038 0.427861 0.043467 0.060019
0.0 0.102603 0.359977 0.047778 0.063669
0.0 0.263474 0.355486 0.036047 0.040020
0.0 0.131937 0.776204 0.032858 0.054707
0.0 0.319060 0.819688 0.037932 0.047864
0.0 0.235798 0.652225 0.063578 0.068212
0.0 0.828341 0.993189 0.024215 0.013622
0.0 0.968222 0.636000 0.014506 0.037679
0.0 0.718279 0.304864 0.042365 0.062890
0.0 0.687043 0.033593 0.024215 0.026201
0.0 0.653104 0.055549 0.027556 0.054702
0.0 0.391957 0.021690 0.030549 0.043380
0.0 0.458233 0.027525 0.028213 0.048738
0.0 0.909625 0.082966 0.023447 0.031392
0.0 0.885891 0.061399 0.025428 0.024104
0.0 0.859041 0.182246 0.024008 0.040560
0.0 0.837728 0.171288 0.014718 0.028622
0.0 0.793443 0.149923 0.035957 0.060454
0.0 0.662265 0.183941 0.024003 0.035258
0.0 0.413921 0.154543 0.031296 0.038579
0.0 0.764385 0.977803 0.025348 0.044393
0.0 0.726401 0.363650 0.020359 0.036249
0.0 0.697621 0.421076 0.025549 0.035481
0.0 0.680628 0.517293 0.027425 0.032721
0.0 0.591531 0.566045 0.016588 0.020561
0.0 0.826201 0.805795 0.017700 0.028294
0.0 0.932582 0.823461 0.026889 0.050062
0.0 0.930101 0.758383 0.016154 0.028071
0.0 0.905552 0.780899 0.016937 0.038786
0.0 0.780648 0.721894 0.017806 0.023765
0.0 0.845923 0.388731 0.015158 0.026413
0.0 0.478522 0.309061 0.018034 0.030614
0.0 0.683125 0.088280 0.020136 0.034702
