0.0 0.113281 0.227344 0.006250 0.010156
0.0 0.375000 0.850781 0.009375 0.016406
0.0 0.414844 0.916406 0.011719 0.021094
0.0 0.340625 0.885156 0.007031 0.008594
0.0 0.368750 0.955469 0.008594 0.015625
0.0 0.409375 0.977344 0.010938 0.013281
0.0 0.392969 0.969531 0.004687 0.007812
0.0 0.403906 0.994531 0.007812 0.010937
0.0 0.350781 0.985156 0.008594 0.005469
0.0 0.416406 0.867969 0.005469 0.017188
0.0 0.438281 0.793750 0.006250 0.012500
0.0 0.383594 0.752344 0.010938 0.010938
0.0 0.348437 0.798438 0.008594 0.014062
0.0 0.309375 0.503906 0.010938 0.017187
0.0 0.300000 0.503125 0.004687 0.007031
0.0 0.339844 0.558594 0.004687 0.007031
0.0 0.331250 0.485156 0.007031 0.009375
0.0 0.315625 0.686719 0.006250 0.010938
0.0 0.282813 0.668750 0.006250 0.014844
0.0 0.296094 0.609375 0.004687 0.013281
0.0 0.310156 0.600000 0.003906 0.012500
