0.0 0.753248 0.918918 0.143938 0.146933
0.0 0.668324 0.964610 0.033265 0.051234
0.0 0.275013 0.958985 0.072360 0.082030
0.0 0.624760 0.702107 0.030795 0.048016
0.0 0.562925 0.470845 0.070878 0.075370
0.0 0.458164 0.432902 0.061816 0.139681
0.0 0.321474 0.302435 0.057322 0.105988
0.0 0.494799 0.296136 0.056575 0.144922
0.0 0.647550 0.073309 0.041408 0.117027
0.0 0.708592 0.399996 0.039655 0.112280
0.0 0.608871 0.523701 0.045118 0.074318
0.0 0.293158 0.087787 0.050853 0.062083
0.0 0.441617 0.142710 0.026350 0.034586
0.0 0.464395 0.049515 0.031464 0.026223
0.0 0.515056 0.102961 0.038442 0.044432
1.0 0.423013 0.663435 0.170969 0.503396
