3.0 0.687966 0.603946 0.196972 0.207431
0.0 0.500439 0.383878 0.078069 0.140166
0.0 0.449294 0.562561 0.099576 0.132912
0.0 0.383455 0.476574 0.091927 0.088005
0.0 0.446321 0.360552 0.043971 0.143979
0.0 0.524227 0.285568 0.013893 0.021737
0.0 0.551616 0.307952 0.039597 0.076201
0.0 0.656215 0.311365 0.033131 0.048819
0.0 0.870580 0.253196 0.258841 0.425932
0.0 0.781819 0.430239 0.033429 0.045848
0.0 0.825011 0.272466 0.028264 0.036761
0.0 0.982237 0.315892 0.035527 0.102748
0.0 0.680365 0.040802 0.015495 0.027261
0.0 0.696697 0.032244 0.016271 0.017578
0.0 0.437487 0.031968 0.017456 0.025300
0.0 0.478936 0.003800 0.016271 0.007601
0.0 0.481140 0.020491 0.025415 0.028030
0.0 0.477119 0.077573 0.017040 0.027498
0.0 0.473332 0.122835 0.012406 0.026787
0.0 0.507184 0.108272 0.061638 0.067521
0.0 0.401216 0.098327 0.015021 0.024172
0.0 0.428787 0.134966 0.021436 0.026665
0.0 0.319051 0.041450 0.021019 0.028863
0.0 0.260434 0.068019 0.019888 0.036229
0.0 0.295719 0.075016 0.016982 0.022211
0.0 0.231094 0.073789 0.022862 0.026130
0.0 0.305129 0.157873 0.078864 0.071674
0.0 0.271297 0.424577 0.033009 0.057848
0.0 0.208095 0.223597 0.015854 0.019776
0.0 0.185483 0.283357 0.012528 0.017757
0.0 0.231527 0.508578 0.018937 0.039853
0.0 0.277872 0.556794 0.027312 0.040385
0.0 0.334313 0.220053 0.017517 0.020785
0.0 0.339193 0.250047 0.037944 0.045787
0.0 0.181814 0.518334 0.016210 0.022093
0.0 0.146335 0.646466 0.014428 0.020311
0.0 0.309977 0.466084 0.024287 0.025595
0.0 0.331109 0.802088 0.067691 0.087301
0.0 0.202404 0.832124 0.036575 0.051609
0.0 0.165675 0.762462 0.017456 0.025300
0.0 0.586423 0.879225 0.037466 0.052500
0.0 0.532413 0.824299 0.023512 0.035278
0.0 0.703115 0.974315 0.065314 0.051370
0.0 0.937544 0.764775 0.031468 0.047809
0.0 0.875999 0.542708 0.045836 0.072635
0.0 0.788496 0.891279 0.028197 0.060879
0.0 0.422225 0.234340 0.018228 0.025419
0.0 0.635766 0.068733 0.019119 0.026309
0.0 0.754141 0.054500 0.025294 0.037059
0.0 0.693534 0.176402 0.034201 0.045967
0.0 0.308917 0.303098 0.016921 0.026726
0.0 0.314697 0.363266 0.016745 0.020667
0.0 0.063898 0.859074 0.018347 0.026191
0.0 0.047727 0.619471 0.041375 0.087784
0.0 0.088112 0.603539 0.050292 0.067287
0.0 0.108500 0.460445 0.027312 0.040385
0.0 0.124905 0.497741 0.031888 0.035810
0.0 0.011493 0.908688 0.022986 0.025476
0.0 0.042414 0.916637 0.019712 0.030170
0.0 0.082691 0.932305 0.016626 0.019895
0.0 0.004385 0.662073 0.008770 0.034092
0.0 0.119096 0.345092 0.018526 0.022448
0.0 0.114549 0.240851 0.064125 0.093539
0.0 0.115443 0.059986 0.031051 0.050007
0.0 0.143438 0.119612 0.021493 0.031952
0.0 0.089803 0.124024 0.018821 0.029280
0.0 0.106853 0.131384 0.025294 0.037059
0.0 0.045467 0.232616 0.025944 0.046207
0.0 0.126533 0.008801 0.015732 0.017601
0.0 0.125767 0.023631 0.013300 0.017876
0.0 0.146975 0.034792 0.039184 0.068598
0.0 0.042158 0.475553 0.017812 0.027617
0.0 0.002315 0.526233 0.004631 0.028152
0.0 0.186374 0.663678 0.019356 0.027854
0.0 0.019488 0.731325 0.021852 0.024467
0.0 0.374134 0.109977 0.015258 0.025717
