0.0 0.660937 0.910156 0.039062 0.137500
0.0 0.500000 0.689063 0.048437 0.162500
0.0 0.328125 0.694531 0.053125 0.106250
0.0 0.295313 0.901562 0.026562 0.057813
0.0 0.613281 0.831250 0.022656 0.054688
0.0 0.523438 0.893750 0.030469 0.064063
0.0 0.499219 0.825781 0.025000 0.036719
0.0 0.447656 0.864844 0.027344 0.051562
0.0 0.703125 0.591406 0.044531 0.121875
0.0 0.602344 0.459375 0.056250 0.084375
0.0 0.557813 0.515625 0.056250 0.119531
0.0 0.567969 0.616406 0.082812 0.043750
0.0 0.603906 0.292188 0.044531 0.057812
0.0 0.259375 0.049219 0.067969 0.089844
0.0 0.728906 0.067969 0.106250 0.135937
0.0 0.646875 0.029688 0.028906 0.059375
0.0 0.756250 0.180469 0.036719 0.059375
1.0 0.406250 0.342969 0.153125 0.484375
0.0 0.460156 0.564063 0.053906 0.149219
0.0 0.469531 0.941406 0.022656 0.046094
0.0 0.735156 0.722656 0.029688 0.040625
0.0 0.679688 0.707812 0.017187 0.037500
