1.0 0.305713 0.409630 0.183324 0.198013
0.0 0.616254 0.505997 0.094233 0.096436
0.0 0.565302 0.628238 0.032494 0.157349
0.0 0.506482 0.616982 0.063015 0.134257
0.0 0.464407 0.694351 0.047444 0.080494
0.0 0.135514 0.779214 0.271029 0.413862
0.0 0.200144 0.757199 0.039515 0.064486
0.0 0.364719 0.699494 0.038144 0.054302
0.0 0.029730 0.721826 0.059460 0.130948
0.0 0.125142 0.500053 0.044142 0.077192
0.0 0.056861 0.557112 0.045475 0.073384
0.0 0.041764 0.279199 0.031754 0.078025
0.0 0.249922 0.045953 0.056835 0.091906
0.0 0.175012 0.141410 0.035797 0.067378
0.0 0.379709 0.133782 0.036402 0.051091
0.0 0.253670 0.282165 0.055334 0.082509
0.0 0.982455 0.153015 0.035090 0.053606
0.0 0.764660 0.135101 0.031625 0.062471
0.0 0.638430 0.179390 0.065928 0.090899
0.0 0.547353 0.426069 0.086700 0.113874
0.0 0.733998 0.553557 0.025847 0.056694
0.0 0.715167 0.420203 0.026588 0.042746
0.0 0.765148 0.462247 0.022598 0.040959
0.0 0.873466 0.470128 0.034024 0.036961
0.0 0.891743 0.505628 0.021818 0.040913
0.0 0.937489 0.338476 0.043720 0.096600
0.0 0.896576 0.355655 0.049192 0.070491
0.0 0.980221 0.290100 0.017691 0.036786
0.0 0.810346 0.210545 0.013291 0.027980
0.0 0.871879 0.054487 0.035108 0.068893
0.0 0.908782 0.723395 0.063861 0.095442
0.0 0.907694 0.929932 0.065050 0.102507
0.0 0.925396 0.827664 0.015806 0.044449
0.0 0.945265 0.835866 0.015358 0.023436
0.0 0.885854 0.834749 0.021220 0.043987
0.0 0.977090 0.719553 0.017040 0.052294
0.0 0.808032 0.894382 0.018016 0.029032
0.0 0.780143 0.902930 0.019250 0.036877
0.0 0.726977 0.821571 0.078921 0.073779
0.0 0.741011 0.902995 0.011276 0.020089
0.0 0.720246 0.937000 0.017743 0.024353
0.0 0.686380 0.739381 0.034745 0.062653
0.0 0.537450 0.891125 0.069464 0.084887
0.0 0.604005 0.957612 0.027550 0.045911
0.0 0.566582 0.979369 0.026036 0.041263
0.0 0.354215 0.973566 0.023794 0.034810
0.0 0.292276 0.962129 0.023007 0.047978
0.0 0.223226 0.589508 0.036493 0.052651
0.0 0.690854 0.515042 0.024430 0.045729
0.0 0.838295 0.321735 0.019667 0.030683
0.0 0.339284 0.840440 0.029103 0.059215
0.0 0.603405 0.860537 0.020895 0.051741
0.0 0.956964 0.474215 0.019569 0.042337
