0.0 0.161719 0.197656 0.250000 0.395312
0.0 0.232813 0.237500 0.030469 0.053906
0.0 0.146094 0.478906 0.045313 0.064063
0.0 0.090625 0.421875 0.037500 0.073438
0.0 0.245313 0.395312 0.024219 0.056250
0.0 0.379687 0.298438 0.036719 0.047656
0.0 0.477344 0.313281 0.031250 0.054688
0.0 0.559375 0.137500 0.062500 0.071094
0.0 0.589063 0.043750 0.010156 0.047656
0.0 0.624219 0.071094 0.020312 0.048438
0.0 0.616406 0.012500 0.015625 0.025000
0.0 0.731250 0.208594 0.073438 0.075000
0.0 0.893750 0.117187 0.028125 0.063281
0.0 0.915625 0.116406 0.026562 0.093750
0.0 0.237500 0.936719 0.059375 0.100781
0.0 0.367969 0.845312 0.033594 0.054688
0.0 0.421875 0.797656 0.011719 0.032812
0.0 0.258594 0.686719 0.052344 0.067969
0.0 0.054688 0.685156 0.021094 0.042187
0.0 0.946094 0.847656 0.042188 0.037500
0.0 0.869531 0.650781 0.039062 0.084375
0.0 0.904688 0.677344 0.027344 0.077344
0.0 0.791406 0.554688 0.016406 0.033594
0.0 0.850781 0.550781 0.027344 0.032812
0.0 0.871875 0.518750 0.023438 0.028125
0.0 0.599219 0.556250 0.014844 0.024219
0.0 0.682813 0.496094 0.021094 0.029688
0.0 0.722656 0.466406 0.021094 0.055469
0.0 0.612500 0.496094 0.074219 0.069531
0.0 0.571094 0.378906 0.028125 0.133594
0.0 0.517188 0.387500 0.047656 0.120313
0.0 0.539844 0.569531 0.073438 0.091406
0.0 0.067969 0.259375 0.045313 0.092969
0.0 0.328125 0.050781 0.019531 0.033594
0.0 0.392187 0.042188 0.019531 0.040625
0.0 0.175000 0.819531 0.025000 0.052344
0.0 0.615625 0.807031 0.056250 0.077344
0.0 0.729688 0.858594 0.021094 0.046875
0.0 0.972656 0.753906 0.018750 0.043750
0.0 0.985156 0.571875 0.012500 0.046875
0.0 0.964844 0.313281 0.019531 0.036719
0.0 0.896875 0.312500 0.048437 0.083594
0.0 0.785156 0.129688 0.016406 0.031250
0.0 0.733594 0.097656 0.010938 0.024219
0.0 0.834375 0.022656 0.039062 0.038281
0.0 0.887500 0.195312 0.011719 0.028906
0.0 0.927344 0.210156 0.032812 0.031250
0.0 0.983594 0.282031 0.022656 0.038281
0.0 0.699219 0.582031 0.021094 0.046094
0.0 0.750000 0.552344 0.023438 0.035938
0.0 0.806250 0.686719 0.017969 0.024219
0.0 0.689844 0.285937 0.026563 0.046094
0.0 0.825000 0.948438 0.025000 0.062500
0.0 0.868750 0.955469 0.014062 0.036719
0.0 0.896875 0.955469 0.023438 0.037500
0.0 0.621094 0.173438 0.017969 0.035156
0.0 0.057813 0.109375 0.016406 0.025781
0.0 0.038281 0.218750 0.016406 0.039062
0.0 0.966406 0.939844 0.029688 0.082031
0.0 0.366406 0.173438 0.028125 0.056250
0.0 0.775781 0.789844 0.016406 0.042969
0.0 0.940625 0.714844 0.017969 0.056250
0.0 0.687500 0.408594 0.022656 0.026563
0.0 0.710938 0.343750 0.017187 0.027344
0.0 0.812500 0.286719 0.017969 0.020312
0.0 0.810156 0.141406 0.016406 0.028125
0.0 0.499219 0.017969 0.025000 0.035156
0.0 0.434375 0.081250 0.014063 0.025000
0.0 0.825781 0.342187 0.009375 0.032031
0.0 0.983594 0.858594 0.020312 0.046875
