1.0 0.577989 0.223051 0.166407 0.292300
0.0 0.324683 0.088040 0.298472 0.176080
0.0 0.366811 0.057878 0.047161 0.060771
0.0 0.220408 0.565724 0.056308 0.122997
0.0 0.416140 0.522789 0.085949 0.096837
0.0 0.367824 0.460990 0.052589 0.061435
0.0 0.381165 0.294187 0.033725 0.044613
0.0 0.391547 0.607931 0.106887 0.061973
0.0 0.543172 0.558808 0.081265 0.108485
0.0 0.692266 0.697489 0.061325 0.095350
0.0 0.706414 0.890483 0.037586 0.051196
0.0 0.854511 0.130977 0.087405 0.133680
0.0 0.242358 0.855698 0.064933 0.124817
0.0 0.426743 0.847579 0.034975 0.048585
0.0 0.474283 0.677881 0.081186 0.139029
