1.0 0.301333 0.452859 0.185781 0.200057
0.0 0.171435 0.082375 0.066140 0.096731
0.0 0.930426 0.023029 0.034137 0.046057
0.0 0.861173 0.000000 0.028997 0.000001
0.0 0.786046 0.011517 0.032172 0.023033
0.0 0.928736 0.076393 0.042284 0.045683
0.0 0.313753 0.157716 0.035508 0.040266
0.0 0.699043 0.096837 0.040117 0.065270
0.0 0.579262 0.159620 0.068881 0.081797
0.0 0.618240 0.488572 0.086119 0.091558
0.0 0.533661 0.421857 0.088137 0.101733
0.0 0.588849 0.620503 0.035231 0.143318
0.0 0.529835 0.620694 0.067722 0.134342
0.0 0.502282 0.697297 0.041551 0.076900
0.0 0.401556 0.723096 0.034307 0.061499
0.0 0.785199 0.776559 0.075190 0.077229
0.0 0.608857 0.878588 0.075275 0.084112
0.0 0.445187 0.988392 0.031737 0.023216
0.0 0.376486 0.983896 0.025120 0.032208
0.0 0.187964 0.820928 0.306781 0.358145
0.0 0.250335 0.811795 0.030059 0.051812
0.0 0.074664 0.804327 0.062029 0.119132
0.0 0.987265 0.837476 0.025471 0.108511
0.0 0.966860 0.851772 0.040159 0.096582
0.0 0.997173 0.635750 0.005654 0.046873
0.0 0.940467 0.644066 0.060330 0.092960
0.0 0.876958 0.837666 0.024939 0.041254
0.0 0.850192 0.850411 0.017568 0.043400
0.0 0.800216 0.891995 0.025152 0.030590
0.0 0.686968 0.931145 0.021848 0.034764
0.0 0.653191 0.963647 0.023771 0.044165
0.0 0.685674 0.780169 0.019724 0.029921
0.0 0.667659 0.831981 0.018566 0.026724
0.0 0.739389 0.647601 0.017578 0.037292
0.0 0.727173 0.708144 0.036633 0.061786
0.0 0.736331 0.507863 0.032757 0.061308
0.0 0.699624 0.382506 0.034531 0.044727
0.0 0.805479 0.417473 0.026840 0.062869
0.0 0.756641 0.417196 0.021551 0.038546
0.0 0.889369 0.433895 0.027860 0.033978
0.0 0.863643 0.404006 0.032024 0.036782
0.0 0.957562 0.163363 0.014944 0.046894
0.0 0.934821 0.202376 0.014838 0.052227
0.0 0.904782 0.258819 0.040361 0.092026
0.0 0.865280 0.295962 0.051705 0.091133
0.0 0.799734 0.262323 0.016623 0.029539
0.0 0.752044 0.156425 0.024164 0.041159
0.0 0.758459 0.259540 0.019342 0.026819
0.0 0.863376 0.618934 0.017196 0.034191
0.0 0.854824 0.690046 0.009750 0.023346
0.0 0.978963 0.343347 0.015539 0.039332
0.0 0.015908 0.363316 0.031815 0.054414
0.0 0.129145 0.563035 0.039225 0.076614
0.0 0.076599 0.634848 0.044961 0.067394
0.0 0.247713 0.643666 0.032109 0.043665
0.0 0.220525 0.333726 0.066746 0.083061
0.0 0.382581 0.198822 0.018842 0.035158
0.0 0.050839 0.853706 0.023983 0.033500
0.0 0.083022 0.961516 0.018173 0.029730
0.0 0.401905 0.860019 0.031620 0.045896
0.0 0.704721 0.577094 0.033575 0.036974
0.0 0.706313 0.666634 0.015476 0.020234
0.0 0.647670 0.733688 0.019629 0.029146
0.0 0.999103 0.732269 0.001794 0.048817
0.0 0.991059 0.756953 0.017881 0.040670
0.0 0.979915 0.753342 0.014201 0.028477
0.0 0.949165 0.772089 0.012852 0.023729
0.0 0.919805 0.942587 0.023909 0.020510
0.0 0.900131 0.144466 0.015645 0.034000
0.0 0.851707 0.185858 0.020797 0.026235
0.0 0.693452 0.479301 0.021562 0.032438
0.0 0.949604 0.398919 0.013914 0.026150
0.0 0.823763 0.035806 0.014870 0.033904
0.0 0.115213 0.207380 0.029751 0.061701
0.0 0.896482 0.753394 0.014403 0.023920
0.0 0.702402 0.858397 0.016718 0.030314
0.0 0.909336 0.544785 0.018375 0.025173
