0.0 0.453906 0.651563 0.369531 0.360156
0.0 0.150781 0.783594 0.300781 0.424219
0.0 0.636719 0.901562 0.595312 0.196875
1.0 0.742969 0.678125 0.122656 0.135938
1.0 0.783594 0.432812 0.125781 0.137500
0.0 0.411719 0.059375 0.382031 0.118750
1.0 0.179688 0.131250 0.114063 0.113281
1.0 0.067187 0.371875 0.107031 0.078906
0.0 0.875781 0.176562 0.248437 0.278125
1.0 0.036719 0.129687 0.073437 0.056250
1.0 0.077344 0.087500 0.051563 0.057812
4.0 0.107813 0.232031 0.039062 0.032031
4.0 0.185938 0.260938 0.062500 0.040625
