0.0 0.234022 0.759744 0.076119 0.079527
0.0 0.399181 0.871037 0.069986 0.060443
0.0 0.416223 0.613405 0.045935 0.158404
0.0 0.593932 0.712053 0.043850 0.071797
0.0 0.475308 0.606397 0.080086 0.131209
0.0 0.502083 0.690697 0.054049 0.092902
0.0 0.389210 0.492088 0.099338 0.094567
0.0 0.090389 0.030381 0.064343 0.060762
0.0 0.054460 0.098194 0.016849 0.031845
0.0 0.098926 0.094924 0.064957 0.056777
0.0 0.813864 0.091812 0.070921 0.118636
0.0 0.429398 0.179811 0.079853 0.116661
0.0 0.086866 0.642761 0.075341 0.104651
0.0 0.801677 0.810340 0.311893 0.379320
0.0 0.473154 0.422774 0.105023 0.128880
0.0 0.272335 0.514918 0.044884 0.080329
0.0 0.315382 0.393432 0.053557 0.069916
0.0 0.962889 0.368774 0.058210 0.070480
0.0 0.904708 0.790620 0.068217 0.140470
0.0 0.736079 0.785933 0.042111 0.070058
0.0 0.148942 0.429145 0.070688 0.104088
0.0 0.850916 0.559034 0.046459 0.074406
0.0 0.899830 0.629489 0.039291 0.072009
0.0 0.928331 0.835978 0.019551 0.035229
0.0 0.551789 0.969006 0.024063 0.047238
0.0 0.613505 0.966252 0.018540 0.045805
0.0 0.594036 0.841127 0.033252 0.053701
0.0 0.765186 0.337743 0.065588 0.093535
0.0 0.859209 0.217710 0.032898 0.069706
0.0 0.319567 0.118503 0.047682 0.059270
0.0 0.158286 0.014773 0.026696 0.029547
0.0 0.190812 0.007492 0.023735 0.014985
0.0 0.227407 0.023002 0.028081 0.046005
0.0 0.062998 0.177137 0.029796 0.069331
0.0 0.085282 0.227054 0.028365 0.038589
0.0 0.117836 0.276641 0.038631 0.091798
0.0 0.151376 0.305100 0.048995 0.095346
0.0 0.036585 0.823967 0.030405 0.086981
0.0 0.062273 0.826292 0.039055 0.082679
0.0 0.318138 0.481118 0.021314 0.030857
0.0 0.287531 0.688316 0.037388 0.062608
0.0 0.263659 0.170752 0.026392 0.022302
0.0 0.675607 0.174222 0.035557 0.034875
0.0 0.609756 0.211102 0.027283 0.042279
0.0 0.211504 0.419410 0.024603 0.058003
0.0 0.256745 0.416234 0.027801 0.033936
0.0 0.025456 0.370117 0.020915 0.033866
0.0 0.019178 0.629841 0.029234 0.039459
0.0 0.329641 0.905897 0.027847 0.046933
0.0 0.327436 0.963078 0.017812 0.033490
0.0 0.148009 0.820151 0.016685 0.024183
0.0 0.173227 0.826354 0.019457 0.034453
0.0 0.217485 0.870276 0.020351 0.029212
0.0 0.097652 0.930522 0.014828 0.027779
0.0 0.122025 0.943705 0.021996 0.030176
0.0 0.892099 0.940189 0.015346 0.019435
0.0 0.344205 0.811652 0.022418 0.046275
0.0 0.038200 0.739171 0.047284 0.037060
0.0 0.076463 0.761119 0.020845 0.026979
0.0 0.079843 0.401888 0.022584 0.028718
0.0 0.216193 0.276751 0.022654 0.035605
0.0 0.305219 0.574776 0.026768 0.025404
0.0 0.164332 0.678902 0.012337 0.019835
0.0 0.438744 0.979709 0.036520 0.036520
0.0 0.356624 0.943005 0.023991 0.065571
0.0 0.361026 0.724763 0.016403 0.021856
