0.0 0.377212 0.519810 0.099730 0.111478
0.0 0.280209 0.816587 0.083187 0.086642
0.0 0.484189 0.877436 0.079105 0.112275
0.0 0.493264 0.595845 0.082919 0.181737
0.0 0.340938 0.204699 0.069451 0.101239
0.0 0.723485 0.288327 0.107667 0.113886
0.0 0.884280 0.221103 0.097750 0.107424
0.0 0.783651 0.520637 0.077829 0.093723
0.0 0.975026 0.689243 0.049948 0.126260
0.0 0.880327 0.470692 0.052210 0.083998
0.0 0.974397 0.556203 0.051206 0.110045
0.0 0.816416 0.718238 0.033593 0.061235
0.0 0.553041 0.075235 0.042186 0.097469
0.0 0.596159 0.095638 0.051269 0.075456
0.0 0.730031 0.047313 0.067878 0.094626
0.0 0.544256 0.680616 0.058067 0.095383
0.0 0.594188 0.613025 0.029026 0.054595
0.0 0.648386 0.684082 0.039200 0.063387
0.0 0.623157 0.633414 0.044708 0.078569
0.0 0.452271 0.430589 0.101170 0.138486
0.0 0.089090 0.394345 0.059014 0.097021
