0.0 0.160488 0.804171 0.299533 0.391659
0.0 0.557369 0.894043 0.064760 0.080247
0.0 0.224390 0.787588 0.032600 0.065123
0.0 0.050020 0.771150 0.068173 0.113086
0.0 0.025585 0.301815 0.026363 0.066630
0.0 0.217900 0.048554 0.067213 0.092767
0.0 0.618297 0.180980 0.059586 0.113791
0.0 0.741229 0.122867 0.038808 0.060490
0.0 0.889107 0.325482 0.043818 0.097249
0.0 0.932033 0.320418 0.031983 0.083865
0.0 0.977281 0.134857 0.039473 0.047216
0.0 0.575492 0.644655 0.028002 0.164289
0.0 0.625831 0.505145 0.106130 0.076705
0.0 0.546269 0.430841 0.084654 0.121823
0.0 0.476723 0.696306 0.042899 0.081617
0.0 0.514289 0.614723 0.057318 0.122364
0.0 0.388034 0.739274 0.046031 0.082426
0.0 0.752817 0.819667 0.059360 0.088011
0.0 0.943401 0.903153 0.062553 0.095851
0.0 0.737108 0.543232 0.022464 0.067377
3.0 0.303296 0.431412 0.170466 0.197568
0.0 0.918208 0.703366 0.064931 0.099777
