0.0 0.502987 0.679705 0.065656 0.126464
0.0 0.417878 0.519570 0.089170 0.089170
0.0 0.415768 0.607215 0.104306 0.057010
0.0 0.307231 0.875637 0.053015 0.122081
0.0 0.244892 0.595790 0.049324 0.107129
0.0 0.552300 0.558975 0.074184 0.125232
0.0 0.721666 0.673659 0.057372 0.093406
0.0 0.764437 0.851056 0.044914 0.053172
0.0 0.789366 0.074528 0.066680 0.092204
0.0 0.616414 0.110875 0.052147 0.099442
0.0 0.414251 0.099087 0.026057 0.069598
0.0 0.263882 0.092348 0.274963 0.177370
0.0 0.298503 0.077729 0.024048 0.037560
0.0 0.170909 0.236644 0.029273 0.031525
0.0 0.169399 0.339903 0.030082 0.052603
0.0 0.364947 0.464528 0.062269 0.058515
0.0 0.349046 0.315027 0.029421 0.055696
0.0 0.732180 0.275307 0.025757 0.061791
0.0 0.273858 0.698662 0.021825 0.040593
0.0 0.201315 0.703009 0.025609 0.037620
0.0 0.178200 0.650732 0.031373 0.045637
0.0 0.253662 0.905838 0.011077 0.024590
0.0 0.253447 0.961356 0.025910 0.025160
0.0 0.227692 0.881035 0.017623 0.032637
0.0 0.509523 0.788910 0.019663 0.045188
0.0 0.483244 0.857937 0.045817 0.036057
0.0 0.357531 0.800997 0.040200 0.052212
0.0 0.569062 0.812425 0.024347 0.045367
0.0 0.546296 0.891481 0.024858 0.038371
0.0 0.725127 0.926837 0.023237 0.036750
0.0 0.649847 0.982109 0.015011 0.025521
0.0 0.339676 0.682063 0.014019 0.040294
0.0 0.441724 0.794639 0.016872 0.033388
0.0 0.399235 0.828324 0.016662 0.027923
0.0 0.366612 0.993895 0.027202 0.012210
0.0 0.263503 0.994618 0.015582 0.010763
0.0 0.558510 0.965286 0.014110 0.022368
0.0 0.534429 0.969337 0.017443 0.027953
0.0 0.256808 0.295112 0.031613 0.051882
0.0 0.196987 0.406863 0.010417 0.027683
0.0 0.308895 0.735626 0.018373 0.031886
3.0 0.534015 0.204729 0.135966 0.252327
