0.0 0.357673 0.930958 0.032977 0.050185
0.0 0.355213 0.727668 0.058104 0.093180
0.0 0.190347 0.082083 0.064617 0.091090
0.0 0.572310 0.012639 0.030093 0.025277
0.0 0.492260 0.046466 0.032322 0.056148
0.0 0.580934 0.278377 0.033757 0.055597
0.0 0.600372 0.451594 0.045363 0.062570
0.0 0.565650 0.517376 0.077199 0.083817
0.0 0.587424 0.613692 0.081352 0.049584
0.0 0.720509 0.573201 0.052161 0.109739
0.0 0.776914 0.619536 0.028317 0.033612
0.0 0.665156 0.053483 0.126532 0.106965
0.0 0.707633 0.166188 0.022131 0.032720
0.0 0.274131 0.291019 0.028561 0.051062
0.0 0.335538 0.092732 0.054028 0.101679
0.0 0.473143 0.582013 0.069304 0.128868
0.0 0.502874 0.859516 0.021037 0.040892
0.0 0.535460 0.943224 0.018815 0.030728
0.0 0.578701 0.887265 0.038167 0.049418
0.0 0.546574 0.817699 0.023803 0.044319
0.0 0.532506 0.698171 0.054849 0.138900
0.0 0.642891 0.795925 0.017046 0.028959
0.0 0.691197 0.725818 0.018717 0.040558
0.0 0.713686 0.684689 0.019477 0.030066
0.0 0.724979 0.883549 0.051290 0.119457
0.0 0.768107 0.914432 0.013277 0.018572
0.0 0.784311 0.884471 0.018160 0.036691
0.0 0.644944 0.848514 0.027091 0.025106
0.0 0.669871 0.813349 0.037526 0.065984
0.0 0.599609 0.818738 0.023809 0.049621
0.0 0.737941 0.732500 0.015499 0.028736
0.0 0.770036 0.686830 0.019366 0.029293
0.0 0.795199 0.664260 0.025558 0.035486
0.0 0.730967 0.273331 0.029779 0.054267
0.0 0.648508 0.243380 0.025461 0.045315
0.0 0.405167 0.998894 0.023553 0.002212
0.0 0.494596 0.687059 0.013618 0.026193
0.0 0.717137 0.347152 0.015499 0.028736
0.0 0.657984 0.670616 0.015060 0.030944
0.0 0.459728 0.991294 0.015820 0.017411
0.0 0.768676 0.480224 0.012616 0.019234
0.0 0.657539 0.130784 0.025440 0.029411
0.0 0.686687 0.113955 0.013284 0.023873
0.0 0.317779 0.385762 0.021901 0.025872
