0.0 0.749216 0.886120 0.255958 0.207632
0.0 0.707965 0.889705 0.031064 0.037460
0.0 0.242330 0.909790 0.077897 0.078607
0.0 0.406386 0.866514 0.045444 0.087373
0.0 0.328618 0.991596 0.038509 0.016809
0.0 0.291472 0.717311 0.037087 0.053432
0.0 0.601811 0.868349 0.033602 0.039998
0.0 0.645640 0.659864 0.031097 0.046732
0.0 0.827695 0.733438 0.036918 0.042603
0.0 0.737514 0.679325 0.026224 0.043991
0.0 0.820457 0.632122 0.022638 0.038272
0.0 0.785740 0.575540 0.017156 0.028526
0.0 0.627034 0.517973 0.047882 0.044329
0.0 0.572046 0.471780 0.085003 0.071501
0.0 0.572150 0.391783 0.091332 0.046560
0.0 0.734750 0.394902 0.049369 0.096983
0.0 0.807712 0.296025 0.018002 0.029372
0.0 0.788861 0.340794 0.036715 0.022502
0.0 0.768119 0.291625 0.020404 0.030354
0.0 0.721016 0.254941 0.012452 0.018848
0.0 0.703790 0.300353 0.018780 0.029440
0.0 0.279946 0.341115 0.063142 0.086594
0.0 0.237585 0.178547 0.033060 0.033771
0.0 0.448600 0.440948 0.072582 0.115222
0.0 0.486538 0.327079 0.061821 0.115832
0.0 0.418694 0.205152 0.027003 0.044059
0.0 0.493481 0.163362 0.036783 0.041046
0.0 0.663628 0.136026 0.046357 0.106763
0.0 0.621630 0.203196 0.042298 0.060064
0.0 0.704510 0.032279 0.037086 0.064558
0.0 0.738211 0.127975 0.017934 0.028594
0.0 0.782309 0.005462 0.016716 0.010925
0.0 0.433011 0.126272 0.020980 0.028086
0.0 0.269566 0.104406 0.017393 0.022368
0.0 0.337416 0.045967 0.020607 0.032689
0.0 0.575745 0.180522 0.022096 0.032046
0.0 0.643859 0.323599 0.012689 0.030455
0.0 0.600589 0.017041 0.015633 0.034082
0.0 0.563366 0.005771 0.014787 0.011543
0.0 0.433487 0.059574 0.037121 0.027172
0.0 0.541227 0.216459 0.016614 0.040066
0.0 0.478657 0.227387 0.018847 0.047984
0.0 0.162465 0.036080 0.040336 0.019727
0.0 0.312320 0.632374 0.019964 0.034178
0.0 0.448806 0.353100 0.013467 0.030523
