0.0 0.430469 0.372656 0.025781 0.140625
0.0 0.481250 0.385156 0.063281 0.132031
0.0 0.385156 0.499219 0.091406 0.081250
0.0 0.460156 0.588281 0.085938 0.134375
1.0 0.694531 0.571875 0.157031 0.157812
0.0 0.290625 0.592188 0.025000 0.034375
0.0 0.129688 0.550000 0.029687 0.029688
0.0 0.005469 0.789062 0.010937 0.058594
0.0 0.032812 0.734375 0.016406 0.033594
0.0 0.071094 0.688281 0.030469 0.083594
0.0 0.110937 0.663281 0.040625 0.062500
0.0 0.009375 0.956250 0.018750 0.078125
0.0 0.026563 0.868750 0.040625 0.039062
0.0 0.259375 0.874219 0.027344 0.050000
0.0 0.378906 0.825000 0.056250 0.086719
0.0 0.189844 0.563281 0.014844 0.021875
0.0 0.237500 0.550781 0.016406 0.035156
0.0 0.107031 0.518750 0.021094 0.034375
0.0 0.208594 0.810938 0.015625 0.028125
0.0 0.082813 0.979688 0.019531 0.028125
0.0 0.257031 0.192188 0.074219 0.061719
0.0 0.078906 0.301562 0.050781 0.088281
0.0 0.010937 0.303906 0.021875 0.033594
0.0 0.055469 0.117969 0.022656 0.040625
0.0 0.082813 0.091406 0.030469 0.060156
0.0 0.058594 0.085156 0.010156 0.020313
0.0 0.057031 0.060938 0.014062 0.025000
0.0 0.055469 0.193750 0.012500 0.034375
0.0 0.092188 0.173438 0.017188 0.031250
0.0 0.263281 0.460938 0.024219 0.056250
0.0 0.447656 0.111719 0.053125 0.066406
0.0 0.375781 0.149219 0.016406 0.021094
0.0 0.412500 0.085938 0.014844 0.021875
0.0 0.170312 0.117969 0.020312 0.031250
0.0 0.197656 0.105469 0.017188 0.037500
0.0 0.233594 0.107031 0.014844 0.015625
0.0 0.254687 0.074219 0.015625 0.023438
0.0 0.369531 0.045313 0.014844 0.024219
0.0 0.407031 0.018750 0.022656 0.036719
0.0 0.306250 0.496094 0.021094 0.027344
0.0 0.302344 0.275000 0.028125 0.042969
0.0 0.523438 0.303906 0.030469 0.072656
0.0 0.627344 0.289062 0.025000 0.050000
0.0 0.863281 0.194531 0.271875 0.389062
0.0 0.786719 0.226562 0.026562 0.042188
0.0 0.769531 0.387500 0.027344 0.044531
0.0 0.877344 0.481250 0.037500 0.069531
0.0 0.938281 0.415625 0.038281 0.059375
0.0 0.961719 0.244531 0.046094 0.103906
0.0 0.972656 0.697656 0.030469 0.043750
0.0 0.776563 0.953906 0.050000 0.092188
0.0 0.642969 0.860156 0.031250 0.044531
0.0 0.844531 0.841406 0.021094 0.057031
0.0 0.682813 0.020313 0.016406 0.030469
0.0 0.571094 0.053125 0.016406 0.018750
0.0 0.607813 0.017188 0.015625 0.027344
0.0 0.623438 0.009375 0.013281 0.017969
0.0 0.384375 0.248437 0.017187 0.027344
0.0 0.155469 0.329688 0.017969 0.020312
0.0 0.171094 0.270312 0.017188 0.018750
0.0 0.173438 0.697656 0.017969 0.024219
0.0 0.113281 0.979688 0.014062 0.027344
0.0 0.156250 0.989844 0.021875 0.020313
0.0 0.643750 0.150000 0.023438 0.042969
0.0 0.102344 0.406250 0.018750 0.025781
0.0 0.139062 0.008594 0.016406 0.016406
0.0 0.052344 0.831250 0.015625 0.022656
0.0 0.061719 0.800781 0.016406 0.020313
0.0 0.124219 0.921875 0.017969 0.028125
0.0 0.007812 0.600000 0.011719 0.030469
