0.0 0.610129 0.706749 0.034194 0.052727
0.0 0.642146 0.979792 0.026965 0.035459
0.0 0.553440 0.948301 0.030234 0.047995
0.0 0.254178 0.950327 0.064248 0.085097
0.0 0.465655 0.429288 0.065622 0.136665
0.0 0.331200 0.299607 0.040830 0.086390
0.0 0.667208 0.091740 0.049055 0.122415
0.0 0.708204 0.399263 0.034859 0.110535
0.0 0.607374 0.538738 0.050545 0.048228
0.0 0.562092 0.467900 0.063386 0.078058
0.0 0.504671 0.297697 0.041405 0.136387
0.0 0.570183 0.375799 0.072365 0.043793
0.0 0.302361 0.089887 0.031069 0.052691
0.0 0.723885 0.936157 0.106954 0.127685
0.0 0.750393 0.806807 0.026875 0.027648
0.0 0.756429 0.689681 0.019207 0.040057
0.0 0.778127 0.297717 0.019853 0.028348
0.0 0.761981 0.342847 0.034687 0.027737
0.0 0.624914 0.168603 0.024056 0.054172
0.0 0.528738 0.107336 0.034068 0.041790
0.0 0.458088 0.136213 0.021694 0.052583
0.0 0.477745 0.057527 0.018300 0.029111
0.0 0.734400 0.091732 0.012006 0.025133
0.0 0.706975 0.234395 0.021380 0.025241
0.0 0.743934 0.281698 0.015130 0.025169
0.0 0.690677 0.292805 0.019907 0.033035
0.0 0.388078 0.924522 0.037112 0.102750
0.0 0.308209 0.736091 0.029381 0.041736
0.0 0.331996 0.637920 0.018255 0.025205
0.0 0.469248 0.320728 0.014376 0.027504
0.0 0.682439 0.737271 0.020186 0.057252
0.0 0.655118 0.395528 0.016711 0.026749
0.0 0.342320 0.012989 0.015939 0.025977
0.0 0.590937 0.133834 0.013559 0.024370
0.0 0.560030 0.171763 0.019252 0.043963
0.0 0.737708 0.619149 0.013541 0.022808
0.0 0.663075 0.247172 0.012715 0.018893
0.0 0.635832 0.306237 0.016774 0.032218
0.0 0.714502 0.055563 0.013541 0.022807
0.0 0.506136 0.170361 0.014610 0.047815
