0.0 0.272549 0.668915 0.062110 0.089055
0.0 0.500812 0.689256 0.063257 0.135858
0.0 0.583484 0.618377 0.104111 0.068185
0.0 0.732630 0.091252 0.243265 0.173658
0.0 0.699547 0.078161 0.027889 0.033877
0.0 0.648281 0.316880 0.030617 0.043340
0.0 0.633269 0.472645 0.047790 0.044047
0.0 0.577811 0.528224 0.087099 0.071381
0.0 0.449653 0.564390 0.064208 0.121091
0.0 0.511078 0.857789 0.038069 0.035075
0.0 0.426819 0.815226 0.023174 0.032904
0.0 0.449238 0.897468 0.022756 0.022756
0.0 0.690099 0.877668 0.045772 0.108643
0.0 0.833403 0.245526 0.009390 0.019868
0.0 0.823576 0.237302 0.015666 0.020906
0.0 0.827376 0.353964 0.012576 0.021558
0.0 0.836145 0.330867 0.010919 0.019152
0.0 0.801581 0.410763 0.017163 0.019409
0.0 0.748154 0.303007 0.014693 0.016190
0.0 0.753055 0.601898 0.041664 0.065615
0.0 0.769653 0.559576 0.011474 0.013720
0.0 0.823465 0.657966 0.010170 0.019900
0.0 0.810420 0.651956 0.014725 0.016971
0.0 0.771680 0.643324 0.016447 0.020938
0.0 0.739869 0.637324 0.017655 0.012416
0.0 0.745454 0.748585 0.012512 0.019997
0.0 0.725557 0.700069 0.018169 0.024905
0.0 0.793147 0.710670 0.015731 0.022467
0.0 0.655105 0.816020 0.010919 0.019152
0.0 0.636072 0.803508 0.027591 0.045554
0.0 0.767998 0.884783 0.015014 0.023996
0.0 0.741894 0.911076 0.011763 0.020745
0.0 0.632853 0.992848 0.014073 0.014304
0.0 0.488251 0.804462 0.013816 0.013816
0.0 0.491300 0.787385 0.016383 0.019377
0.0 0.460921 0.974576 0.013421 0.023151
0.0 0.436359 0.963400 0.015731 0.022467
0.0 0.347253 0.981626 0.015859 0.025589
0.0 0.344947 0.923670 0.013196 0.017687
3.0 0.463490 0.209190 0.115017 0.238514
0.0 0.688889 0.736092 0.013977 0.017719
0.0 0.659754 0.684069 0.014073 0.020061
0.0 0.599041 0.829351 0.013132 0.016126
0.0 0.580072 0.815278 0.011763 0.020745
0.0 0.560066 0.807417 0.011635 0.017623
0.0 0.554624 0.787646 0.013164 0.016906
0.0 0.293264 0.982532 0.017131 0.018628
0.0 0.275186 0.927836 0.015602 0.019344
0.0 0.235893 0.856629 0.034295 0.038037
0.0 0.268381 0.276224 0.032958 0.043437
0.0 0.211688 0.076849 0.061596 0.076565
0.0 0.733815 0.309454 0.013068 0.014565
0.0 0.741023 0.286293 0.013164 0.016906
0.0 0.636889 0.555676 0.015538 0.017783
0.0 0.641457 0.520678 0.016511 0.022499
0.0 0.613425 0.783810 0.013260 0.019248
0.0 0.734706 0.781765 0.011474 0.013720
0.0 0.589888 0.101797 0.027366 0.040090
0.0 0.742020 0.965033 0.025226 0.025975
0.0 0.732736 0.995473 0.015602 0.009053
0.0 0.781864 0.205873 0.013389 0.022371
0.0 0.295942 0.366496 0.020511 0.025001
0.0 0.593056 0.765770 0.013977 0.017719
0.0 0.657194 0.385273 0.014009 0.018500
0.0 0.699361 0.671624 0.013260 0.019248
