0.0 0.406775 0.959572 0.068425 0.080856
0.0 0.217506 0.872038 0.042969 0.056406
0.0 0.281989 0.916145 0.021417 0.026642
0.0 0.397494 0.839164 0.017242 0.020228
0.0 0.398770 0.742923 0.017920 0.017920
0.0 0.040646 0.707714 0.021045 0.035974
0.0 0.316004 0.512717 0.016631 0.024096
0.0 0.225835 0.489280 0.013407 0.021618
0.0 0.019962 0.090059 0.026649 0.075170
0.0 0.203740 0.466784 0.022846 0.059423
0.0 0.320163 0.643911 0.058144 0.100693
0.0 0.453615 0.781195 0.006721 0.011199
0.0 0.476965 0.796598 0.007569 0.012795
0.0 0.409909 0.801087 0.007705 0.015917
0.0 0.426334 0.801152 0.005296 0.014253
0.0 0.369491 0.788774 0.013305 0.019277
0.0 0.365294 0.871848 0.008350 0.012829
0.0 0.342725 0.856410 0.006653 0.009638
0.0 0.382334 0.903948 0.005092 0.009570
0.0 0.349081 0.930423 0.008146 0.008146
0.0 0.453847 0.983721 0.005092 0.009570
0.0 0.489465 0.885982 0.014968 0.021686
0.0 0.511468 0.978079 0.006008 0.012726
0.0 0.695904 0.957523 0.021555 0.047682
0.0 0.720909 0.921243 0.013271 0.018496
0.0 0.628644 0.957329 0.024505 0.025998
0.0 0.584862 0.921703 0.011032 0.020736
0.0 0.628128 0.909650 0.008316 0.012048
0.0 0.648647 0.824300 0.022606 0.036042
0.0 0.526945 0.992262 0.009130 0.012863
0.0 0.770548 0.858082 0.014052 0.018530
0.0 0.713807 0.848045 0.006687 0.010419
0.0 0.707871 0.873328 0.006925 0.015883
0.0 0.802289 0.940371 0.007569 0.012795
0.0 0.833852 0.964800 0.009505 0.021448
0.0 0.861029 0.924515 0.007095 0.019785
0.0 0.822570 0.849557 0.008384 0.013609
0.0 0.709831 0.810683 0.007637 0.014356
0.0 0.689020 0.745903 0.006891 0.015102
0.0 0.586734 0.713611 0.006755 0.011980
0.0 0.551779 0.701060 0.010013 0.015238
0.0 0.550736 0.766793 0.008486 0.015951
0.0 0.501216 0.707175 0.008418 0.014390
0.0 0.475866 0.699679 0.008384 0.013609
0.0 0.460690 0.656549 0.007842 0.019039
0.0 0.564179 0.555068 0.013984 0.016969
0.0 0.542425 0.540377 0.010047 0.016019
0.0 0.600785 0.479964 0.008282 0.011268
0.0 0.605767 0.432827 0.009911 0.012897
0.0 0.690096 0.429931 0.010149 0.018360
0.0 0.688032 0.472249 0.009130 0.012863
0.0 0.923532 0.636362 0.010964 0.019175
0.0 0.827745 0.233121 0.007467 0.010453
0.0 0.838580 0.302246 0.005092 0.009570
0.0 0.865080 0.282322 0.005736 0.006482
0.0 0.688338 0.228254 0.007297 0.006550
0.0 0.652203 0.278313 0.005770 0.007263
0.0 0.667814 0.277633 0.003227 0.020395
0.0 0.867107 0.705292 0.009945 0.013677
0.0 0.836764 0.672990 0.009335 0.017546
0.0 0.501823 0.183213 0.018839 0.038994
0.0 0.507787 0.122740 0.006178 0.016629
0.0 0.158175 0.049623 0.015953 0.026404
0.0 0.067931 0.221688 0.025458 0.047852
0.0 0.027087 0.325128 0.011100 0.022297
0.0 0.198075 0.731345 0.009979 0.014458
0.0 0.169138 0.802986 0.013578 0.025521
