0.0 0.838281 0.803906 0.248437 0.391406
0.0 0.771875 0.756250 0.029687 0.055469
0.0 0.856250 0.515625 0.034375 0.079687
0.0 0.909375 0.579687 0.040625 0.060156
0.0 0.942969 0.315625 0.034375 0.044531
0.0 0.825781 0.178906 0.019531 0.057031
0.0 0.761719 0.060938 0.050000 0.096875
0.0 0.741406 0.310156 0.058594 0.065625
0.0 0.578906 0.206250 0.014844 0.028906
0.0 0.636719 0.161719 0.028125 0.041406
0.0 0.388281 0.195312 0.054688 0.075781
0.0 0.270312 0.147656 0.024219 0.047656
0.0 0.007031 0.156250 0.010156 0.025000
0.0 0.049219 0.153906 0.042969 0.039062
0.0 0.095312 0.324219 0.031250 0.079687
0.0 0.132812 0.358594 0.040625 0.067969
0.0 0.251562 0.453125 0.016406 0.039062
0.0 0.301562 0.419531 0.021094 0.032812
0.0 0.279688 0.539062 0.030469 0.058594
0.0 0.317969 0.502344 0.022656 0.022656
0.0 0.387500 0.504687 0.075781 0.076563
0.0 0.431250 0.627344 0.019531 0.133594
0.0 0.486719 0.614844 0.049219 0.128125
0.0 0.458594 0.433594 0.073437 0.092969
0.0 0.523438 0.687500 0.026563 0.091406
0.0 0.621094 0.702344 0.028125 0.039844
0.0 0.268750 0.800000 0.067969 0.062500
0.0 0.312500 0.724219 0.027344 0.049219
0.0 0.104688 0.692969 0.046875 0.082813
0.0 0.015625 0.716406 0.022656 0.031250
0.0 0.038281 0.692187 0.023438 0.043750
0.0 0.017187 0.432031 0.012500 0.054688
0.0 0.128906 0.485156 0.016406 0.037500
0.0 0.150781 0.457812 0.033594 0.026563
0.0 0.225781 0.207031 0.009375 0.021875
0.0 0.102344 0.048437 0.017187 0.028125
0.0 0.037500 0.073437 0.016406 0.066406
0.0 0.132812 0.049219 0.010937 0.024219
0.0 0.143750 0.105469 0.011719 0.015625
0.0 0.171875 0.070312 0.014844 0.034375
0.0 0.036719 0.305469 0.010937 0.028906
0.0 0.026563 0.242969 0.016406 0.041406
0.0 0.133594 0.245313 0.011719 0.020313
0.0 0.677344 0.963281 0.023438 0.056250
0.0 0.932812 0.750781 0.042187 0.111719
0.0 0.966406 0.785937 0.022656 0.033594
0.0 0.944531 0.893750 0.012500 0.033594
0.0 0.753906 0.606250 0.022656 0.044531
0.0 0.442187 0.868750 0.063281 0.070312
0.0 0.609375 0.965625 0.021094 0.035156
0.0 0.565625 0.928906 0.013281 0.026562
0.0 0.206250 0.442187 0.016406 0.021875
0.0 0.400000 0.450000 0.010156 0.020312
0.0 0.191406 0.314844 0.015625 0.020312
0.0 0.059375 0.282813 0.013281 0.039844
0.0 0.155469 0.975000 0.015625 0.044531
0.0 0.181250 0.985937 0.016406 0.027344
0.0 0.267187 0.907031 0.017187 0.029688
0.0 0.384375 0.985937 0.018750 0.027344
0.0 0.411719 0.960156 0.016406 0.042969
0.0 0.376562 0.931250 0.016406 0.028125
0.0 0.189844 0.861719 0.014844 0.025000
0.0 0.213281 0.869531 0.011719 0.034375
0.0 0.084375 0.909375 0.013281 0.037500
0.0 0.107031 0.888281 0.028125 0.075000
0.0 0.079687 0.861719 0.019531 0.049219
0.0 0.063281 0.798437 0.011719 0.032031
0.0 0.079687 0.786719 0.010937 0.035938
0.0 0.114844 0.808594 0.014844 0.039062
0.0 0.381250 0.832031 0.017969 0.027344
0.0 0.360156 0.787500 0.012500 0.016406
0.0 0.635938 0.834375 0.028906 0.045313
0.0 0.293750 0.665625 0.011719 0.041406
0.0 0.316406 0.600781 0.016406 0.035156
0.0 0.068750 0.456250 0.013281 0.028906
0.0 0.192187 0.722656 0.013281 0.021875
0.0 0.174219 0.658594 0.010937 0.023438
0.0 0.085938 0.217187 0.008594 0.017188
0.0 0.250000 0.871094 0.011719 0.023438
