3.0 0.690881 0.572492 0.166165 0.182451
0.0 0.771667 0.955586 0.056130 0.088827
0.0 0.009487 0.945630 0.018974 0.101720
0.0 0.073869 0.973458 0.023780 0.047045
0.0 0.107405 0.981516 0.014279 0.029790
0.0 0.150481 0.966987 0.025439 0.060337
0.0 0.019978 0.864468 0.037802 0.041679
0.0 0.640314 0.863536 0.031518 0.036946
0.0 0.250383 0.873965 0.033263 0.061957
0.0 0.377291 0.827236 0.060703 0.075438
0.0 0.381276 0.496007 0.077166 0.083370
0.0 0.456495 0.573121 0.078022 0.093532
0.0 0.427519 0.368998 0.019008 0.142315
0.0 0.486059 0.376457 0.053285 0.129286
0.0 0.523309 0.304072 0.033349 0.073676
0.0 0.626528 0.291545 0.027772 0.058792
0.0 0.253051 0.188810 0.067694 0.070021
0.0 0.441129 0.110496 0.066964 0.077046
0.0 0.618378 0.017259 0.028353 0.031455
0.0 0.686270 0.027912 0.019874 0.047017
0.0 0.854586 0.194773 0.264523 0.386279
0.0 0.787970 0.223193 0.024578 0.049395
0.0 0.961191 0.253367 0.049270 0.114414
0.0 0.054466 0.101418 0.025776 0.106430
0.0 0.082670 0.090687 0.029591 0.093959
0.0 0.013953 0.299565 0.022200 0.044690
0.0 0.081920 0.300062 0.050639 0.087863
0.0 0.169985 0.116326 0.020598 0.039210
0.0 0.198178 0.107157 0.012808 0.042278
0.0 0.253121 0.072402 0.022080 0.028284
0.0 0.370488 0.048259 0.018208 0.032943
0.0 0.408193 0.020786 0.019058 0.041571
0.0 0.352204 0.198130 0.016612 0.028244
0.0 0.376782 0.149089 0.015807 0.025114
0.0 0.281760 0.322618 0.013544 0.036034
0.0 0.301720 0.264168 0.030115 0.058809
0.0 0.266681 0.461574 0.026209 0.058781
0.0 0.286831 0.590631 0.029990 0.041622
0.0 0.186401 0.542239 0.019976 0.061079
0.0 0.234792 0.548843 0.017456 0.036843
0.0 0.105348 0.515083 0.024447 0.031426
0.0 0.126982 0.548054 0.028370 0.033799
0.0 0.003761 0.774495 0.007522 0.046161
0.0 0.030272 0.738758 0.008971 0.051624
0.0 0.067373 0.686684 0.030338 0.089277
0.0 0.111356 0.654974 0.042039 0.087019
0.0 0.171989 0.696825 0.013487 0.028221
0.0 0.205552 0.808011 0.019816 0.039204
0.0 0.212556 0.704934 0.016589 0.025119
0.0 0.155104 0.334973 0.013521 0.032909
0.0 0.172800 0.265569 0.007197 0.022707
0.0 0.005191 0.593255 0.010382 0.038360
0.0 0.965746 0.698724 0.033183 0.051020
0.0 0.875897 0.485561 0.031005 0.073658
0.0 0.937307 0.421165 0.037962 0.063554
0.0 0.768779 0.390244 0.027640 0.040824
0.0 0.755567 0.701093 0.058371 0.076983
0.0 0.577394 0.813856 0.015089 0.033701
0.0 0.990472 0.207491 0.019055 0.031398
0.0 0.973277 0.096420 0.015049 0.028233
0.0 0.643928 0.155731 0.026876 0.043162
0.0 0.306998 0.397023 0.029932 0.033810
0.0 0.317024 0.308032 0.013418 0.018847
0.0 0.383863 0.249144 0.016606 0.027463
0.0 0.024031 0.203542 0.019092 0.047011
0.0 0.042165 0.181018 0.022154 0.038440
0.0 0.056968 0.186595 0.011137 0.027423
0.0 0.089888 0.171992 0.010322 0.022730
0.0 0.141098 0.007900 0.022006 0.015801
0.0 0.057164 0.800675 0.011958 0.032897
0.0 0.110545 0.765909 0.018145 0.024350
0.0 0.305497 0.495452 0.018191 0.030599
0.0 0.041087 0.541957 0.011120 0.025079
0.0 0.118805 0.918317 0.011177 0.032892
0.0 0.843616 0.840022 0.023090 0.059539
0.0 0.139704 0.197357 0.011884 0.022741
0.0 0.345756 0.118393 0.013492 0.029003
0.0 0.099921 0.402540 0.015796 0.023551
