0.0 0.308295 0.098334 0.044817 0.052039
0.0 0.310470 0.289052 0.081599 0.105893
0.0 0.458212 0.425785 0.095898 0.145799
0.0 0.627705 0.549194 0.065370 0.073249
0.0 0.581976 0.485448 0.106399 0.105085
0.0 0.755780 0.159200 0.064140 0.115355
0.0 0.602770 0.404829 0.107165 0.059890
0.0 0.770960 0.447462 0.061704 0.099130
0.0 0.610995 0.707846 0.049223 0.066294
0.0 0.407094 0.776773 0.164365 0.264823
0.0 0.138215 0.862805 0.084729 0.111649
0.0 0.657552 0.911855 0.268115 0.176290
0.0 0.585576 0.151025 0.057837 0.068343
0.0 0.486872 0.171756 0.045550 0.046863
0.0 0.773537 0.814411 0.044160 0.052696
0.0 0.619382 0.957168 0.041070 0.052232
0.0 0.524276 0.101532 0.043580 0.048833
0.0 0.694502 0.230580 0.042035 0.048601
0.0 0.826097 0.090757 0.030831 0.039367
0.0 0.232421 0.682607 0.056679 0.075720
