0.0 0.155721 0.199434 0.311441 0.385617
0.0 0.547596 0.110636 0.052278 0.068865
0.0 0.204761 0.234200 0.057311 0.079176
0.0 0.033514 0.235551 0.067028 0.084505
0.0 0.066807 0.428114 0.064660 0.088787
0.0 0.374911 0.294799 0.044443 0.067816
0.0 0.473532 0.298446 0.044035 0.101336
0.0 0.513207 0.383853 0.056468 0.145436
0.0 0.571176 0.364664 0.025964 0.142828
0.0 0.738448 0.182250 0.078285 0.076777
0.0 0.925634 0.078886 0.068159 0.099825
0.0 0.907085 0.289804 0.065977 0.104430
0.0 0.740003 0.455013 0.030818 0.079825
0.0 0.624712 0.489461 0.099095 0.092310
0.0 0.539380 0.576818 0.087732 0.102057
0.0 0.892473 0.660837 0.047375 0.085074
0.0 0.942065 0.670859 0.045519 0.076431
0.0 0.980332 0.854591 0.039336 0.061838
0.0 0.758960 0.870232 0.037982 0.061355
0.0 0.636006 0.818174 0.064121 0.095787
0.0 0.235283 0.957964 0.077341 0.084072
0.0 0.036618 0.709785 0.038709 0.059820
3.0 0.321325 0.578056 0.179669 0.167606
