0.0 0.139844 0.202344 0.279687 0.403906
0.0 0.235938 0.385156 0.038281 0.058594
0.0 0.217187 0.222656 0.030469 0.055469
0.0 0.039844 0.246094 0.047656 0.133594
0.0 0.125781 0.485938 0.035937 0.078906
0.0 0.065625 0.418750 0.046094 0.082812
0.0 0.032031 0.702344 0.046094 0.050000
0.0 0.227344 0.949219 0.054687 0.100781
0.0 0.156250 0.844531 0.035937 0.082031
0.0 0.357812 0.860156 0.029688 0.048437
0.0 0.375781 0.294531 0.031250 0.071875
0.0 0.572656 0.377344 0.023438 0.142969
0.0 0.517969 0.385156 0.072656 0.118750
0.0 0.478906 0.304688 0.043750 0.072656
0.0 0.542188 0.583594 0.078906 0.111719
0.0 0.619531 0.494531 0.081250 0.087500
0.0 0.623438 0.151562 0.012500 0.028906
0.0 0.560156 0.123438 0.064062 0.095312
0.0 0.749219 0.204688 0.075781 0.078906
0.0 0.709375 0.359375 0.036719 0.094531
0.0 0.698438 0.274219 0.032031 0.047656
0.0 0.914844 0.299219 0.063281 0.086719
0.0 0.932813 0.104687 0.052344 0.121094
0.0 0.989844 0.306250 0.020313 0.051562
0.0 0.868750 0.013281 0.025781 0.026563
0.0 0.632031 0.050781 0.010156 0.040625
0.0 0.594531 0.024219 0.017187 0.048437
0.0 0.384375 0.017969 0.045313 0.030469
0.0 0.321094 0.022656 0.028906 0.036719
0.0 0.713281 0.599219 0.023438 0.050000
0.0 0.808594 0.550000 0.023438 0.067969
0.0 0.734375 0.467188 0.032812 0.071875
0.0 0.619531 0.831250 0.060938 0.086719
0.0 0.743750 0.875000 0.035938 0.059375
0.0 0.988281 0.955469 0.023438 0.089062
0.0 0.977344 0.871875 0.044531 0.056250
0.0 0.930469 0.693750 0.037500 0.092969
0.0 0.891406 0.667969 0.036719 0.073437
0.0 0.954687 0.540625 0.015625 0.071875
0.0 0.882031 0.534375 0.049219 0.096094
0.0 0.923437 0.975781 0.028906 0.048437
0.0 0.748438 0.077344 0.017969 0.038281
0.0 0.818750 0.115625 0.054688 0.051563
0.0 0.950781 0.196875 0.033594 0.043750
0.0 0.910156 0.173438 0.022656 0.036719
0.0 0.246094 0.696875 0.057031 0.099219
0.0 0.764063 0.553906 0.024219 0.043750
0.0 0.827344 0.704687 0.024219 0.039062
0.0 0.850000 0.965625 0.028125 0.067969
0.0 0.359375 0.152344 0.031250 0.069531
1.0 0.302344 0.575781 0.170312 0.182031
