0.0 0.464317 0.127143 0.065124 0.066598
0.0 0.765238 0.104689 0.085646 0.184384
0.0 0.279066 0.194345 0.055718 0.079297
0.0 0.620528 0.301675 0.044627 0.061574
0.0 0.532252 0.299133 0.044756 0.063914
0.0 0.491530 0.384511 0.070141 0.129089
0.0 0.434800 0.363372 0.050419 0.152104
0.0 0.384334 0.483421 0.095457 0.080721
0.0 0.281446 0.433905 0.020618 0.063355
0.0 0.293083 0.576955 0.024129 0.056551
0.0 0.249185 0.846816 0.040030 0.076873
0.0 0.361809 0.805325 0.070623 0.095676
0.0 0.450782 0.569259 0.087693 0.123062
0.0 0.733394 0.943478 0.068972 0.113044
1.0 0.581108 0.660200 0.297459 0.287880
0.0 0.783721 0.237164 0.029458 0.068511
