0.0 0.349809 0.743785 0.378587 0.512429
0.0 0.572547 0.678259 0.204727 0.292556
0.0 0.733162 0.873175 0.409700 0.250012
0.0 0.889318 0.660816 0.221365 0.140077
0.0 0.864403 0.526644 0.205618 0.170051
0.0 0.803196 0.353871 0.116562 0.115836
0.0 0.773660 0.243135 0.102134 0.097779
0.0 0.548499 0.225718 0.290932 0.248832
0.0 0.329857 0.143638 0.226313 0.279300
0.0 0.117799 0.364286 0.235599 0.493525
0.0 0.291253 0.402362 0.074694 0.093566
0.0 0.565471 0.068357 0.197157 0.136714
0.0 0.805637 0.061976 0.215298 0.123952
0.0 0.959215 0.333753 0.078789 0.266060
