0.0 0.549634 0.038418 0.075662 0.076836
0.0 0.747176 0.102321 0.047719 0.059728
0.0 0.678188 0.065311 0.023646 0.028316
0.0 0.570378 0.152744 0.018922 0.021591
0.0 0.578097 0.248684 0.019376 0.019376
0.0 0.937944 0.250288 0.024154 0.037496
0.0 0.682217 0.471700 0.018682 0.025353
0.0 0.773194 0.485171 0.015266 0.022604
0.0 0.999774 0.863310 0.000452 0.076726
0.0 0.798281 0.506946 0.028132 0.060820
0.0 0.519917 0.215702 0.007687 0.011689
0.0 0.495231 0.202547 0.008674 0.013344
0.0 0.561574 0.191815 0.009101 0.016439
0.0 0.545215 0.193284 0.006566 0.014571
0.0 0.602966 0.200298 0.014946 0.020283
0.0 0.599598 0.118743 0.009448 0.013451
0.0 0.623297 0.130457 0.007473 0.010141
0.0 0.579421 0.086827 0.005925 0.009928
0.0 0.610055 0.057363 0.008807 0.008807
0.0 0.500769 0.014083 0.005925 0.009928
0.0 0.474436 0.114722 0.016814 0.022818
0.0 0.444140 0.026630 0.007126 0.013130
0.0 0.262217 0.062776 0.025756 0.049105
0.0 0.240497 0.099685 0.014839 0.019509
0.0 0.329201 0.056687 0.026635 0.027969
0.0 0.376119 0.088068 0.012838 0.021510
0.0 0.333394 0.104216 0.009341 0.012677
0.0 0.321711 0.191003 0.025702 0.037710
0.0 0.427193 0.012407 0.010222 0.013557
0.0 0.197188 0.168754 0.015613 0.019616
0.0 0.254832 0.174995 0.007580 0.010915
0.0 0.257393 0.147827 0.008327 0.016333
0.0 0.157900 0.089790 0.008674 0.013344
0.0 0.124193 0.068415 0.011397 0.022070
0.0 0.100898 0.111063 0.008861 0.020202
0.0 0.146964 0.181994 0.009555 0.014225
0.0 0.262067 0.210275 0.008888 0.014892
0.0 0.288838 0.272827 0.008221 0.015559
0.0 0.394466 0.295318 0.007793 0.012463
0.0 0.429881 0.306204 0.011316 0.015986
0.0 0.424566 0.239113 0.009875 0.016546
0.0 0.479438 0.293844 0.009662 0.014998
0.0 0.505378 0.298940 0.009555 0.014225
0.0 0.523741 0.340570 0.009528 0.019535
0.0 0.430958 0.451167 0.015399 0.018068
0.0 0.453215 0.463869 0.011423 0.016760
0.0 0.401527 0.529362 0.009234 0.011903
0.0 0.400863 0.575984 0.010996 0.013664
0.0 0.317173 0.586744 0.011743 0.019082
0.0 0.315275 0.544419 0.010222 0.013557
0.0 0.065583 0.403795 0.012624 0.019962
0.0 0.198616 0.796325 0.008354 0.011022
0.0 0.181372 0.728515 0.005925 0.009928
0.0 0.157622 0.750720 0.006272 0.006939
0.0 0.337762 0.787376 0.007820 0.007153
0.0 0.369943 0.734827 0.006379 0.007713
0.0 0.353690 0.737070 0.005099 0.020442
0.0 0.116097 0.329788 0.011103 0.014438
0.0 0.148550 0.359222 0.010863 0.018201
0.0 0.527775 0.815572 0.022259 0.040271
0.0 0.527485 0.876338 0.007660 0.017000
0.0 0.882398 0.916479 0.018229 0.027568
0.0 0.956176 0.736738 0.029625 0.049639
0.0 0.987179 0.629934 0.013051 0.023058
0.0 0.778996 0.241465 0.011209 0.015212
0.0 0.801115 0.167434 0.015800 0.026474
