0.0 0.837500 0.205469 0.283594 0.410156
1.0 0.405469 0.126563 0.069531 0.080469
1.0 0.337500 0.496875 0.105469 0.056250
1.0 0.442969 0.396094 0.055469 0.109375
4.0 0.251562 0.282031 0.021875 0.039844
1.0 0.216406 0.207813 0.055469 0.076562
1.0 0.063281 0.657812 0.042187 0.046875
1.0 0.342188 0.804688 0.052344 0.064062
1.0 0.736719 0.937500 0.064062 0.125000
1.0 0.937500 0.689062 0.032813 0.055469
4.0 0.585938 0.300000 0.021094 0.039844
4.0 0.483594 0.294531 0.025781 0.043750
4.0 0.333594 0.169531 0.030469 0.041406
4.0 0.338281 0.015625 0.020313 0.031250
4.0 0.020312 0.339063 0.027344 0.042188
4.0 0.125781 0.138281 0.028125 0.050000
4.0 0.037500 0.116406 0.021094 0.046875
4.0 0.086719 0.028906 0.029688 0.038281
4.0 0.086719 0.550781 0.027344 0.037500
4.0 0.167969 0.792969 0.016406 0.025781
4.0 0.071875 0.757031 0.018750 0.029688
4.0 0.036719 0.952344 0.025000 0.031250
4.0 0.243750 0.586719 0.017969 0.037500
4.0 0.262500 0.498437 0.021094 0.033594
4.0 0.222656 0.458594 0.022656 0.055469
