0.0 0.611719 0.813281 0.066406 0.095313
0.0 0.905469 0.673438 0.029687 0.092969
0.0 0.867969 0.653125 0.043750 0.065625
0.0 0.540625 0.568750 0.076563 0.096094
0.0 0.610156 0.492969 0.071094 0.088281
0.0 0.569531 0.379687 0.026563 0.141406
0.0 0.514062 0.392187 0.043750 0.127344
0.0 0.478125 0.310938 0.025781 0.079687
0.0 0.382812 0.305469 0.032031 0.067969
0.0 0.237500 0.927344 0.056250 0.111719
0.0 0.053125 0.679688 0.022656 0.057031
0.0 0.732031 0.211719 0.061719 0.075000
0.0 0.550000 0.129687 0.047656 0.065625
0.0 0.893750 0.309375 0.048438 0.102344
0.0 0.721875 0.463281 0.026563 0.068750
0.0 0.698438 0.583594 0.021094 0.053906
0.0 0.161719 0.199219 0.250781 0.398438
0.0 0.064844 0.254687 0.043750 0.120312
0.0 0.226562 0.244531 0.032812 0.050781
0.0 0.145312 0.482813 0.032031 0.085938
0.0 0.085938 0.420313 0.032031 0.071875
0.0 0.947656 0.847656 0.042187 0.046875
0.0 0.728906 0.852344 0.023438 0.064063
0.0 0.899219 0.117188 0.063281 0.105469
3.0 0.403125 0.657813 0.285937 0.274219
