0.0 0.142969 0.517187 0.038281 0.074219
0.0 0.165625 0.804688 0.249219 0.390625
0.0 0.089062 0.582031 0.046094 0.051563
0.0 0.248437 0.609375 0.028125 0.039844
0.0 0.241406 0.058594 0.051563 0.104687
0.0 0.366406 0.158594 0.030469 0.035937
0.0 0.178125 0.176563 0.027344 0.049219
0.0 0.054688 0.314844 0.025000 0.046094
0.0 0.068750 0.747656 0.039844 0.100000
0.0 0.227344 0.757031 0.017969 0.041406
0.0 0.381250 0.699219 0.037500 0.054688
0.0 0.478125 0.686719 0.025781 0.082031
0.0 0.514063 0.614844 0.042187 0.124219
0.0 0.539844 0.430469 0.075781 0.088281
0.0 0.614062 0.194531 0.053125 0.077344
0.0 0.892969 0.053125 0.024219 0.025000
0.0 0.728906 0.143750 0.021875 0.050000
0.0 0.327344 0.966406 0.026563 0.067188
0.0 0.392188 0.963281 0.027344 0.034375
0.0 0.367188 0.828906 0.026563 0.040625
0.0 0.587500 0.962500 0.025781 0.056250
0.0 0.615625 0.982813 0.013281 0.033594
0.0 0.556250 0.871094 0.067188 0.068750
0.0 0.895312 0.892187 0.029688 0.075000
0.0 0.917188 0.885156 0.023438 0.096875
0.0 0.961719 0.691406 0.017969 0.032812
0.0 0.898438 0.689844 0.046875 0.085156
0.0 0.869531 0.358594 0.034375 0.071094
0.0 0.905469 0.324219 0.027344 0.074219
0.0 0.951563 0.155469 0.038281 0.041406
0.0 0.965625 0.067188 0.025781 0.080469
0.0 0.827344 0.057813 0.021094 0.056250
0.0 0.685156 0.592969 0.019531 0.034375
0.0 0.721875 0.538281 0.024219 0.051563
0.0 0.611719 0.502344 0.076563 0.069531
0.0 0.683594 0.504687 0.016406 0.017969
0.0 0.568750 0.626562 0.016406 0.135156
0.0 0.688281 0.720312 0.024219 0.056250
0.0 0.888281 0.814062 0.015625 0.043750
0.0 0.734375 0.905469 0.012500 0.032031
0.0 0.820312 0.982813 0.012500 0.033594
0.0 0.849219 0.967188 0.014063 0.026562
0.0 0.793750 0.458594 0.013281 0.053125
0.0 0.852344 0.456250 0.032031 0.028906
0.0 0.871875 0.478125 0.025781 0.026563
0.0 0.749219 0.451562 0.017187 0.032031
0.0 0.702344 0.414062 0.024219 0.036719
0.0 0.984375 0.428906 0.017187 0.030469
0.0 0.941406 0.277344 0.010156 0.042188
0.0 0.964844 0.302344 0.011719 0.032812
0.0 0.976562 0.246094 0.025781 0.056250
0.0 0.982813 0.860937 0.016406 0.053906
0.0 0.918750 0.794531 0.009375 0.039062
0.0 0.936719 0.790625 0.010156 0.046875
0.0 0.956250 0.781250 0.011719 0.037500
0.0 0.986719 0.722656 0.011719 0.043750
0.0 0.614844 0.825000 0.014844 0.046875
0.0 0.789844 0.872656 0.020313 0.043750
0.0 0.729688 0.790625 0.066406 0.062500
0.0 0.703906 0.646875 0.014844 0.046875
0.0 0.810938 0.315625 0.014844 0.037500
0.0 0.777344 0.210938 0.015625 0.042188
0.0 0.258594 0.307031 0.047656 0.067187
0.0 0.502344 0.983594 0.026562 0.032031
0.0 0.875781 0.591406 0.011719 0.031250
0.0 0.863281 0.243750 0.012500 0.023438
