0.0 0.783327 0.085180 0.100563 0.128956
0.0 0.235269 0.087490 0.294557 0.165295
0.0 0.349022 0.315654 0.059034 0.068748
0.0 0.350597 0.480581 0.061996 0.101597
0.0 0.302329 0.083060 0.049434 0.062884
0.0 0.237160 0.607415 0.053744 0.109035
0.0 0.307609 0.883565 0.062677 0.099289
0.0 0.484871 0.859568 0.032796 0.074638
0.0 0.499654 0.693160 0.065893 0.156301
0.0 0.414495 0.621731 0.115100 0.068027
0.0 0.418798 0.539441 0.079715 0.096900
0.0 0.552803 0.546225 0.081163 0.112545
0.0 0.714715 0.675366 0.079182 0.084412
0.0 0.756385 0.863603 0.049288 0.077680
0.0 0.566621 0.814630 0.037840 0.046806
3.0 0.545964 0.203235 0.164775 0.264149
