0.0 0.271094 0.186719 0.164062 0.262500
0.0 0.096094 0.425000 0.192188 0.267187
0.0 0.275000 0.773438 0.133594 0.194531
0.0 0.214062 0.940625 0.428125 0.118750
0.0 0.210156 0.680469 0.420312 0.248438
0.0 0.446875 0.460938 0.134375 0.216406
0.0 0.789062 0.097656 0.346875 0.194531
4.0 0.739844 0.731250 0.030469 0.048437
4.0 0.824219 0.848438 0.035938 0.036719
4.0 0.794531 0.784375 0.018750 0.030469
4.0 0.666406 0.707031 0.034375 0.028906
4.0 0.820312 0.737500 0.025000 0.025781
4.0 0.820312 0.711719 0.025000 0.037500
4.0 0.859375 0.675781 0.041406 0.055469
4.0 0.871875 0.622656 0.038281 0.028125
4.0 0.923437 0.631250 0.015625 0.025781
4.0 0.947656 0.912500 0.029688 0.042969
4.0 0.894531 0.866406 0.015625 0.044531
4.0 0.937500 0.854687 0.032812 0.033594
4.0 0.857813 0.782813 0.021094 0.037500
4.0 0.971094 0.806250 0.022656 0.027344
4.0 0.963281 0.768750 0.039062 0.036719
4.0 0.871875 0.745313 0.020313 0.019531
4.0 0.960156 0.702344 0.032031 0.019531
4.0 0.947656 0.658594 0.025000 0.017187
4.0 0.753906 0.659375 0.033594 0.030469
4.0 0.682813 0.618750 0.050000 0.027344
1.0 0.734375 0.511719 0.063281 0.080469
1.0 0.814062 0.542188 0.042969 0.077344
4.0 0.856250 0.507031 0.021094 0.032031
4.0 0.916406 0.531250 0.034375 0.049219
4.0 0.976562 0.969531 0.021875 0.021875
4.0 0.985156 0.906250 0.025781 0.041406
1.0 0.610156 0.319531 0.125000 0.085156
1.0 0.592188 0.517188 0.075000 0.096094
1.0 0.664844 0.477344 0.091406 0.077344
1.0 0.818750 0.421094 0.050000 0.042969
1.0 0.479688 0.172656 0.075000 0.093750
