0.0 0.481602 0.696140 0.062079 0.145845
1.0 0.598938 0.332000 0.178795 0.496960
0.0 0.536075 0.566258 0.068725 0.153226
0.0 0.436940 0.521391 0.075613 0.097657
0.0 0.705638 0.273225 0.025057 0.043426
0.0 0.772832 0.058781 0.058093 0.090424
0.0 0.295982 0.057494 0.111692 0.114987
0.0 0.381830 0.016401 0.024006 0.032801
0.0 0.464992 0.050350 0.022208 0.047925
0.0 0.399100 0.282868 0.028222 0.044387
0.0 0.395225 0.457937 0.039547 0.052039
0.0 0.421066 0.619857 0.074058 0.043931
0.0 0.285376 0.584612 0.037737 0.074476
0.0 0.674445 0.920160 0.029137 0.046772
0.0 0.311410 0.905403 0.036694 0.110173
0.0 0.526896 0.859969 0.018965 0.032191
0.0 0.454353 0.896462 0.032076 0.043833
0.0 0.660718 0.711204 0.048044 0.091397
0.0 0.500272 0.941379 0.023612 0.018468
