0.0 0.269480 0.885182 0.059495 0.132766
0.0 0.209030 0.877137 0.021584 0.029867
0.0 0.275510 0.565146 0.057212 0.115192
0.0 0.411007 0.887387 0.034115 0.046220
0.0 0.628063 0.934326 0.039557 0.056123
0.0 0.637967 0.725155 0.058964 0.108024
0.0 0.530529 0.575821 0.070778 0.133218
0.0 0.486935 0.860840 0.027796 0.039902
0.0 0.452713 0.939766 0.028062 0.041442
0.0 0.444511 0.821814 0.025619 0.040273
0.0 0.819987 0.101704 0.068866 0.113466
0.0 0.730545 0.293990 0.031088 0.054662
0.0 0.680530 0.096685 0.048902 0.097325
0.0 0.439210 0.011466 0.026655 0.022933
0.0 0.518960 0.049800 0.031964 0.051078
0.0 0.348629 0.051295 0.131599 0.102589
0.0 0.407189 0.445151 0.053893 0.052618
0.0 0.432488 0.514521 0.084636 0.092281
0.0 0.410001 0.608155 0.085591 0.058831
0.0 0.463202 0.695021 0.058513 0.140067
0.0 0.218856 0.613251 0.030557 0.029920
0.0 0.194750 0.651904 0.023681 0.037698
0.0 0.320771 0.808406 0.037672 0.062521
0.0 0.282862 0.674232 0.027186 0.045025
0.0 0.578603 0.993843 0.028407 0.012313
0.0 0.425243 0.271474 0.035946 0.052512
0.0 0.275778 0.264730 0.032017 0.060052
0.0 0.296062 0.151689 0.040513 0.065998
0.0 0.359936 0.236430 0.031858 0.054795
0.0 0.303145 0.722125 0.010699 0.031725
0.0 0.392663 0.814459 0.020867 0.038707
0.0 0.503237 0.678933 0.019274 0.029468
0.0 0.222227 0.676461 0.019513 0.026522
