0.0 0.848028 0.827308 0.073780 0.111002
0.0 0.400287 0.767469 0.072212 0.097027
0.0 0.271176 0.807894 0.053057 0.090279
0.0 0.463751 0.569316 0.095917 0.082820
0.0 0.366803 0.511010 0.093834 0.071088
0.0 0.272689 0.604112 0.023844 0.034872
0.0 0.235202 0.480174 0.027130 0.043674
0.0 0.200138 0.279708 0.085120 0.068577
0.0 0.411374 0.396735 0.049401 0.139698
0.0 0.474712 0.407712 0.059195 0.104000
0.0 0.513377 0.338911 0.047339 0.066639
0.0 0.622056 0.312570 0.047491 0.047491
0.0 0.755147 0.118400 0.133628 0.179810
0.0 0.788846 0.250624 0.039894 0.041272
0.0 0.404695 0.197016 0.068468 0.063643
