3.0 0.312795 0.589694 0.174655 0.166974
0.0 0.270034 0.966448 0.064266 0.067104
0.0 0.051916 0.742626 0.030770 0.045434
0.0 0.189791 0.870753 0.025433 0.061045
0.0 0.124090 0.517774 0.040292 0.071016
0.0 0.134782 0.231551 0.269563 0.412667
0.0 0.219003 0.416254 0.033575 0.050334
0.0 0.188812 0.250488 0.033733 0.051888
0.0 0.022082 0.282325 0.044164 0.120627
0.0 0.351514 0.298351 0.029398 0.062217
0.0 0.454439 0.298888 0.043650 0.081357
0.0 0.502528 0.378026 0.062470 0.137884
0.0 0.557227 0.359905 0.040100 0.144842
0.0 0.521920 0.105137 0.074806 0.077600
0.0 0.546340 0.017462 0.035196 0.034923
0.0 0.583843 0.034454 0.017544 0.036398
0.0 0.707649 0.163225 0.083344 0.070775
0.0 0.671637 0.249337 0.038039 0.071557
0.0 0.892220 0.472717 0.028583 0.039058
0.0 0.875407 0.508192 0.035658 0.040546
0.0 0.944568 0.640158 0.036388 0.108312
0.0 0.903549 0.607418 0.053767 0.090077
0.0 0.994010 0.815584 0.011980 0.067762
0.0 0.969832 0.935209 0.027108 0.039677
0.0 0.936253 0.937050 0.022062 0.043010
0.0 0.897511 0.918999 0.019809 0.043551
0.0 0.892436 0.954066 0.018060 0.018758
0.0 0.816982 0.775623 0.019389 0.024277
0.0 0.779549 0.847744 0.038554 0.053917
0.0 0.651847 0.812031 0.066269 0.084425
0.0 0.551173 0.563120 0.089059 0.096740
0.0 0.394707 0.870352 0.034656 0.045828
0.0 0.267609 0.724639 0.060421 0.072292
0.0 0.055739 0.455614 0.047906 0.070251
0.0 0.270732 0.044277 0.028055 0.049004
0.0 0.335930 0.029015 0.030903 0.031601
0.0 0.322229 0.164688 0.027989 0.055920
0.0 0.385657 0.062441 0.019098 0.036556
0.0 0.704591 0.048100 0.025765 0.026464
0.0 0.790466 0.081781 0.018783 0.033447
0.0 0.762236 0.074440 0.018940 0.035001
0.0 0.726956 0.082736 0.021563 0.022960
0.0 0.728753 0.432785 0.032519 0.070226
0.0 0.691507 0.475832 0.024236 0.041693
0.0 0.623807 0.481925 0.099387 0.092405
0.0 0.767527 0.520722 0.025158 0.035633
0.0 0.721810 0.565416 0.033787 0.037279
0.0 0.844552 0.660528 0.015516 0.031576
0.0 0.911902 0.728286 0.013857 0.015254
0.0 0.897945 0.258541 0.061090 0.101591
0.0 0.968292 0.255321 0.019518 0.055829
0.0 0.927993 0.136913 0.026713 0.035791
0.0 0.901891 0.050043 0.030607 0.089263
0.0 0.873516 0.049000 0.040923 0.077234
0.0 0.876603 0.133495 0.021509 0.037570
0.0 0.904688 0.147133 0.028583 0.039058
0.0 0.590222 0.135891 0.018321 0.036477
0.0 0.823063 0.294419 0.020574 0.035936
0.0 0.802597 0.232106 0.011775 0.025042
0.0 0.888002 0.361637 0.016305 0.039349
0.0 0.960509 0.495619 0.019153 0.021946
0.0 0.816980 0.528262 0.011775 0.025042
0.0 0.696833 0.304102 0.025553 0.039519
0.0 0.619450 0.183964 0.020470 0.019772
0.0 0.591003 0.236327 0.026318 0.031904
0.0 0.989802 0.683464 0.014053 0.039889
0.0 0.448341 0.818572 0.025383 0.030271
