0.0 0.410371 0.716426 0.039055 0.055669
0.0 0.404896 0.986187 0.030207 0.027626
0.0 0.490143 0.951367 0.034665 0.050586
0.0 0.788199 0.924457 0.072032 0.090721
0.0 0.527349 0.426299 0.078382 0.142066
0.0 0.648639 0.284230 0.048900 0.089741
0.0 0.294113 0.109814 0.060552 0.126313
0.0 0.283034 0.419860 0.045305 0.113142
0.0 0.396873 0.548935 0.054859 0.052782
0.0 0.435096 0.474052 0.070495 0.083647
0.0 0.475796 0.299095 0.054306 0.139448
0.0 0.418140 0.383165 0.076099 0.050487
0.0 0.657072 0.072703 0.035949 0.055331
0.0 0.319477 0.943594 0.118870 0.112813
0.0 0.280435 0.829574 0.029363 0.030055
0.0 0.263107 0.713580 0.022947 0.041637
0.0 0.203623 0.325548 0.022457 0.030072
0.0 0.224055 0.368906 0.037130 0.030900
0.0 0.343638 0.182229 0.029128 0.056124
0.0 0.433442 0.111952 0.037873 0.044795
0.0 0.506551 0.133865 0.026629 0.054317
0.0 0.479381 0.057448 0.020988 0.030679
0.0 0.227235 0.116301 0.014353 0.026120
0.0 0.268320 0.255645 0.023673 0.027134
0.0 0.236107 0.306299 0.017459 0.026458
0.0 0.290188 0.312206 0.022964 0.034732
0.0 0.652433 0.911716 0.046791 0.105629
0.0 0.713714 0.716446 0.033213 0.044288
0.0 0.680549 0.621035 0.020566 0.026796
0.0 0.513280 0.318595 0.016936 0.028704
0.0 0.341350 0.753794 0.025582 0.058808
0.0 0.335510 0.411011 0.019182 0.028180
0.0 0.609793 0.006848 0.018489 0.013695
0.0 0.374095 0.144339 0.015822 0.025513
0.0 0.408524 0.179102 0.023370 0.045521
0.0 0.274922 0.641568 0.015653 0.023959
0.0 0.313250 0.264119 0.014454 0.019991
0.0 0.346075 0.320274 0.019773 0.033617
0.0 0.243543 0.078378 0.015653 0.023959
0.0 0.462029 0.172498 0.019132 0.048897
