0.0 0.443750 0.118750 0.079687 0.098438
0.0 0.252344 0.199219 0.071094 0.076562
0.0 0.071875 0.097656 0.057812 0.096094
0.0 0.082812 0.298438 0.059375 0.092188
0.0 0.011719 0.303906 0.023438 0.067969
0.0 0.120313 0.535937 0.044531 0.083594
0.0 0.072656 0.682031 0.033594 0.093750
0.0 0.110937 0.658594 0.041406 0.099219
0.0 0.009375 0.949219 0.018750 0.100781
0.0 0.026563 0.867969 0.042187 0.060938
0.0 0.078125 0.979688 0.020313 0.040625
0.0 0.116406 0.982813 0.010156 0.032031
0.0 0.153906 0.969531 0.024219 0.060938
0.0 0.122656 0.914062 0.014063 0.042187
0.0 0.776562 0.953906 0.057031 0.091406
0.0 0.843750 0.839063 0.020312 0.062500
0.0 0.967969 0.699219 0.041406 0.068750
0.0 0.254687 0.875781 0.031250 0.065625
0.0 0.381250 0.826563 0.057031 0.083594
0.0 0.457812 0.576563 0.077344 0.109375
0.0 0.381250 0.493750 0.080469 0.069531
0.0 0.428906 0.370313 0.024219 0.145312
0.0 0.524219 0.306250 0.035937 0.087500
0.0 0.480469 0.380469 0.054688 0.125000
0.0 0.625781 0.289844 0.024219 0.051562
0.0 0.786719 0.230469 0.026563 0.044531
0.0 0.961719 0.246875 0.050781 0.116406
0.0 0.296094 0.268750 0.030469 0.061719
0.0 0.347656 0.200781 0.015625 0.025000
0.0 0.376562 0.149219 0.013281 0.029687
0.0 0.385938 0.253125 0.014844 0.024219
0.0 0.170313 0.121094 0.013281 0.025781
0.0 0.197656 0.113281 0.018750 0.052344
0.0 0.251562 0.074219 0.014844 0.040625
0.0 0.018750 0.201562 0.016406 0.025781
0.0 0.055469 0.196875 0.019531 0.044531
0.0 0.089063 0.177344 0.014844 0.036719
0.0 0.286719 0.592969 0.027344 0.056250
0.0 0.875781 0.482813 0.046875 0.066406
0.0 0.939063 0.421094 0.044531 0.091406
0.0 0.755469 0.701563 0.052344 0.066406
0.0 0.771094 0.394531 0.028125 0.053125
0.0 0.992969 0.205469 0.014062 0.048438
0.0 0.680469 0.028906 0.023438 0.042188
0.0 0.571875 0.059375 0.016406 0.041406
0.0 0.617969 0.016406 0.024219 0.032812
0.0 0.642188 0.154687 0.022656 0.036719
0.0 0.262500 0.462500 0.025000 0.069531
0.0 0.188281 0.550000 0.025000 0.053125
0.0 0.235937 0.549219 0.017969 0.042187
0.0 0.310938 0.497656 0.026562 0.050781
0.0 0.044531 0.552344 0.021094 0.030469
0.0 0.032812 0.742188 0.017969 0.046094
0.0 0.010156 0.710156 0.011719 0.029688
0.0 0.205469 0.803906 0.021094 0.049219
0.0 0.155469 0.333594 0.016406 0.043750
0.0 0.170313 0.269531 0.009375 0.020312
0.0 0.104688 0.407813 0.019531 0.038281
0.0 0.137500 0.198437 0.007812 0.022656
0.0 0.367969 0.046875 0.018750 0.038281
0.0 0.407812 0.020312 0.016406 0.040625
0.0 0.344531 0.119531 0.009375 0.022656
0.0 0.136719 0.012500 0.011719 0.024219
0.0 0.292188 0.361719 0.028125 0.078125
0.0 0.112500 0.773438 0.023438 0.033594
3.0 0.693750 0.574219 0.164844 0.179688
