0.0 0.839063 0.805469 0.248438 0.389062
0.0 0.935938 0.742188 0.041406 0.113281
0.0 0.768750 0.760156 0.023438 0.034375
0.0 0.621094 0.696875 0.025000 0.066406
0.0 0.755469 0.602344 0.039062 0.039844
0.0 0.914062 0.576562 0.034375 0.057031
0.0 0.155469 0.968750 0.017969 0.033594
0.0 0.178125 0.985938 0.010938 0.015625
0.0 0.375000 0.925000 0.012500 0.026562
0.0 0.382031 0.982812 0.018750 0.027344
0.0 0.444531 0.864063 0.059375 0.066406
0.0 0.431250 0.618750 0.016406 0.132812
0.0 0.485156 0.613281 0.039844 0.121875
0.0 0.521094 0.685937 0.029688 0.072656
0.0 0.459375 0.428906 0.078125 0.089844
0.0 0.384375 0.507812 0.082031 0.060156
0.0 0.277344 0.538281 0.017187 0.043750
0.0 0.313281 0.721875 0.028906 0.058594
0.0 0.268750 0.791406 0.066406 0.058594
0.0 0.381250 0.825781 0.024219 0.017969
0.0 0.187500 0.861719 0.017188 0.016406
0.0 0.214844 0.867969 0.013281 0.039062
0.0 0.265625 0.902344 0.018750 0.024219
0.0 0.016406 0.723437 0.020312 0.030469
0.0 0.042969 0.778125 0.011719 0.020312
0.0 0.064844 0.793750 0.014844 0.023438
0.0 0.080469 0.791406 0.016406 0.046094
0.0 0.078125 0.859375 0.014062 0.046094
0.0 0.104687 0.885937 0.027344 0.052344
0.0 0.082813 0.903125 0.016406 0.041406
0.0 0.114062 0.801563 0.024219 0.035156
0.0 0.103906 0.687500 0.040625 0.083594
0.0 0.039844 0.687500 0.025000 0.038281
0.0 0.297656 0.415625 0.017969 0.038281
0.0 0.757812 0.057031 0.045313 0.104687
0.0 0.635938 0.156250 0.035938 0.040625
0.0 0.739844 0.311719 0.053125 0.064062
0.0 0.824219 0.180469 0.024219 0.049219
0.0 0.942969 0.310938 0.021875 0.039062
0.0 0.576563 0.201563 0.015625 0.022656
0.0 0.318750 0.502344 0.020312 0.014062
0.0 0.400781 0.439062 0.010938 0.021875
0.0 0.386719 0.192187 0.057031 0.071875
0.0 0.673437 0.960156 0.014063 0.048437
0.0 0.566406 0.921875 0.017969 0.020313
0.0 0.611719 0.955469 0.026562 0.026562
0.0 0.503125 0.977344 0.027344 0.045313
0.0 0.635156 0.828906 0.018750 0.039844
0.0 0.942969 0.885156 0.004688 0.021875
0.0 0.964063 0.777344 0.018750 0.031250
0.0 0.016406 0.428906 0.014063 0.025000
0.0 0.069531 0.453125 0.015625 0.012500
0.0 0.126563 0.482813 0.016406 0.027344
0.0 0.027344 0.241406 0.014844 0.041406
0.0 0.036719 0.298437 0.014844 0.028906
0.0 0.057031 0.273438 0.010937 0.026562
0.0 0.095312 0.323438 0.026562 0.071875
0.0 0.130469 0.348437 0.035937 0.096094
0.0 0.150000 0.446094 0.024219 0.032812
0.0 0.207813 0.435156 0.011719 0.023438
0.0 0.251563 0.448438 0.016406 0.035156
0.0 0.121875 0.592187 0.007031 0.028125
0.0 0.174219 0.656250 0.013281 0.017969
0.0 0.229687 0.203125 0.021875 0.043750
0.0 0.268750 0.146875 0.018750 0.045313
0.0 0.192969 0.312500 0.013281 0.022656
0.0 0.035937 0.070312 0.014063 0.075781
0.0 0.051562 0.153125 0.036719 0.029688
0.0 0.105469 0.047656 0.013281 0.033594
0.0 0.132812 0.043750 0.014062 0.028906
0.0 0.170312 0.059375 0.013281 0.066406
0.0 0.147656 0.102344 0.006250 0.026562
0.0 0.294531 0.662500 0.013281 0.032031
0.0 0.314063 0.600000 0.018750 0.031250
0.0 0.388281 0.735938 0.019531 0.031250
0.0 0.188281 0.716406 0.017969 0.022656
0.0 0.135937 0.237500 0.007812 0.021094
0.0 0.411719 0.957031 0.014844 0.047656
0.0 0.856250 0.517188 0.032812 0.060937
