0.0 0.753789 0.914929 0.131293 0.144313
0.0 0.680723 0.966385 0.029399 0.031569
0.0 0.631095 0.700505 0.021886 0.034906
0.0 0.289866 0.957064 0.069498 0.085871
0.0 0.564223 0.467194 0.064092 0.082898
0.0 0.610999 0.529631 0.044715 0.061351
0.0 0.701012 0.386884 0.033757 0.081496
0.0 0.454614 0.435114 0.069005 0.129765
0.0 0.567918 0.365888 0.094576 0.032370
0.0 0.491414 0.293052 0.050251 0.138497
0.0 0.318590 0.307805 0.054245 0.096921
0.0 0.279446 0.100701 0.047109 0.062298
0.0 0.430358 0.140782 0.035528 0.052165
0.0 0.501199 0.091053 0.045658 0.052892
0.0 0.638119 0.067128 0.054416 0.110112
