0.0 0.551562 0.441406 0.100781 0.079687
0.0 0.644531 0.500781 0.104687 0.087500
0.0 0.587500 0.610156 0.035938 0.139063
0.0 0.519531 0.600000 0.061719 0.116406
0.0 0.472656 0.663281 0.039844 0.060938
0.0 0.352344 0.682813 0.035937 0.050000
0.0 0.184375 0.120312 0.049219 0.088281
0.0 0.788281 0.185156 0.028125 0.049219
0.0 0.644531 0.224219 0.071094 0.080469
0.0 0.753125 0.427344 0.032031 0.046094
0.0 0.810938 0.460938 0.021094 0.045313
0.0 0.778906 0.530469 0.030469 0.065625
0.0 0.730469 0.506250 0.025781 0.032812
0.0 0.734375 0.696875 0.042969 0.063281
0.0 0.792969 0.759375 0.081250 0.067188
0.0 0.814844 0.832812 0.015625 0.025781
0.0 0.792969 0.864844 0.024219 0.031250
0.0 0.717188 0.810938 0.011719 0.037500
0.0 0.688281 0.826563 0.018750 0.019531
0.0 0.649219 0.797656 0.023438 0.027344
0.0 0.570312 0.830469 0.076563 0.070312
0.0 0.611719 0.902344 0.018750 0.035156
0.0 0.203125 0.856250 0.084375 0.125000
0.0 0.285156 0.899219 0.029688 0.053906
0.0 0.334375 0.793750 0.031250 0.046875
0.0 0.363281 0.908594 0.025000 0.035156
0.0 0.417969 0.876562 0.017187 0.020313
0.0 0.656250 0.883594 0.020313 0.032812
0.0 0.677344 0.753125 0.018750 0.030469
0.0 0.635938 0.709375 0.012500 0.023438
0.0 0.187500 0.592188 0.035937 0.042187
1.0 0.264844 0.439063 0.198438 0.142188
0.0 0.200781 0.329688 0.063281 0.071875
0.0 0.330469 0.197656 0.038281 0.042188
0.0 0.758594 0.642969 0.021094 0.035156
0.0 0.732031 0.589844 0.033594 0.022656
0.0 0.167187 0.740625 0.022656 0.030469
