3.0 0.315625 0.595313 0.153125 0.201562
0.0 0.219531 0.936719 0.074219 0.100781
0.0 0.025781 0.688281 0.039063 0.090625
0.0 0.624219 0.817969 0.056250 0.113281
0.0 0.743750 0.868750 0.036719 0.044531
0.0 0.982813 0.856250 0.033594 0.050000
0.0 0.892187 0.663281 0.042187 0.070312
0.0 0.935156 0.678125 0.046875 0.073438
0.0 0.628125 0.494531 0.092969 0.084375
0.0 0.540625 0.585938 0.078125 0.078125
0.0 0.483594 0.300781 0.034375 0.096875
0.0 0.521875 0.381250 0.058594 0.106250
0.0 0.576563 0.369531 0.035156 0.111719
0.0 0.753125 0.191406 0.064062 0.084375
0.0 0.936719 0.091406 0.060938 0.085156
0.0 0.568750 0.093750 0.050781 0.075000
0.0 0.146094 0.194531 0.264062 0.389063
0.0 0.211719 0.233594 0.021094 0.054688
0.0 0.042969 0.231250 0.073437 0.161719
0.0 0.375000 0.274219 0.051562 0.061719
0.0 0.742969 0.464844 0.037500 0.054688
