3.0 0.691406 0.567969 0.175000 0.189063
0.0 0.774219 0.952344 0.059375 0.085938
0.0 0.457031 0.575000 0.090625 0.095312
0.0 0.380469 0.825781 0.063281 0.085938
0.0 0.253125 0.869531 0.035937 0.069531
0.0 0.105469 0.664844 0.037500 0.090625
0.0 0.068750 0.678906 0.028906 0.110156
0.0 0.025781 0.863281 0.047656 0.042969
0.0 0.074219 0.969531 0.022656 0.039844
0.0 0.064062 0.092188 0.065625 0.115625
0.0 0.074219 0.303906 0.060156 0.106250
0.0 0.249219 0.191406 0.079688 0.068750
0.0 0.482031 0.387500 0.049219 0.121875
0.0 0.423438 0.363281 0.025000 0.153125
0.0 0.624219 0.285156 0.034375 0.068750
0.0 0.517969 0.302344 0.039844 0.081250
0.0 0.848437 0.194531 0.262500 0.388281
0.0 0.959375 0.242188 0.048437 0.125781
0.0 0.782812 0.222656 0.028906 0.070312
0.0 0.439844 0.103906 0.051562 0.077344
0.0 0.970312 0.700000 0.035938 0.067187
0.0 0.839844 0.840625 0.033594 0.055469
0.0 0.639063 0.858594 0.042187 0.031250
0.0 0.286719 0.589844 0.023438 0.058594
0.0 0.257812 0.453125 0.028906 0.068750
0.0 0.374219 0.493750 0.100781 0.077344
0.0 0.117969 0.528125 0.049219 0.069531
0.0 0.234375 0.548438 0.017969 0.045313
0.0 0.298438 0.268750 0.032031 0.089062
0.0 0.928125 0.408594 0.050781 0.067188
0.0 0.873438 0.477344 0.037500 0.084375
0.0 0.767187 0.384375 0.034375 0.067188
0.0 0.752344 0.693750 0.058594 0.079687
0.0 0.678125 0.025000 0.020313 0.050000
0.0 0.246875 0.071875 0.024219 0.033594
0.0 0.183594 0.112500 0.045312 0.067188
0.0 0.609375 0.017969 0.032031 0.035938
0.0 0.367969 0.143750 0.028906 0.025000
0.0 0.404687 0.021094 0.025000 0.042187
0.0 0.010156 0.300000 0.019531 0.050781
0.0 0.007812 0.950781 0.015625 0.097656
