0.0 0.675653 0.099036 0.334519 0.198073
0.0 0.175507 0.148364 0.070876 0.102792
0.0 0.642348 0.079544 0.034625 0.050938
0.0 0.616985 0.315516 0.033985 0.052425
0.0 0.593355 0.597609 0.093385 0.069270
0.0 0.579111 0.516519 0.074718 0.093867
0.0 0.627477 0.460468 0.050840 0.077082
0.0 0.759171 0.557033 0.050465 0.055430
0.0 0.724666 0.831463 0.043609 0.082618
0.0 0.522747 0.668180 0.067448 0.116386
0.0 0.460677 0.560739 0.064769 0.112288
0.0 0.309864 0.690966 0.057824 0.086194
0.0 0.297434 0.869322 0.040624 0.057646
0.0 0.470520 0.804572 0.032360 0.051509
0.0 0.566002 0.837680 0.040871 0.042998
