0.0 0.386719 0.042188 0.064844 0.083594
0.0 0.201563 0.140625 0.040625 0.054688
0.0 0.263281 0.093750 0.020313 0.025781
0.0 0.382812 0.165625 0.016406 0.019531
0.0 0.387500 0.261719 0.017187 0.017187
0.0 0.032812 0.312500 0.019531 0.035156
0.0 0.315625 0.495313 0.015625 0.023438
0.0 0.226562 0.522656 0.012500 0.021094
0.0 0.038281 0.930469 0.023438 0.074219
0.0 0.206250 0.546094 0.020313 0.058594
0.0 0.313281 0.364062 0.053906 0.098438
0.0 0.441406 0.221094 0.006250 0.010937
0.0 0.463281 0.204687 0.007031 0.012500
0.0 0.397656 0.203125 0.007031 0.015625
0.0 0.413281 0.202344 0.004688 0.014063
0.0 0.357031 0.217188 0.012500 0.018750
0.0 0.350000 0.134375 0.007812 0.012500
0.0 0.328125 0.150781 0.006250 0.009375
0.0 0.364844 0.101562 0.004688 0.009375
0.0 0.330469 0.076563 0.007812 0.007812
0.0 0.433594 0.018750 0.004688 0.009375
0.0 0.472656 0.114844 0.014063 0.021094
0.0 0.490625 0.021875 0.005469 0.012500
0.0 0.675000 0.034375 0.019531 0.046875
0.0 0.702344 0.069531 0.012500 0.017969
0.0 0.609375 0.037500 0.023438 0.025000
0.0 0.566406 0.075000 0.010156 0.020313
0.0 0.610156 0.085156 0.007812 0.011719
0.0 0.633594 0.169531 0.021094 0.035156
0.0 0.505469 0.007031 0.008594 0.012500
0.0 0.754688 0.130469 0.013281 0.017969
0.0 0.698438 0.142969 0.006250 0.010156
0.0 0.691406 0.117969 0.006250 0.015625
0.0 0.782813 0.046875 0.007031 0.012500
0.0 0.813281 0.021094 0.008594 0.021094
0.0 0.842187 0.060156 0.006250 0.019531
0.0 0.807031 0.136719 0.007812 0.013281
0.0 0.695312 0.180469 0.007031 0.014063
0.0 0.678125 0.246094 0.006250 0.014844
0.0 0.578125 0.282812 0.006250 0.011719
0.0 0.542969 0.296875 0.009375 0.014844
0.0 0.539062 0.231250 0.007812 0.015625
0.0 0.492188 0.292969 0.007812 0.014063
0.0 0.467969 0.301562 0.007812 0.013281
0.0 0.453906 0.345312 0.007031 0.018750
0.0 0.561719 0.442187 0.013281 0.016406
0.0 0.540625 0.457812 0.009375 0.015625
0.0 0.601562 0.515625 0.007812 0.010938
0.0 0.607812 0.562500 0.009375 0.012500
0.0 0.692187 0.561719 0.009375 0.017969
0.0 0.689063 0.519531 0.008594 0.012500
0.0 0.916406 0.345312 0.010156 0.018750
0.0 0.839844 0.752344 0.007031 0.010156
0.0 0.846094 0.682813 0.004687 0.009375
0.0 0.874219 0.701562 0.005469 0.006250
0.0 0.700000 0.763281 0.007031 0.006250
0.0 0.662500 0.714844 0.005469 0.007031
0.0 0.677344 0.714844 0.002344 0.020312
0.0 0.857812 0.278906 0.009375 0.013281
0.0 0.828906 0.312500 0.008594 0.017187
0.0 0.514844 0.816406 0.017187 0.038281
0.0 0.525000 0.876562 0.005469 0.016406
0.0 0.178125 0.964844 0.014844 0.025781
0.0 0.080469 0.796875 0.023438 0.046875
0.0 0.034375 0.695312 0.010156 0.021875
0.0 0.006250 0.846875 0.009375 0.019531
0.0 0.188281 0.282031 0.009375 0.014063
0.0 0.157031 0.211719 0.012500 0.025000
