0.0 0.272656 0.071094 0.121094 0.141406
0.0 0.747656 0.049219 0.064844 0.097656
0.0 0.355469 0.028906 0.026563 0.057813
0.0 0.390625 0.291406 0.032812 0.064062
0.0 0.396094 0.460156 0.044531 0.053125
0.0 0.289062 0.595312 0.037500 0.111719
0.0 0.436719 0.629687 0.089063 0.058594
0.0 0.499219 0.696094 0.040625 0.141406
0.0 0.547656 0.575000 0.049219 0.134375
0.0 0.678906 0.698438 0.051563 0.094531
0.0 0.702344 0.910156 0.036719 0.060156
0.0 0.480469 0.900781 0.033594 0.045313
0.0 0.341406 0.925000 0.039844 0.122656
3.0 0.590625 0.339844 0.162500 0.497656
0.0 0.434375 0.524219 0.074219 0.071094
