0.0 0.717188 0.672656 0.052344 0.114062
0.0 0.746094 0.864844 0.053125 0.055469
0.0 0.297656 0.877344 0.053125 0.109375
0.0 0.241406 0.589844 0.045312 0.106250
0.0 0.417969 0.524219 0.093750 0.085938
0.0 0.410937 0.610938 0.103125 0.059375
0.0 0.370313 0.466406 0.060938 0.059375
0.0 0.353906 0.310938 0.035156 0.067188
0.0 0.801562 0.090625 0.057031 0.096094
0.0 0.741406 0.289062 0.035156 0.079687
0.0 0.544531 0.562500 0.075000 0.135156
0.0 0.492969 0.677344 0.053125 0.132812
0.0 0.467969 0.850000 0.045313 0.084375
0.0 0.554688 0.811719 0.042969 0.054688
0.0 0.533594 0.896875 0.032812 0.043750
0.0 0.706250 0.935156 0.022656 0.028906
0.0 0.429688 0.105469 0.035156 0.075781
0.0 0.283594 0.084375 0.245313 0.168750
0.0 0.314844 0.072656 0.024219 0.054688
0.0 0.180469 0.228125 0.022656 0.050781
0.0 0.225781 0.881250 0.040625 0.062500
0.0 0.233594 0.952344 0.025781 0.035156
0.0 0.339063 0.796094 0.040625 0.060937
0.0 0.626562 0.119531 0.046875 0.089844
0.0 0.175000 0.640625 0.032031 0.061719
0.0 0.264844 0.287500 0.029688 0.056250
1.0 0.546875 0.214844 0.114063 0.254688
0.0 0.262500 0.684375 0.023438 0.032812
0.0 0.538281 0.966406 0.020313 0.032031
0.0 0.172656 0.325000 0.028906 0.064062
