3.0 0.610206 0.334799 0.197476 0.506958
0.0 0.307237 0.899495 0.071130 0.115139
0.0 0.442438 0.887071 0.028206 0.057308
0.0 0.482277 0.701566 0.057105 0.166417
0.0 0.518399 0.861595 0.038280 0.048927
0.0 0.663743 0.930057 0.045977 0.031071
0.0 0.650515 0.714790 0.066058 0.083804
0.0 0.390900 0.465311 0.043565 0.056342
0.0 0.439416 0.511143 0.072276 0.110606
0.0 0.426929 0.617489 0.094904 0.069351
0.0 0.536166 0.579254 0.080555 0.134501
0.0 0.289077 0.570860 0.057284 0.106971
0.0 0.407734 0.273862 0.048731 0.079963
0.0 0.309951 0.059379 0.115918 0.118759
0.0 0.392685 0.022693 0.025093 0.045386
0.0 0.785546 0.071018 0.076834 0.100968
