0.0 0.469122 0.344622 0.403339 0.394937
0.0 0.180541 0.204601 0.341262 0.409202
0.0 0.675763 0.120661 0.611865 0.241321
1.0 0.759394 0.346778 0.135499 0.147402
1.0 0.775559 0.594906 0.138763 0.149266
0.0 0.368573 0.925879 0.391903 0.148242
1.0 0.144788 0.835263 0.124707 0.124007
1.0 0.056896 0.584691 0.113793 0.089105
0.0 0.841951 0.854175 0.274726 0.291649
1.0 0.020843 0.822678 0.041686 0.063237
1.0 0.038619 0.868677 0.057027 0.062629
4.0 0.083233 0.727867 0.042039 0.035738
4.0 0.163834 0.706829 0.066211 0.046607
