3.0 0.611902 0.362278 0.333212 0.230959
0.0 0.450668 0.443741 0.089455 0.076385
0.0 0.420413 0.605958 0.026066 0.117555
0.0 0.484295 0.594010 0.052317 0.098446
0.0 0.527489 0.657398 0.034478 0.056773
0.0 0.644041 0.665715 0.031789 0.034864
0.0 0.823752 0.715227 0.027883 0.034803
0.0 0.227346 0.749649 0.074218 0.051153
0.0 0.440806 0.808786 0.053188 0.054726
0.0 0.367266 0.506003 0.089233 0.062324
0.0 0.234926 0.537003 0.026481 0.044933
0.0 0.262200 0.433434 0.027077 0.033228
0.0 0.224971 0.203525 0.026432 0.041808
0.0 0.360740 0.241229 0.061197 0.067348
0.0 0.800364 0.124898 0.052889 0.085179
0.0 0.799166 0.840631 0.085171 0.151289
0.0 0.802138 0.583520 0.030227 0.034840
0.0 0.655596 0.210007 0.027809 0.030116
0.0 0.202558 0.466412 0.015274 0.027575
0.0 0.369788 0.913045 0.016006 0.024462
0.0 0.402871 0.880487 0.013576 0.018957
0.0 0.399274 0.900078 0.010439 0.018127
0.0 0.225726 0.844999 0.017494 0.019800
0.0 0.709889 0.877201 0.020791 0.030786
0.0 0.281784 0.683938 0.029408 0.032484
0.0 0.362979 0.778761 0.015870 0.015870
0.0 0.286782 0.505711 0.017420 0.015113
0.0 0.582154 0.853434 0.012782 0.018164
0.0 0.626343 0.880865 0.015882 0.016651
