3.0 0.591406 0.331250 0.142187 0.499219
0.0 0.746875 0.042188 0.059375 0.084375
0.0 0.270312 0.065625 0.125781 0.131250
0.0 0.353906 0.025000 0.019531 0.046094
0.0 0.430469 0.626562 0.076563 0.057031
0.0 0.389062 0.296094 0.018750 0.040625
0.0 0.397656 0.474219 0.041406 0.068750
0.0 0.437500 0.534375 0.067969 0.089844
0.0 0.288281 0.599219 0.035156 0.100000
0.0 0.337500 0.918750 0.035156 0.113281
0.0 0.477344 0.895312 0.027344 0.053125
0.0 0.677344 0.696094 0.042187 0.081250
0.0 0.696094 0.907031 0.027344 0.017187
0.0 0.550000 0.854688 0.032031 0.060156
0.0 0.496875 0.700000 0.049219 0.153906
