3.0 0.322080 0.398475 0.185977 0.186639
0.0 0.953866 0.074673 0.023246 0.029859
0.0 0.983734 0.084682 0.032531 0.038404
0.0 0.998018 0.203844 0.003963 0.040296
0.0 0.913304 0.082223 0.032462 0.056931
0.0 0.290738 0.029112 0.076929 0.058225
0.0 0.210676 0.110018 0.038667 0.068427
0.0 0.412622 0.121872 0.031679 0.051518
0.0 0.279233 0.263606 0.072922 0.080196
0.0 0.065047 0.238141 0.030794 0.050633
0.0 0.128723 0.463646 0.041638 0.062801
0.0 0.219354 0.568328 0.029685 0.048202
0.0 0.133374 0.746676 0.266748 0.426173
0.0 0.181282 0.727801 0.026368 0.046208
0.0 0.019352 0.683523 0.038705 0.112295
0.0 0.348300 0.686448 0.033011 0.055496
0.0 0.058243 0.519757 0.044853 0.069322
0.0 0.453037 0.688183 0.042543 0.074287
0.0 0.499792 0.616010 0.064292 0.130424
0.0 0.556663 0.632132 0.047657 0.151485
0.0 0.619398 0.520433 0.091824 0.090501
0.0 0.554151 0.431265 0.093522 0.112700
0.0 0.725169 0.438643 0.025036 0.042230
0.0 0.667271 0.195029 0.069970 0.096423
0.0 0.694846 0.528192 0.029553 0.036828
0.0 0.730679 0.569689 0.032146 0.065212
0.0 0.702134 0.837897 0.083075 0.077123
0.0 0.892875 0.752613 0.063683 0.100056
0.0 0.955718 0.765653 0.025819 0.047642
0.0 0.668476 0.754088 0.040204 0.063350
0.0 0.318859 0.960841 0.032096 0.038710
0.0 0.254144 0.944373 0.028810 0.052617
0.0 0.524764 0.978750 0.024944 0.042499
0.0 0.859911 0.958610 0.041099 0.069536
0.0 0.883657 0.957197 0.036957 0.085606
0.0 0.909239 0.868652 0.034548 0.050419
0.0 0.859613 0.878838 0.020712 0.033277
0.0 0.710155 0.924311 0.017945 0.029849
0.0 0.743616 0.933099 0.024160 0.046645
0.0 0.774014 0.924868 0.022808 0.032067
0.0 0.690663 0.949909 0.028780 0.036716
0.0 0.796270 0.160016 0.031373 0.065100
0.0 0.835147 0.229581 0.018057 0.030622
0.0 0.771716 0.482479 0.017090 0.044865
0.0 0.877644 0.497806 0.031537 0.034844
0.0 0.895582 0.537503 0.025585 0.040795
0.0 0.952547 0.378395 0.043448 0.085773
0.0 0.910521 0.401522 0.056165 0.095183
0.0 0.995521 0.330750 0.008958 0.046412
0.0 0.578343 0.864191 0.020041 0.028638
0.0 0.507475 0.890249 0.078893 0.084845
0.0 0.313360 0.824271 0.031557 0.045445
0.0 0.817028 0.474826 0.036745 0.044681
0.0 0.796949 0.766362 0.025453 0.029421
0.0 0.682398 0.630590 0.030774 0.040032
0.0 0.817185 0.326445 0.013194 0.028404
0.0 0.854045 0.349934 0.017619 0.032830
0.0 0.580841 0.765090 0.022706 0.036594
0.0 0.568316 0.971675 0.024151 0.041345
