0.0 0.777975 0.041826 0.054301 0.060241
0.0 0.390608 0.271780 0.036642 0.049264
0.0 0.392682 0.454908 0.045339 0.052022
0.0 0.432348 0.524097 0.075875 0.087756
0.0 0.536204 0.576061 0.063848 0.144782
0.0 0.672902 0.725040 0.054267 0.107728
0.0 0.689108 0.939358 0.031028 0.045878
0.0 0.532568 0.877019 0.022998 0.040818
0.0 0.457841 0.917980 0.037763 0.056325
0.0 0.424531 0.846753 0.022747 0.051705
0.0 0.483207 0.846468 0.022482 0.046243
0.0 0.507892 0.966554 0.018089 0.035909
0.0 0.307889 0.929485 0.041091 0.124995
0.0 0.357233 0.847402 0.021238 0.068759
0.0 0.215342 0.950810 0.013142 0.030220
0.0 0.239962 0.926974 0.009832 0.026167
0.0 0.275658 0.593937 0.039857 0.115593
0.0 0.285973 0.048751 0.096443 0.097502
0.0 0.315723 0.235300 0.024308 0.051781
0.0 0.635047 0.053671 0.042032 0.096236
0.0 0.461576 0.019532 0.038642 0.039065
0.0 0.248155 0.160848 0.024596 0.041674
0.0 0.235936 0.283838 0.017512 0.056122
0.0 0.224994 0.654837 0.022506 0.030674
0.0 0.237273 0.724263 0.023097 0.026810
0.0 0.270308 0.768883 0.012726 0.021636
0.0 0.293986 0.716061 0.021764 0.031416
0.0 0.485144 0.709683 0.058348 0.143737
0.0 0.422007 0.624495 0.084318 0.053132
0.0 0.712951 0.253770 0.027769 0.058955
0.0 0.387085 0.877007 0.019082 0.024280
0.0 0.319482 0.754841 0.015445 0.029553
0.0 0.348813 0.698382 0.012286 0.028622
0.0 0.257215 0.958315 0.012613 0.019295
0.0 0.255413 0.366127 0.012489 0.048872
0.0 0.365533 0.001278 0.012083 0.002556
1.0 0.559711 0.155612 0.115324 0.291299
