0.0 0.546875 0.429688 0.080469 0.100000
0.0 0.624219 0.508594 0.089062 0.075781
0.0 0.711719 0.409375 0.033594 0.060156
0.0 0.745313 0.125000 0.029688 0.047656
0.0 0.619531 0.182031 0.053906 0.089844
0.0 0.233594 0.045313 0.035156 0.090625
0.0 0.564062 0.885938 0.066406 0.075781
0.0 0.626562 0.850781 0.016406 0.025000
0.0 0.743750 0.808594 0.071094 0.054688
0.0 0.749219 0.928906 0.021094 0.033594
0.0 0.764844 0.886719 0.017187 0.025000
0.0 0.596875 0.979688 0.024219 0.040625
0.0 0.631250 0.951563 0.015625 0.032812
0.0 0.388281 0.982031 0.032812 0.035156
0.0 0.432031 0.945312 0.022656 0.035156
0.0 0.478906 0.698438 0.031250 0.075000
0.0 0.375781 0.714844 0.026563 0.052344
0.0 0.243750 0.918750 0.065625 0.153906
0.0 0.222656 0.783594 0.017188 0.035938
0.0 0.231250 0.612500 0.032031 0.044531
0.0 0.357812 0.141406 0.032812 0.042188
0.0 0.244531 0.298438 0.052344 0.080469
0.0 0.678906 0.671875 0.021875 0.046875
0.0 0.697656 0.603906 0.025781 0.041406
0.0 0.737500 0.545313 0.025000 0.059375
0.0 0.691406 0.500000 0.022656 0.029688
0.0 0.762500 0.446875 0.019531 0.044531
0.0 0.700781 0.732031 0.033594 0.056250
0.0 0.575000 0.631250 0.021094 0.144531
0.0 0.514844 0.618750 0.049219 0.135156
0.0 0.358594 0.850781 0.033594 0.052344
0.0 0.650000 0.800000 0.021094 0.025000
0.0 0.614062 0.750781 0.019531 0.025000
0.0 0.315625 0.980469 0.021875 0.039062
0.0 0.716406 0.674219 0.017187 0.042187
0.0 0.604688 0.440625 0.015625 0.022656
0.0 0.656250 0.882812 0.009375 0.030469
0.0 0.682031 0.866406 0.014063 0.020313
0.0 0.507812 0.714063 0.011719 0.032031
3.0 0.307813 0.428906 0.170313 0.175000
