0.0 0.509636 0.885257 0.095317 0.110592
0.0 0.307305 0.838632 0.083116 0.087572
0.0 0.146815 0.958614 0.073363 0.082773
0.0 0.123329 0.769799 0.074236 0.100968
0.0 0.052345 0.776543 0.034693 0.070971
0.0 0.119749 0.529384 0.058143 0.089967
0.0 0.047861 0.393566 0.049100 0.098108
0.0 0.089580 0.410127 0.057731 0.104829
0.0 0.007964 0.099342 0.015928 0.043495
0.0 0.039640 0.089730 0.015473 0.033295
0.0 0.078857 0.096417 0.034263 0.064177
0.0 0.057531 0.156405 0.021056 0.043968
0.0 0.695046 0.027728 0.071793 0.055455
0.0 0.780846 0.107250 0.030680 0.065050
0.0 0.927107 0.223844 0.052531 0.074808
0.0 0.194158 0.171594 0.041991 0.069995
0.0 0.327264 0.198492 0.070460 0.092100
0.0 0.445366 0.431760 0.094874 0.120969
0.0 0.384058 0.526423 0.091154 0.082243
0.0 0.452080 0.639917 0.048661 0.147314
0.0 0.556927 0.686775 0.050342 0.092349
0.0 0.501153 0.621111 0.075217 0.132499
0.0 0.659800 0.685609 0.032663 0.054939
0.0 0.828509 0.716649 0.033772 0.048411
0.0 0.981596 0.670619 0.036809 0.123365
0.0 0.338548 0.762655 0.040554 0.066013
0.0 0.400953 0.820827 0.019662 0.027300
0.0 0.438234 0.866701 0.018153 0.031518
0.0 0.429740 0.762719 0.018759 0.026397
0.0 0.239809 0.929610 0.017486 0.027670
0.0 0.268085 0.932641 0.027407 0.054776
0.0 0.327867 0.961932 0.021559 0.042562
0.0 0.076738 0.876186 0.020565 0.028203
0.0 0.113718 0.874538 0.026844 0.047211
0.0 0.150152 0.888050 0.020892 0.038713
0.0 0.273982 0.444792 0.036542 0.060091
0.0 0.873202 0.452808 0.057520 0.073431
0.0 0.946088 0.502822 0.059477 0.097665
0.0 0.717325 0.257798 0.062908 0.074365
0.0 0.785116 0.557659 0.036778 0.057145
0.0 0.758214 0.933386 0.030293 0.045568
0.0 0.646014 0.921896 0.023232 0.043599
0.0 0.698764 0.956369 0.029463 0.036464
0.0 0.699030 0.815983 0.028590 0.040046
0.0 0.272383 0.577480 0.036499 0.072778
0.0 0.184321 0.503929 0.033699 0.056612
0.0 0.231412 0.496566 0.024905 0.044635
0.0 0.314111 0.534573 0.034839 0.054569
0.0 0.042280 0.526150 0.025984 0.033621
0.0 0.005561 0.341091 0.011121 0.048484
0.0 0.157927 0.250814 0.029184 0.052096
0.0 0.188920 0.722760 0.023632 0.045908
0.0 0.214478 0.783350 0.012704 0.021614
0.0 0.126218 0.658296 0.025777 0.041053
0.0 0.194279 0.859000 0.011564 0.023657
0.0 0.447232 0.969010 0.025008 0.040919
0.0 0.491024 0.983484 0.023098 0.033031
0.0 0.411739 0.901419 0.013104 0.023924
0.0 0.318834 0.671716 0.041045 0.081779
0.0 0.071522 0.296701 0.028827 0.037101
1.0 0.678242 0.393806 0.193090 0.205183
