0.0 0.476831 0.321770 0.073917 0.130041
0.0 0.415905 0.492576 0.094664 0.094664
0.0 0.401077 0.406169 0.107454 0.063802
0.0 0.254673 0.156376 0.061070 0.124816
0.0 0.233677 0.442312 0.056370 0.109723
0.0 0.543171 0.434048 0.082294 0.129410
0.0 0.694066 0.295962 0.063405 0.096664
0.0 0.710595 0.114232 0.048254 0.055876
0.0 0.848143 0.878887 0.072558 0.096116
0.0 0.671745 0.868069 0.058639 0.102291
0.0 0.473443 0.909120 0.030681 0.070868
0.0 0.325651 0.920057 0.285141 0.159887
0.0 0.362029 0.947077 0.026466 0.038938
0.0 0.212689 0.808398 0.031233 0.033311
0.0 0.196184 0.706456 0.033497 0.054283
0.0 0.371538 0.554728 0.065846 0.062381
0.0 0.377539 0.704952 0.033055 0.057306
0.0 0.762377 0.688555 0.029842 0.063101
0.0 0.247381 0.336323 0.024471 0.041794
0.0 0.174976 0.342567 0.028020 0.039106
0.0 0.159706 0.397649 0.034295 0.047460
0.0 0.197282 0.134283 0.012697 0.025169
0.0 0.188999 0.079386 0.027455 0.026762
0.0 0.175194 0.162598 0.019749 0.033607
0.0 0.467423 0.212775 0.022644 0.046203
0.0 0.431389 0.148301 0.047963 0.038956
0.0 0.315288 0.222911 0.043510 0.054596
0.0 0.522911 0.180854 0.027305 0.046706
0.0 0.488894 0.105947 0.027327 0.039799
0.0 0.660686 0.044970 0.025606 0.038078
0.0 0.578171 0.007206 0.016664 0.014412
0.0 0.314913 0.343177 0.016704 0.040955
0.0 0.399511 0.216963 0.019056 0.034300
0.0 0.352576 0.189812 0.018469 0.028863
0.0 0.295796 0.027782 0.028254 0.019939
0.0 0.193435 0.040404 0.016854 0.021012
0.0 0.490250 0.031151 0.015552 0.023174
0.0 0.465835 0.030643 0.019246 0.028947
0.0 0.289176 0.738064 0.034966 0.053674
0.0 0.213745 0.636196 0.012255 0.028192
0.0 0.276672 0.294658 0.020442 0.032914
3.0 0.576577 0.787190 0.152411 0.259809
