0.0 0.387330 0.074049 0.054626 0.141082
0.0 0.521756 0.312193 0.066815 0.166994
0.0 0.693119 0.326539 0.064999 0.111657
0.0 0.749537 0.124659 0.033039 0.060485
0.0 0.425590 0.157915 0.028799 0.056931
0.0 0.522029 0.106169 0.037638 0.067143
0.0 0.538265 0.176473 0.029059 0.039352
0.0 0.593980 0.143603 0.033096 0.054367
0.0 0.308743 0.385827 0.058260 0.126190
0.0 0.393661 0.528578 0.065586 0.090287
0.0 0.444370 0.477826 0.069631 0.125210
0.0 0.445878 0.376546 0.087297 0.052989
0.0 0.372870 0.694475 0.050888 0.062553
0.0 0.687153 0.963471 0.077856 0.073058
0.0 0.222899 0.902820 0.121187 0.147261
0.0 0.299980 0.950287 0.035547 0.062307
0.0 0.208683 0.787921 0.043307 0.063206
1.0 0.575057 0.666776 0.207847 0.498778
0.0 0.546951 0.440948 0.070719 0.154431
0.0 0.581061 0.065032 0.027810 0.048395
0.0 0.292028 0.251762 0.034165 0.043771
0.0 0.345420 0.272891 0.021389 0.039229
