0.0 0.314233 0.875928 0.041022 0.070574
0.0 0.425235 0.815244 0.058064 0.112358
0.0 0.807812 0.901169 0.080225 0.138642
0.0 0.965310 0.635424 0.042509 0.076872
0.0 0.795732 0.188277 0.284584 0.376555
0.0 0.900595 0.200904 0.064209 0.119190
0.0 0.901972 0.377677 0.051929 0.058802
0.0 0.737817 0.207755 0.039753 0.052811
0.0 0.589073 0.282198 0.054193 0.065189
0.0 0.500394 0.311229 0.044968 0.064898
0.0 0.473673 0.572215 0.073693 0.094998
0.0 0.412458 0.381065 0.045232 0.140761
0.0 0.384391 0.499875 0.089039 0.095224
0.0 0.468633 0.384067 0.057490 0.120718
0.0 0.148057 0.695228 0.043706 0.073946
0.0 0.111802 0.715108 0.036454 0.070817
0.0 0.082997 0.896125 0.065634 0.058074
0.0 0.227395 0.227693 0.077130 0.091562
0.0 0.270375 0.486200 0.023922 0.061721
0.0 0.312099 0.603306 0.020834 0.041452
0.0 0.394339 0.126788 0.061606 0.089784
0.0 0.044657 0.149544 0.072852 0.101030
