0.0 0.484343 0.343702 0.044401 0.137351
0.0 0.282138 0.165378 0.040850 0.079760
0.0 0.708749 0.139603 0.051015 0.060382
0.0 0.696733 0.323833 0.054135 0.091603
0.0 0.537693 0.198674 0.023123 0.039695
0.0 0.449909 0.166879 0.045112 0.043671
0.0 0.386612 0.544555 0.054131 0.060616
0.0 0.425909 0.483628 0.074387 0.062137
0.0 0.416708 0.402841 0.102605 0.035594
0.0 0.249565 0.451433 0.048195 0.095030
0.0 0.385810 0.690337 0.036582 0.053875
0.0 0.311667 0.890859 0.252127 0.218283
0.0 0.814275 0.866553 0.080959 0.139322
0.0 0.353736 0.899577 0.041180 0.063517
