0.0 0.193636 0.815298 0.342242 0.369404
0.0 0.258392 0.656664 0.047387 0.064087
0.0 0.266592 0.820036 0.039167 0.059721
0.0 0.087808 0.826051 0.068956 0.139608
0.0 0.133176 0.575348 0.048412 0.083738
0.0 0.084874 0.651506 0.059072 0.089260
0.0 0.015994 0.377284 0.031989 0.056893
0.0 0.157250 0.101677 0.070501 0.108396
0.0 0.104320 0.216621 0.048925 0.086821
0.0 0.300578 0.168096 0.037242 0.052656
0.0 0.411224 0.723084 0.042633 0.076032
0.0 0.591819 0.609054 0.046606 0.144877
0.0 0.536591 0.610332 0.091177 0.129073
0.0 0.511279 0.696124 0.055092 0.078856
0.0 0.527881 0.410611 0.096188 0.123164
0.0 0.618806 0.485758 0.094521 0.099659
0.0 0.679002 0.823425 0.017079 0.030567
0.0 0.621201 0.861564 0.078850 0.104542
0.0 0.794347 0.750358 0.087714 0.090284
0.0 0.729632 0.604318 0.051750 0.099279
0.0 0.732833 0.690114 0.039425 0.052271
0.0 0.942192 0.629902 0.076668 0.095936
0.0 0.978056 0.818839 0.043889 0.128048
0.0 0.943699 0.919527 0.029795 0.030437
0.0 0.704036 0.921425 0.016692 0.041742
0.0 0.671409 0.953787 0.024911 0.050603
0.0 0.465134 0.987864 0.049702 0.024272
0.0 0.401943 0.989882 0.034546 0.020235
0.0 0.694084 0.367091 0.031333 0.053171
0.0 0.796187 0.399983 0.034285 0.070896
0.0 0.736581 0.493863 0.044174 0.076289
0.0 0.563489 0.153614 0.074356 0.095551
0.0 0.678833 0.090051 0.045203 0.064472
0.0 0.906822 0.008178 0.037750 0.016355
0.0 0.909766 0.054759 0.053167 0.062801
0.0 0.892791 0.238165 0.052264 0.097866
0.0 0.858494 0.270013 0.048284 0.078472
0.0 0.941836 0.385230 0.027220 0.073465
0.0 0.871194 0.403332 0.064336 0.102874
0.0 0.814497 0.876100 0.024014 0.040713
0.0 0.877565 0.826788 0.062415 0.059846
0.0 0.987146 0.724952 0.025708 0.048674
0.0 0.958232 0.754745 0.028381 0.039942
0.0 0.217201 0.347512 0.072556 0.107240
0.0 0.751619 0.403446 0.031077 0.047134
0.0 0.789270 0.244317 0.030307 0.042510
0.0 0.768751 0.009518 0.038909 0.019036
0.0 0.418399 0.866035 0.042248 0.073720
3.0 0.292580 0.457720 0.197903 0.207537
