0.0 0.124490 0.642792 0.103426 0.122221
0.0 0.218416 0.647148 0.075745 0.077833
0.0 0.116649 0.961066 0.076262 0.077868
0.0 0.196929 0.923517 0.090492 0.093973
0.0 0.064250 0.795950 0.056497 0.062762
0.0 0.046301 0.608520 0.054263 0.048694
0.0 0.763512 0.722337 0.044339 0.071488
0.0 0.843873 0.641703 0.034707 0.052806
0.0 0.952595 0.576968 0.067683 0.081605
0.0 0.691896 0.585268 0.044275 0.056109
0.0 0.678718 0.632198 0.046995 0.037945
0.0 0.579275 0.476820 0.032473 0.038739
0.0 0.773790 0.821022 0.041992 0.048953
0.0 0.589388 0.762465 0.026953 0.037395
0.0 0.599523 0.731561 0.031211 0.033995
0.0 0.723697 0.189218 0.054538 0.058715
0.0 0.860427 0.091717 0.051429 0.095285
0.0 0.170883 0.846897 0.029576 0.033056
0.0 0.212231 0.693350 0.055963 0.065012
0.0 0.214593 0.776364 0.031988 0.034076
0.0 0.343565 0.853262 0.029042 0.035307
