0.0 0.570869 0.630673 0.023086 0.145588
0.0 0.516380 0.615861 0.064296 0.132096
0.0 0.139874 0.800507 0.279748 0.392886
0.0 0.614822 0.502358 0.092513 0.082497
0.0 0.541865 0.409941 0.086950 0.132407
3.0 0.305961 0.405921 0.176690 0.183624
0.0 0.738710 0.811900 0.075113 0.066638
0.0 0.733774 0.545401 0.025909 0.066743
0.0 0.711370 0.413049 0.028167 0.060526
0.0 0.970318 0.275185 0.020890 0.042462
0.0 0.930616 0.321519 0.034096 0.094192
0.0 0.892819 0.342877 0.045439 0.067011
0.0 0.891552 0.492093 0.021607 0.037786
0.0 0.870118 0.459764 0.030275 0.043372
0.0 0.814077 0.444150 0.019926 0.029172
0.0 0.764713 0.454411 0.022506 0.046390
0.0 0.916030 0.701042 0.052555 0.073357
0.0 0.986250 0.708257 0.022602 0.053420
0.0 0.371335 0.709191 0.034288 0.051238
0.0 0.472257 0.699638 0.029933 0.075390
0.0 0.618611 0.852443 0.020740 0.031526
0.0 0.547790 0.888974 0.053218 0.064775
0.0 0.581787 0.916787 0.015250 0.029888
0.0 0.937942 0.812291 0.020098 0.041670
0.0 0.907230 0.829840 0.021607 0.037786
0.0 0.824412 0.886521 0.020718 0.029964
0.0 0.796921 0.897082 0.016877 0.034597
0.0 0.761779 0.895818 0.020654 0.025276
0.0 0.741007 0.929130 0.016855 0.033035
0.0 0.939267 0.886535 0.021746 0.047941
0.0 0.910769 0.913490 0.032126 0.064485
0.0 0.935477 0.934925 0.018600 0.046336
0.0 0.692206 0.727660 0.028637 0.037883
0.0 0.208014 0.767892 0.027150 0.043329
0.0 0.034015 0.750658 0.052995 0.105385
0.0 0.227452 0.604081 0.031152 0.050414
0.0 0.120861 0.514328 0.038472 0.071602
0.0 0.030059 0.298999 0.033571 0.055914
0.0 0.064540 0.576061 0.046829 0.054534
0.0 0.160220 0.151553 0.028841 0.052725
0.0 0.230465 0.045002 0.058302 0.090004
0.0 0.360469 0.134769 0.032629 0.044186
0.0 0.622419 0.176650 0.055134 0.090575
0.0 0.748907 0.126038 0.031912 0.048862
0.0 0.419184 0.183236 0.019231 0.035410
0.0 0.793250 0.196965 0.024678 0.033923
0.0 0.990311 0.050485 0.019377 0.087054
0.0 0.979679 0.141722 0.040642 0.043544
0.0 0.926804 0.030033 0.027813 0.034747
0.0 0.691356 0.504971 0.021510 0.030755
0.0 0.829256 0.306064 0.021521 0.031537
0.0 0.625018 0.954884 0.020718 0.029964
0.0 0.379289 0.983545 0.030092 0.030092
0.0 0.309861 0.975560 0.026326 0.040194
0.0 0.823325 0.738054 0.019242 0.036191
0.0 0.586343 0.982564 0.024710 0.034871
0.0 0.353824 0.846464 0.032650 0.045748
0.0 0.895610 0.025698 0.020772 0.033869
0.0 0.850388 0.018827 0.019905 0.027609
0.0 0.883024 0.088813 0.020793 0.035432
