1.0 0.591978 0.227377 0.179411 0.296948
0.0 0.346906 0.087016 0.305677 0.174033
0.0 0.389477 0.051674 0.049689 0.062396
0.0 0.217426 0.551414 0.061971 0.124234
0.0 0.415089 0.518493 0.089827 0.099993
0.0 0.369980 0.454316 0.055076 0.063336
0.0 0.391790 0.288408 0.035593 0.045759
0.0 0.386196 0.602274 0.108645 0.066713
0.0 0.540125 0.560929 0.085819 0.111233
0.0 0.681970 0.707015 0.065468 0.097235
0.0 0.686280 0.900479 0.039746 0.052453
0.0 0.872827 0.149491 0.093195 0.136398
0.0 0.224595 0.842129 0.070571 0.126481
0.0 0.409154 0.843402 0.037034 0.049741
0.0 0.465267 0.676342 0.087342 0.141346
