1.0 0.583594 0.646875 0.141406 0.460156
0.0 0.336719 0.068750 0.047656 0.121875
0.0 0.697656 0.094531 0.053906 0.062500
0.0 0.487500 0.302344 0.051563 0.146094
0.0 0.475781 0.098438 0.019531 0.047656
0.0 0.285156 0.400781 0.040625 0.130469
0.0 0.387500 0.550000 0.050000 0.069531
0.0 0.438281 0.471875 0.078906 0.114063
0.0 0.385156 0.692969 0.034375 0.075000
0.0 0.264844 0.911719 0.117188 0.176563
0.0 0.343750 0.980469 0.031250 0.039062
0.0 0.742188 0.961719 0.065625 0.076563
0.0 0.675000 0.295312 0.050781 0.122656
