0.0 0.745050 0.057670 0.050191 0.101183
0.0 0.569868 0.205935 0.015496 0.026151
0.0 0.626566 0.161506 0.031013 0.053084
0.0 0.815905 0.169962 0.020099 0.053586
0.0 0.939665 0.303568 0.025147 0.037324
0.0 0.855811 0.508898 0.032913 0.066401
0.0 0.840414 0.793759 0.267789 0.400977
0.0 0.938206 0.736559 0.044863 0.106510
0.0 0.972606 0.767723 0.021944 0.034121
0.0 0.951044 0.872213 0.015875 0.040990
0.0 0.779222 0.753900 0.026849 0.042831
0.0 0.758035 0.597358 0.030734 0.042150
0.0 0.913717 0.573068 0.034455 0.065659
0.0 0.736467 0.303281 0.047031 0.069102
0.0 0.457615 0.431527 0.078789 0.090205
0.0 0.388497 0.509878 0.076247 0.082335
0.0 0.434500 0.628274 0.023812 0.137973
0.0 0.487269 0.613643 0.045421 0.128378
0.0 0.528211 0.686841 0.029008 0.066301
0.0 0.623891 0.700031 0.029172 0.042110
0.0 0.379647 0.193594 0.052817 0.081738
0.0 0.261362 0.152066 0.027207 0.056889
0.0 0.160746 0.067886 0.017154 0.060535
0.0 0.089416 0.059546 0.019501 0.030156
0.0 0.122058 0.052461 0.012392 0.026853
0.0 0.027574 0.086131 0.023139 0.080980
0.0 0.001621 0.165028 0.003241 0.018202
0.0 0.038958 0.164773 0.032276 0.041409
0.0 0.030187 0.311138 0.017317 0.036344
0.0 0.020302 0.260592 0.012631 0.036225
0.0 0.053020 0.287110 0.008547 0.029096
0.0 0.090280 0.338520 0.032371 0.075753
0.0 0.126182 0.367302 0.038659 0.077474
0.0 0.217678 0.216482 0.022306 0.017740
0.0 0.015611 0.444365 0.013572 0.042493
0.0 0.127748 0.489958 0.019481 0.029375
0.0 0.148978 0.464408 0.024067 0.025590
0.0 0.205752 0.453582 0.009268 0.026773
0.0 0.249727 0.461838 0.016636 0.040229
0.0 0.296371 0.421573 0.024948 0.029514
0.0 0.276029 0.543225 0.020099 0.053586
0.0 0.318968 0.510870 0.021143 0.033320
0.0 0.186024 0.323574 0.010810 0.026032
0.0 0.277117 0.800312 0.083718 0.069258
0.0 0.317298 0.721137 0.031813 0.053885
0.0 0.108095 0.699902 0.051474 0.090289
0.0 0.021381 0.731812 0.022824 0.038046
0.0 0.042531 0.703138 0.018979 0.040289
0.0 0.131984 0.257743 0.024207 0.031057
0.0 0.087466 0.871578 0.025187 0.038886
0.0 0.096571 0.922144 0.017616 0.048059
0.0 0.114658 0.895893 0.026566 0.062336
0.0 0.165311 0.981393 0.017377 0.037215
0.0 0.190681 0.992448 0.009169 0.015104
0.0 0.395262 0.989549 0.011412 0.019023
0.0 0.422661 0.960716 0.026948 0.046736
0.0 0.453211 0.871626 0.065034 0.071122
0.0 0.572536 0.923288 0.012974 0.019063
0.0 0.618750 0.958058 0.026689 0.036583
0.0 0.685095 0.954803 0.022461 0.054427
0.0 0.642699 0.824592 0.022083 0.039588
0.0 0.275981 0.908971 0.020884 0.023167
0.0 0.200069 0.874176 0.018780 0.032479
0.0 0.225061 0.873539 0.013373 0.034683
0.0 0.050309 0.793594 0.011631 0.027614
0.0 0.071755 0.807114 0.013034 0.021406
0.0 0.089638 0.803532 0.016676 0.041791
0.0 0.122778 0.815972 0.021724 0.025530
0.0 0.356208 0.867849 0.010591 0.017441
0.0 0.388955 0.834190 0.015496 0.026151
0.0 0.387480 0.929571 0.023127 0.019322
0.0 0.398578 0.445537 0.009229 0.025211
0.0 0.297001 0.660698 0.017537 0.044935
0.0 0.318195 0.603107 0.022565 0.027893
0.0 0.068536 0.466460 0.017879 0.027773
0.0 0.177628 0.668432 0.006706 0.018122
