0.0 0.198656 0.815106 0.343169 0.369788
0.0 0.603101 0.884618 0.073577 0.087112
0.0 0.259950 0.817873 0.039933 0.068358
0.0 0.084855 0.821960 0.080804 0.120057
0.0 0.011306 0.358713 0.022612 0.069122
0.0 0.166993 0.084680 0.077474 0.099808
0.0 0.580139 0.169326 0.072377 0.119751
0.0 0.695423 0.097222 0.045543 0.064493
0.0 0.866003 0.281133 0.054812 0.101510
0.0 0.908041 0.271079 0.041516 0.086860
0.0 0.931255 0.081497 0.044648 0.051416
0.0 0.591906 0.634823 0.046987 0.166101
0.0 0.625568 0.490380 0.114163 0.088445
0.0 0.537856 0.425900 0.098161 0.130646
0.0 0.499863 0.697681 0.052072 0.085911
0.0 0.527620 0.612261 0.071132 0.127982
0.0 0.416814 0.750735 0.055270 0.087079
0.0 0.788499 0.787875 0.069134 0.094175
0.0 0.975469 0.848476 0.049062 0.102318
0.0 0.740538 0.515179 0.030152 0.069405
3.0 0.296620 0.454910 0.192074 0.215761
0.0 0.939139 0.653013 0.076033 0.106488
