0.0 0.664062 0.924219 0.216406 0.151562
0.0 0.652344 0.710938 0.165625 0.235156
0.0 0.515625 0.641406 0.097656 0.400000
0.0 0.400000 0.581250 0.088281 0.170313
0.0 0.219531 0.585156 0.088281 0.178125
0.0 0.180469 0.060938 0.080469 0.121875
0.0 0.623438 0.400781 0.111719 0.207031
0.0 0.488281 0.278906 0.094531 0.202344
0.0 0.371875 0.207031 0.103125 0.228906
0.0 0.681250 0.140625 0.109375 0.281250
0.0 0.803125 0.385156 0.082031 0.151562
0.0 0.964844 0.644531 0.070312 0.160156
0.0 0.846875 0.904688 0.068750 0.182031
0.0 0.971875 0.908594 0.028906 0.088281
0.0 0.706250 0.467969 0.047656 0.235156
0.0 0.410156 0.407812 0.072656 0.127344
0.0 0.507812 0.417188 0.041406 0.062500
0.0 0.592969 0.248438 0.032812 0.085156
0.0 0.517187 0.096875 0.068750 0.193750
0.0 0.259375 0.051562 0.024219 0.084375
0.0 0.407813 0.693750 0.046875 0.035937
0.0 0.618750 0.542188 0.100000 0.076563
