0.0 0.112182 0.894717 0.054945 0.094414
0.0 0.176564 0.983912 0.011754 0.032175
0.0 0.201401 0.991376 0.010014 0.017248
0.0 0.016731 0.091211 0.021661 0.064853
0.0 0.036056 0.171661 0.038217 0.035238
0.0 0.284807 0.804695 0.081361 0.059020
0.0 0.204267 0.873295 0.024664 0.028387
0.0 0.233572 0.881337 0.018456 0.028882
0.0 0.264718 0.878347 0.008877 0.023770
0.0 0.285837 0.912573 0.016115 0.028775
0.0 0.396986 0.931727 0.014197 0.020899
0.0 0.405838 0.985806 0.019451 0.028387
0.0 0.432755 0.961372 0.016687 0.041262
0.0 0.462876 0.867708 0.064835 0.072282
0.0 0.520526 0.982379 0.029525 0.032504
0.0 0.584039 0.917687 0.020088 0.030514
0.0 0.629566 0.955487 0.027220 0.033177
0.0 0.689904 0.940993 0.021649 0.030586
0.0 0.649281 0.822415 0.026725 0.039385
0.0 0.626214 0.694430 0.024884 0.050204
0.0 0.846402 0.789143 0.270730 0.401796
0.0 0.783349 0.744325 0.025128 0.038533
0.0 0.945851 0.723588 0.055517 0.106901
0.0 0.935560 0.293921 0.025945 0.039349
0.0 0.856628 0.500092 0.035637 0.063936
0.0 0.915148 0.565452 0.035494 0.060814
0.0 0.759138 0.591366 0.030985 0.047368
0.0 0.720013 0.915370 0.018206 0.023419
0.0 0.960160 0.865269 0.011009 0.036329
0.0 0.977968 0.758874 0.018170 0.022638
0.0 0.277696 0.546938 0.027333 0.052652
0.0 0.315109 0.510031 0.021113 0.018879
0.0 0.295641 0.426459 0.020625 0.042221
0.0 0.202781 0.465123 0.010806 0.065914
0.0 0.249285 0.455954 0.018462 0.046016
0.0 0.436754 0.621771 0.028958 0.139173
0.0 0.491843 0.612209 0.048320 0.119811
0.0 0.531210 0.686267 0.031241 0.069965
0.0 0.370154 0.789837 0.009234 0.031575
0.0 0.396492 0.835555 0.014018 0.016997
0.0 0.303032 0.673254 0.011754 0.035584
0.0 0.321285 0.730292 0.025843 0.054142
0.0 0.198615 0.732781 0.014870 0.018593
0.0 0.112011 0.703118 0.053879 0.088135
0.0 0.026920 0.740644 0.018313 0.025760
0.0 0.045746 0.707717 0.017431 0.040517
0.0 0.057946 0.803353 0.011254 0.024658
0.0 0.077141 0.812640 0.015048 0.022495
0.0 0.092642 0.809584 0.014625 0.030264
0.0 0.126987 0.825217 0.014161 0.020118
0.0 0.389500 0.512099 0.079627 0.072181
0.0 0.454819 0.435593 0.082010 0.090202
0.0 0.373536 0.197656 0.061820 0.074480
0.0 0.253511 0.155447 0.022579 0.050877
0.0 0.047274 0.297061 0.013845 0.030228
0.0 0.029794 0.325234 0.022144 0.024378
0.0 0.086879 0.342171 0.028405 0.076065
0.0 0.123994 0.367062 0.041464 0.089124
0.0 0.183331 0.330716 0.016431 0.018665
0.0 0.812133 0.160365 0.030955 0.063721
0.0 0.739798 0.050276 0.052961 0.100552
0.0 0.618616 0.152804 0.033535 0.035024
0.0 0.564569 0.202203 0.013702 0.027106
0.0 0.146554 0.466916 0.028566 0.028566
0.0 0.130034 0.498955 0.023282 0.032218
0.0 0.401676 0.743816 0.012463 0.034059
0.0 0.010753 0.455929 0.014518 0.027923
0.0 0.033588 0.425165 0.017676 0.028846
0.0 0.111795 0.066524 0.012463 0.034059
0.0 0.151811 0.069384 0.021697 0.065634
0.0 0.079833 0.068770 0.025551 0.030764
0.0 0.211886 0.219918 0.013100 0.030973
0.0 0.125269 0.258296 0.010116 0.016818
0.0 0.018028 0.256168 0.019743 0.056977
0.0 0.320321 0.606769 0.023282 0.032218
0.0 0.335387 0.679593 0.011182 0.023097
