0.0 0.328619 0.938564 0.075101 0.091271
0.0 0.157531 0.818579 0.047350 0.059478
0.0 0.212777 0.872261 0.023473 0.028190
0.0 0.340593 0.816432 0.018792 0.021487
0.0 0.357657 0.721749 0.019264 0.019264
0.0 0.012503 0.625567 0.023910 0.037385
0.0 0.316666 0.480052 0.018522 0.025260
0.0 0.231782 0.442205 0.015121 0.022532
0.0 0.097768 0.025898 0.032830 0.051797
0.0 0.214768 0.415565 0.027713 0.060727
0.0 0.297283 0.610674 0.066173 0.104577
0.0 0.405862 0.768998 0.007611 0.011653
0.0 0.425333 0.788868 0.008587 0.013304
0.0 0.360157 0.781164 0.008991 0.016402
0.0 0.375550 0.783957 0.006465 0.014550
0.0 0.321589 0.762745 0.014818 0.020208
0.0 0.304119 0.842406 0.009362 0.013405
0.0 0.284446 0.824085 0.007409 0.010104
0.0 0.314599 0.876861 0.005859 0.009902
0.0 0.277282 0.897210 0.008756 0.008756
0.0 0.371972 0.968637 0.005859 0.009902
0.0 0.423123 0.878395 0.016670 0.022734
0.0 0.429030 0.972132 0.007038 0.013102
0.0 0.613475 0.979528 0.025424 0.040945
0.0 0.644829 0.954553 0.014717 0.019433
0.0 0.548703 0.972755 0.026471 0.027819
0.0 0.510939 0.930018 0.012696 0.021454
0.0 0.555635 0.925599 0.009261 0.012630
0.0 0.589777 0.844959 0.025459 0.037587
0.0 0.441630 0.990318 0.010137 0.013506
0.0 0.704910 0.898565 0.015491 0.019534
0.0 0.650746 0.878902 0.007510 0.010879
0.0 0.640443 0.903559 0.008216 0.016302
0.0 0.721999 0.985092 0.008587 0.013304
0.0 0.782592 0.979594 0.008721 0.020175
0.0 0.757521 0.899905 0.009463 0.014179
0.0 0.652291 0.842862 0.008789 0.014853
0.0 0.643928 0.774017 0.008115 0.015527
0.0 0.549510 0.724686 0.007712 0.012428
0.0 0.516465 0.706199 0.011214 0.015931
0.0 0.504113 0.770770 0.009766 0.016503
0.0 0.465504 0.704287 0.009564 0.014954
0.0 0.442599 0.692636 0.009463 0.014179
0.0 0.434206 0.648210 0.009395 0.019501
0.0 0.553732 0.565302 0.015290 0.017985
0.0 0.534834 0.547083 0.011315 0.016705
0.0 0.602831 0.496853 0.009160 0.011855
0.0 0.614883 0.452728 0.010911 0.013607
0.0 0.698450 0.464404 0.011618 0.019029
0.0 0.690001 0.505060 0.010137 0.013506
0.0 0.892829 0.707966 0.012494 0.019905
0.0 0.869498 0.294454 0.008284 0.010980
0.0 0.866712 0.364210 0.005860 0.009902
0.0 0.897225 0.347702 0.006230 0.006904
0.0 0.732239 0.265540 0.007780 0.007106
0.0 0.688795 0.308727 0.006331 0.007679
0.0 0.703615 0.309870 0.004949 0.020445
0.0 0.826248 0.765471 0.011012 0.014381
0.0 0.802025 0.727649 0.010742 0.018154
0.0 0.555599 0.188164 0.021989 0.040181
0.0 0.573443 0.129824 0.007543 0.016975
0.0 0.240780 0.005991 0.018050 0.011982
0.0 0.122342 0.151409 0.029297 0.049510
0.0 0.063512 0.246165 0.012897 0.023004
0.0 0.055306 0.091464 0.011820 0.020579
0.0 0.162732 0.675867 0.011113 0.015156
0.0 0.122660 0.741553 0.015625 0.026405
