0.0 0.389015 0.041792 0.065262 0.083584
0.0 0.202590 0.138348 0.040899 0.054890
0.0 0.265321 0.092568 0.020442 0.025883
0.0 0.384490 0.165042 0.016504 0.019613
0.0 0.388696 0.261158 0.017273 0.017273
0.0 0.033758 0.310160 0.019707 0.035254
0.0 0.315643 0.495951 0.015742 0.023516
0.0 0.226452 0.521285 0.012606 0.021156
0.0 0.036129 0.928149 0.023809 0.074335
0.0 0.205234 0.546179 0.020606 0.058695
0.0 0.442805 0.220804 0.006305 0.010969
0.0 0.464762 0.204507 0.007094 0.012535
0.0 0.399146 0.202616 0.007109 0.015660
0.0 0.414775 0.201913 0.004758 0.014086
0.0 0.358451 0.216474 0.012594 0.018812
0.0 0.351827 0.135190 0.007875 0.012539
0.0 0.329878 0.149924 0.006297 0.009406
0.0 0.366843 0.100890 0.004734 0.009398
0.0 0.332594 0.075718 0.007852 0.007852
0.0 0.435226 0.018419 0.004734 0.009398
0.0 0.474587 0.114711 0.014168 0.021164
0.0 0.493014 0.023396 0.005531 0.012527
0.0 0.677332 0.035258 0.019766 0.046972
0.0 0.704507 0.068989 0.012590 0.018031
0.0 0.611692 0.038054 0.023563 0.025117
0.0 0.568536 0.075338 0.010258 0.020363
0.0 0.613016 0.085718 0.007871 0.011758
0.0 0.635249 0.170205 0.021270 0.035262
0.0 0.507940 0.007065 0.008656 0.012543
0.0 0.756537 0.131750 0.013371 0.018035
0.0 0.700217 0.145530 0.006301 0.010187
0.0 0.694100 0.118937 0.006328 0.015656
0.0 0.785080 0.048298 0.007094 0.012535
0.0 0.815678 0.022670 0.008699 0.021137
0.0 0.844388 0.061877 0.006348 0.019562
0.0 0.808067 0.138259 0.007879 0.013320
0.0 0.697693 0.181456 0.007102 0.014098
0.0 0.679396 0.246990 0.006324 0.014875
0.0 0.578432 0.283203 0.006309 0.011750
0.0 0.543979 0.298655 0.009449 0.014891
0.0 0.540409 0.231449 0.007891 0.015664
0.0 0.493225 0.292932 0.007883 0.014102
0.0 0.468964 0.301404 0.007879 0.013320
0.0 0.454682 0.345083 0.007125 0.018785
0.0 0.562008 0.442498 0.013363 0.016473
0.0 0.541617 0.458021 0.009453 0.015672
0.0 0.601483 0.516134 0.007867 0.010977
0.0 0.607502 0.562258 0.009438 0.012547
0.0 0.691880 0.561900 0.009465 0.018016
0.0 0.688966 0.519698 0.008656 0.012543
0.0 0.917958 0.347406 0.010250 0.018801
0.0 0.838574 0.754044 0.007082 0.010191
0.0 0.845173 0.684545 0.004734 0.009398
0.0 0.872422 0.703432 0.005500 0.006277
0.0 0.698682 0.763499 0.007063 0.006285
0.0 0.660640 0.715652 0.005504 0.007059
0.0 0.676265 0.715730 0.002446 0.020324
0.0 0.858916 0.280703 0.009441 0.013328
0.0 0.829842 0.314151 0.008680 0.017230
0.0 0.513257 0.816477 0.017379 0.038367
0.0 0.523112 0.876683 0.005551 0.016433
0.0 0.175799 0.963224 0.014973 0.025855
0.0 0.078986 0.794768 0.023672 0.046992
0.0 0.034183 0.692980 0.010266 0.021926
0.0 0.004627 0.844395 0.009254 0.019578
0.0 0.189378 0.280471 0.009445 0.014109
0.0 0.158481 0.210003 0.012625 0.025062
