0.0 0.536529 0.038560 0.077716 0.077120
0.0 0.735102 0.095643 0.049070 0.060627
0.0 0.666640 0.060334 0.024278 0.028772
0.0 0.560566 0.150899 0.019397 0.021965
0.0 0.571755 0.246454 0.019782 0.019782
0.0 0.929964 0.238177 0.025050 0.037891
0.0 0.681219 0.465807 0.019269 0.025689
0.0 0.773438 0.477351 0.015801 0.022863
0.0 0.797459 0.497897 0.029678 0.061138
0.0 0.661804 0.335190 0.069370 0.105966
0.0 0.511899 0.215254 0.007965 0.011817
0.0 0.487494 0.201900 0.008992 0.013487
0.0 0.552095 0.190331 0.009507 0.016569
0.0 0.536555 0.192131 0.006938 0.014642
0.0 0.594352 0.196746 0.015415 0.020551
0.0 0.587917 0.115446 0.009763 0.013615
0.0 0.612065 0.127259 0.007708 0.010276
0.0 0.567876 0.085524 0.006166 0.010019
0.0 0.597669 0.055208 0.008992 0.008992
0.0 0.486307 0.014383 0.006166 0.010019
0.0 0.463590 0.115595 0.017342 0.023120
0.0 0.430696 0.027621 0.007451 0.013230
0.0 0.250892 0.070291 0.026979 0.049450
0.0 0.229321 0.107156 0.015287 0.019781
0.0 0.316008 0.061804 0.027232 0.028516
0.0 0.364562 0.091722 0.013360 0.021707
0.0 0.323080 0.108939 0.009634 0.012845
0.0 0.313846 0.196020 0.026591 0.038148
0.0 0.413355 0.013881 0.010534 0.013744
0.0 0.188104 0.178188 0.016057 0.019909
0.0 0.245644 0.181261 0.007836 0.011046
0.0 0.248337 0.154674 0.008736 0.016440
0.0 0.146606 0.100362 0.008992 0.013487
0.0 0.112182 0.079175 0.011948 0.022220
0.0 0.090226 0.123233 0.009379 0.020293
0.0 0.137374 0.192196 0.009892 0.014386
0.0 0.254640 0.216194 0.009249 0.015028
0.0 0.282650 0.279638 0.008607 0.015670
0.0 0.387329 0.299400 0.008093 0.012587
0.0 0.424320 0.307486 0.011690 0.016184
0.0 0.417374 0.242112 0.010277 0.016698
0.0 0.473637 0.294506 0.010020 0.015156
0.0 0.498940 0.298997 0.009892 0.014386
0.0 0.519882 0.339066 0.010021 0.019651
0.0 0.429609 0.453132 0.015800 0.018368
0.0 0.452987 0.465073 0.011818 0.016955
0.0 0.402522 0.532896 0.009506 0.012074
0.0 0.403814 0.578619 0.011304 0.013872
0.0 0.320460 0.591733 0.012204 0.019267
0.0 0.316729 0.550377 0.010534 0.013744
0.0 0.063687 0.415174 0.013103 0.020166
0.0 0.206186 0.804057 0.008607 0.011175
0.0 0.188579 0.736502 0.006166 0.010019
0.0 0.164180 0.761166 0.006423 0.007065
0.0 0.345923 0.791833 0.007964 0.007322
0.0 0.374941 0.737885 0.006551 0.007835
0.0 0.360428 0.741098 0.005654 0.020421
0.0 0.110683 0.340801 0.011433 0.014643
0.0 0.144852 0.369951 0.011305 0.018367
0.0 0.537426 0.814535 0.023253 0.040588
0.0 0.537307 0.875543 0.008094 0.017083
0.0 0.893852 0.904769 0.018884 0.027872
0.0 0.962665 0.723791 0.030832 0.050093
0.0 0.991418 0.616028 0.013618 0.023248
0.0 0.771601 0.233707 0.011561 0.015414
0.0 0.790854 0.159211 0.016444 0.026716
