0.0 0.888281 0.396875 0.092188 0.113281
0.0 0.795312 0.382812 0.068750 0.071094
0.0 0.929687 0.075000 0.067969 0.083594
0.0 0.845313 0.110156 0.082031 0.085938
0.0 0.964063 0.250781 0.050781 0.057812
0.0 0.962500 0.439062 0.050000 0.043750
0.0 0.260938 0.251562 0.037500 0.067969
0.0 0.172656 0.323438 0.029688 0.050000
0.0 0.057813 0.376562 0.060156 0.075781
0.0 0.317969 0.395312 0.039062 0.052344
0.0 0.335938 0.350000 0.043750 0.033594
0.0 0.418750 0.514844 0.028906 0.035938
0.0 0.260938 0.152344 0.037500 0.045313
0.0 0.438281 0.229688 0.023438 0.035156
0.0 0.425000 0.259375 0.028125 0.031250
0.0 0.245313 0.785938 0.049219 0.053906
0.0 0.099219 0.868750 0.042187 0.091406
0.0 0.863281 0.189062 0.026563 0.030469
0.0 0.806250 0.337500 0.050000 0.060156
0.0 0.812500 0.254687 0.028906 0.031250
0.0 0.692187 0.164844 0.025781 0.032812
