0.0 0.476562 0.410156 0.056250 0.102344
0.0 0.449219 0.557031 0.095312 0.079687
0.0 0.417188 0.393750 0.023438 0.110156
0.0 0.369531 0.496875 0.101562 0.086719
0.0 0.521094 0.338281 0.046875 0.067188
0.0 0.368750 0.759375 0.051563 0.071875
0.0 0.225000 0.252344 0.071094 0.073437
0.0 0.433594 0.177344 0.064062 0.060938
0.0 0.797656 0.872656 0.065625 0.092187
1.0 0.610938 0.631250 0.323438 0.221875
0.0 0.235156 0.464844 0.023438 0.046094
0.0 0.261719 0.567969 0.019531 0.029688
0.0 0.640625 0.332031 0.030469 0.039062
0.0 0.793750 0.154688 0.085156 0.157812
0.0 0.821094 0.285937 0.027344 0.038281
0.0 0.704688 0.118750 0.019531 0.025000
0.0 0.657813 0.787500 0.032812 0.035937
0.0 0.228906 0.796875 0.029688 0.039062
0.0 0.360156 0.090625 0.019531 0.026562
