0.0 0.566129 0.386084 0.040622 0.124911
0.0 0.507327 0.407902 0.070532 0.112334
0.0 0.634434 0.472489 0.106791 0.095141
0.0 0.453473 0.344192 0.036198 0.060868
0.0 0.340141 0.350358 0.044099 0.056434
0.0 0.241318 0.904640 0.070481 0.118451
0.0 0.166275 0.195275 0.101893 0.171106
0.0 0.155723 0.327078 0.031220 0.064113
0.0 0.527715 0.185280 0.081658 0.070008
0.0 0.744069 0.226065 0.076679 0.073253
0.0 0.802444 0.765907 0.033185 0.061281
0.0 0.662529 0.739785 0.076760 0.087039
0.0 0.551990 0.554489 0.096895 0.082504
3.0 0.403678 0.644974 0.353064 0.276999
0.0 0.188495 0.445953 0.032923 0.045943
0.0 0.755999 0.442550 0.030676 0.059457
0.0 0.741819 0.543314 0.028227 0.038506
0.0 0.698054 0.296728 0.040955 0.049178
0.0 0.795936 0.501594 0.020689 0.046044
