3.0 0.489281 0.842325 0.161849 0.315349
0.0 0.206793 0.893551 0.144998 0.152909
0.0 0.681965 0.962447 0.092073 0.075107
0.0 0.340427 0.693683 0.034920 0.062608
0.0 0.434461 0.451666 0.078570 0.102302
0.0 0.380808 0.521161 0.056017 0.067224
0.0 0.293403 0.363797 0.040582 0.095958
0.0 0.437511 0.355777 0.089934 0.051039
0.0 0.549856 0.440213 0.079775 0.125922
0.0 0.710882 0.295702 0.058611 0.131127
0.0 0.389872 0.047244 0.051335 0.094489
0.0 0.523150 0.272826 0.076435 0.170047
0.0 0.606178 0.127107 0.032965 0.044172
0.0 0.535797 0.074113 0.035806 0.037784
0.0 0.764085 0.095058 0.054721 0.073839
0.0 0.662376 0.775785 0.032625 0.067564
