0.0 0.333594 0.575781 0.261719 0.262500
4.0 0.246094 0.657812 0.043750 0.035156
1.0 0.348437 0.353125 0.080469 0.059375
1.0 0.369531 0.342969 0.025781 0.025781
1.0 0.414062 0.490625 0.057031 0.062500
0.0 0.180469 0.297656 0.248438 0.376562
0.0 0.410937 0.124219 0.196875 0.248437
0.0 0.603906 0.216406 0.212500 0.253906
0.0 0.731250 0.081250 0.439844 0.162500
0.0 0.625781 0.049219 0.235156 0.098438
1.0 0.815625 0.357031 0.089062 0.084375
1.0 0.041406 0.051562 0.082813 0.103125
0.0 0.338281 0.807813 0.266406 0.244531
0.0 0.686719 0.842188 0.457031 0.314844
0.0 0.876562 0.528906 0.203906 0.221875
0.0 0.600781 0.600781 0.206250 0.180469
0.0 0.948438 0.248437 0.103125 0.334375
