0.0 0.562648 0.538231 0.075661 0.094709
0.0 0.496184 0.718137 0.062425 0.158395
0.0 0.301062 0.696147 0.059474 0.096837
0.0 0.452860 0.567587 0.076865 0.127414
0.0 0.565678 0.643294 0.089061 0.072212
0.0 0.615837 0.474142 0.057821 0.069543
0.0 0.631471 0.293506 0.040240 0.061486
0.0 0.428797 0.874506 0.033860 0.058769
0.0 0.258775 0.929173 0.044423 0.066401
0.0 0.764478 0.074583 0.094470 0.123042
0.0 0.784388 0.314506 0.022186 0.071270
0.0 0.709353 0.623035 0.047443 0.141949
0.0 0.760588 0.681707 0.028922 0.041376
0.0 0.737811 0.747639 0.023416 0.040266
0.0 0.730230 0.834057 0.021928 0.028521
0.0 0.698964 0.794595 0.013869 0.036580
0.0 0.683057 0.734149 0.023841 0.047284
0.0 0.689924 0.981595 0.014791 0.036809
0.0 0.648520 0.939002 0.042009 0.121996
0.0 0.606949 0.866509 0.038373 0.069142
0.0 0.496242 0.923985 0.037334 0.051986
0.0 0.442720 0.967705 0.024953 0.027151
0.0 0.591686 0.032812 0.032253 0.057894
0.0 0.274110 0.023769 0.055790 0.047539
0.0 0.713884 0.948904 0.019304 0.049341
0.0 0.571528 0.895672 0.025945 0.043527
0.0 0.412659 0.045937 0.045626 0.091875
0.0 0.314885 0.235202 0.040193 0.060706
0.0 0.708128 0.268406 0.041894 0.063140
0.0 0.787619 0.196517 0.026111 0.033436
0.0 0.649764 0.779876 0.022684 0.040999
0.0 0.630336 0.712954 0.018360 0.033744
0.0 0.537970 0.855288 0.019989 0.047828
0.0 0.481421 0.845603 0.027174 0.038163
0.0 0.755941 0.396530 0.020769 0.047875
3.0 0.480037 0.157542 0.112468 0.291955
0.0 0.332779 0.340382 0.018052 0.041495
0.0 0.689612 0.018392 0.023559 0.016966
0.0 0.619006 0.525208 0.009215 0.023867
0.0 0.657199 0.618311 0.010869 0.025521
