1.0 0.314806 0.583421 0.189901 0.202764
0.0 0.263761 0.964016 0.066216 0.071968
0.0 0.548969 0.571228 0.098129 0.102417
0.0 0.645819 0.814894 0.070109 0.090833
0.0 0.776319 0.848064 0.041513 0.072242
0.0 0.906710 0.631968 0.044798 0.093393
0.0 0.944457 0.642975 0.037834 0.112154
0.0 0.988439 0.823210 0.023122 0.046729
0.0 0.962816 0.933071 0.025844 0.041566
0.0 0.901062 0.059075 0.074877 0.118150
0.0 0.908285 0.269683 0.068659 0.110821
0.0 0.724657 0.171898 0.085052 0.075047
0.0 0.508692 0.386406 0.059038 0.125498
0.0 0.565104 0.357468 0.037461 0.154658
0.0 0.358598 0.296055 0.039892 0.071335
0.0 0.465899 0.304480 0.046366 0.084241
0.0 0.137211 0.224104 0.274422 0.408481
0.0 0.025169 0.280689 0.050337 0.129327
0.0 0.195417 0.246758 0.034569 0.072444
0.0 0.527504 0.100309 0.057726 0.081308
0.0 0.047654 0.737858 0.041321 0.069906
0.0 0.189204 0.867322 0.038025 0.058034
0.0 0.390783 0.868781 0.044606 0.034601
0.0 0.719925 0.572069 0.028159 0.060317
0.0 0.737533 0.433441 0.034441 0.070887
0.0 0.624846 0.483466 0.106779 0.085340
0.0 0.883051 0.496732 0.054750 0.073330
0.0 0.768700 0.526513 0.021621 0.046632
0.0 0.681940 0.253014 0.039220 0.091387
0.0 0.065826 0.443975 0.056115 0.071122
0.0 0.125962 0.508014 0.044286 0.087164
0.0 0.224238 0.406653 0.039764 0.069778
0.0 0.264377 0.713772 0.064925 0.084220
0.0 0.283559 0.041190 0.024341 0.051496
0.0 0.717200 0.052577 0.026890 0.035465
0.0 0.783597 0.087881 0.050665 0.070674
0.0 0.351502 0.028550 0.034868 0.038441
0.0 0.602402 0.134131 0.030857 0.027284
0.0 0.555758 0.018471 0.028372 0.036942
0.0 0.971812 0.260542 0.023626 0.052211
