0.0 0.889063 0.402344 0.027344 0.026563
0.0 0.826562 0.472656 0.022656 0.039062
0.0 0.817969 0.446875 0.017188 0.014844
0.0 0.840625 0.388281 0.055469 0.057813
0.0 0.805469 0.396094 0.010938 0.026563
0.0 0.772656 0.335938 0.076562 0.065625
0.0 0.808594 0.535937 0.032813 0.046094
0.0 0.623437 0.460156 0.022656 0.026563
0.0 0.470312 0.314063 0.025000 0.018750
0.0 0.600781 0.278125 0.020312 0.017969
0.0 0.470312 0.343750 0.030469 0.030469
0.0 0.642969 0.249219 0.014063 0.017188
0.0 0.571875 0.246875 0.027344 0.003125
0.0 0.531250 0.457031 0.037500 0.032812
0.0 0.375781 0.432813 0.014063 0.021094
0.0 0.303125 0.285156 0.058594 0.073438
0.0 0.357813 0.267188 0.028906 0.027344
0.0 0.389063 0.246875 0.017969 0.021094
0.0 0.446875 0.304688 0.012500 0.003906
0.0 0.418750 0.295312 0.011719 0.008594
0.0 0.429688 0.326562 0.017969 0.012500
0.0 0.368750 0.337500 0.018750 0.028125
0.0 0.252344 0.382812 0.007812 0.014844
0.0 0.246875 0.404687 0.017969 0.016406
0.0 0.253125 0.435937 0.007031 0.012500
0.0 0.257812 0.510938 0.021875 0.024219
0.0 0.210156 0.407813 0.007812 0.008594
0.0 0.179688 0.403125 0.031250 0.025781
0.0 0.154688 0.392188 0.009375 0.010156
0.0 0.182813 0.433594 0.033594 0.026563
0.0 0.199219 0.470313 0.051563 0.039844
0.0 0.095312 0.393750 0.016406 0.017969
0.0 0.126562 0.411719 0.018750 0.020312
0.0 0.134375 0.429688 0.016406 0.013281
0.0 0.121875 0.446875 0.016406 0.011719
0.0 0.104688 0.467969 0.009375 0.023438
0.0 0.113281 0.491406 0.029688 0.023438
0.0 0.177344 0.514063 0.007812 0.011719
0.0 0.170313 0.542188 0.019531 0.019531
0.0 0.067969 0.595312 0.010937 0.013281
0.0 0.073438 0.551562 0.017969 0.021875
0.0 0.096875 0.523438 0.025781 0.036719
0.0 0.034375 0.537500 0.047656 0.043750
0.0 0.026563 0.659375 0.028125 0.019531
0.0 0.437500 0.296875 0.019531 0.013281
