3.0 0.589063 0.668750 0.157031 0.498438
0.0 0.537500 0.428125 0.059375 0.133594
0.0 0.497656 0.301562 0.049219 0.142187
0.0 0.439844 0.471875 0.072656 0.085156
0.0 0.428125 0.373437 0.075000 0.052344
0.0 0.335938 0.088281 0.035937 0.121094
0.0 0.695312 0.092188 0.027344 0.044531
0.0 0.290625 0.400000 0.033594 0.104688
0.0 0.382812 0.709375 0.027344 0.060938
0.0 0.397656 0.537500 0.043750 0.061719
0.0 0.746094 0.953906 0.057031 0.091406
0.0 0.690625 0.742969 0.020313 0.060156
0.0 0.670313 0.298438 0.045313 0.107813
0.0 0.546094 0.143750 0.023438 0.039844
0.0 0.475781 0.101562 0.035156 0.050781
0.0 0.353125 0.982031 0.035937 0.035156
0.0 0.440625 0.950781 0.027344 0.049219
0.0 0.271875 0.936719 0.105469 0.126562
0.0 0.524219 0.058594 0.021094 0.030469
0.0 0.376563 0.169531 0.024219 0.063281
