3.0 0.547656 0.792969 0.114063 0.246094
0.0 0.632031 0.877344 0.045313 0.100000
0.0 0.427344 0.902344 0.042188 0.040625
0.0 0.805469 0.904688 0.064844 0.090625
0.0 0.282031 0.917187 0.238281 0.165625
0.0 0.317187 0.928125 0.025000 0.047656
0.0 0.182031 0.768750 0.019531 0.030469
0.0 0.242188 0.031250 0.035156 0.060156
0.0 0.239063 0.103906 0.010938 0.032812
0.0 0.293750 0.132031 0.043750 0.108594
0.0 0.350000 0.201563 0.034375 0.065625
0.0 0.414062 0.392187 0.096875 0.048437
0.0 0.546875 0.435156 0.071094 0.122656
0.0 0.497656 0.320312 0.057031 0.134375
0.0 0.421094 0.472656 0.087500 0.073437
0.0 0.367188 0.532031 0.054688 0.052344
0.0 0.357812 0.688281 0.036719 0.048437
0.0 0.175000 0.671094 0.020312 0.058594
0.0 0.267969 0.710938 0.025781 0.071094
0.0 0.239844 0.407031 0.046875 0.101562
0.0 0.178906 0.358594 0.028906 0.035938
0.0 0.217969 0.120313 0.021875 0.039062
0.0 0.558594 0.178906 0.021875 0.036719
0.0 0.718750 0.320312 0.056250 0.090625
0.0 0.750000 0.133594 0.039844 0.035156
0.0 0.707031 0.067187 0.014063 0.031250
0.0 0.535937 0.101562 0.028125 0.028906
0.0 0.473437 0.144531 0.039062 0.044531
0.0 0.740625 0.713281 0.027344 0.048437
0.0 0.267188 0.310156 0.013281 0.030469
0.0 0.196875 0.301562 0.014844 0.020313
0.0 0.544531 0.034375 0.014844 0.026562
0.0 0.633594 0.010156 0.020313 0.019531
0.0 0.346875 0.007812 0.019531 0.015625
0.0 0.499219 0.206250 0.014063 0.040625
0.0 0.388281 0.172656 0.010938 0.024219
0.0 0.432031 0.204687 0.017187 0.041406
0.0 0.301562 0.273438 0.011719 0.032812
0.0 0.334375 0.325000 0.012500 0.022656
