0.0 0.564563 0.518694 0.078027 0.105819
0.0 0.519252 0.709366 0.068357 0.150270
0.0 0.459957 0.573715 0.077321 0.157040
0.0 0.332699 0.717810 0.065158 0.111234
0.0 0.698348 0.921338 0.051407 0.127469
0.0 0.576117 0.616604 0.091353 0.057710
0.0 0.316905 0.942657 0.032582 0.049403
0.0 0.522605 0.839095 0.016315 0.025091
0.0 0.474244 0.879667 0.026446 0.038148
0.0 0.548007 0.920490 0.036190 0.044967
0.0 0.500371 0.972759 0.019628 0.028404
0.0 0.723550 0.583191 0.043772 0.092042
0.0 0.776786 0.646422 0.017288 0.028259
0.0 0.742967 0.643823 0.017826 0.024409
0.0 0.716165 0.640790 0.016708 0.018902
0.0 0.610059 0.457165 0.044713 0.057147
0.0 0.767933 0.718201 0.013976 0.024946
0.0 0.711942 0.711500 0.014659 0.023435
0.0 0.766084 0.928094 0.016363 0.025871
0.0 0.605562 0.271149 0.029656 0.052329
0.0 0.215020 0.044900 0.053387 0.059238
0.0 0.709274 0.045944 0.093718 0.091888
0.0 0.763410 0.266834 0.009787 0.020026
0.0 0.758085 0.294561 0.017337 0.029039
0.0 0.748350 0.162880 0.023526 0.028646
0.0 0.648968 0.844561 0.024392 0.055109
0.0 0.747552 0.957423 0.010421 0.017735
0.0 0.743339 0.359661 0.018799 0.027576
0.0 0.627030 0.003621 0.015783 0.007241
0.0 0.532964 0.023896 0.028828 0.047791
1.0 0.437972 0.156307 0.107384 0.278525
0.0 0.682236 0.232733 0.021133 0.040149
0.0 0.281541 0.259160 0.028194 0.053791
0.0 0.625780 0.824083 0.011298 0.019343
0.0 0.619078 0.880074 0.014562 0.021876
0.0 0.653321 0.700265 0.015584 0.025823
0.0 0.621877 0.508876 0.013686 0.020268
0.0 0.313901 0.364389 0.018122 0.016659
0.0 0.582248 0.854180 0.011787 0.014713
0.0 0.734381 0.770379 0.011395 0.020902
0.0 0.732439 0.108291 0.016751 0.032109
