0.0 0.409375 0.388281 0.025781 0.129688
0.0 0.352344 0.496875 0.103906 0.060938
0.0 0.450000 0.563281 0.099219 0.086719
0.0 0.357031 0.770313 0.067188 0.075781
0.0 0.212500 0.815625 0.035156 0.047656
0.0 0.815625 0.885156 0.046094 0.087500
0.0 0.646094 0.318750 0.039062 0.059375
0.0 0.525000 0.332031 0.041406 0.060156
0.0 0.480469 0.400000 0.060938 0.113281
0.0 0.388281 0.101562 0.025781 0.046094
0.0 0.344531 0.120313 0.013281 0.028125
0.0 0.792969 0.137500 0.076562 0.141406
0.0 0.828906 0.261719 0.010156 0.040625
0.0 0.811719 0.406250 0.042188 0.057031
0.0 0.799219 0.666406 0.063281 0.067969
0.0 0.204687 0.240625 0.076563 0.067188
0.0 0.203125 0.139063 0.025000 0.033594
0.0 0.184375 0.171875 0.017187 0.022656
0.0 0.397656 0.166406 0.013281 0.067969
0.0 0.350781 0.203906 0.014844 0.023438
0.0 0.259375 0.300000 0.039062 0.050000
0.0 0.285937 0.368750 0.028125 0.018750
0.0 0.264063 0.409375 0.025000 0.032812
0.0 0.217969 0.457812 0.028906 0.074219
0.0 0.247656 0.574219 0.020313 0.045313
0.0 0.188281 0.543750 0.019531 0.038281
0.0 0.266406 0.493750 0.032812 0.032812
0.0 0.720313 0.100000 0.032031 0.039844
0.0 0.635938 0.089844 0.025781 0.024219
0.0 0.580469 0.122656 0.014063 0.021875
0.0 0.665625 0.805469 0.035156 0.023438
0.0 0.664844 0.205469 0.032812 0.041406
0.0 0.321094 0.247656 0.015625 0.025781
0.0 0.361719 0.286719 0.026562 0.033594
0.0 0.275781 0.339844 0.016406 0.017969
0.0 0.241406 0.356250 0.018750 0.028125
0.0 0.486719 0.319531 0.021875 0.027344
0.0 0.311719 0.178125 0.020313 0.032812
0.0 0.284375 0.190625 0.013281 0.025781
0.0 0.433594 0.166406 0.062500 0.073437
1.0 0.728906 0.558594 0.187500 0.137500
