3.0 0.583060 0.837266 0.152601 0.298768
0.0 0.821383 0.927486 0.064576 0.073293
0.0 0.313978 0.952465 0.130070 0.095070
0.0 0.416069 0.726444 0.056738 0.082887
0.0 0.434723 0.471706 0.084527 0.108665
0.0 0.389459 0.557388 0.054113 0.091660
0.0 0.267058 0.426399 0.069513 0.115777
0.0 0.268767 0.086437 0.053611 0.110603
0.0 0.464223 0.291972 0.060238 0.137345
0.0 0.404454 0.381175 0.090583 0.063093
0.0 0.528039 0.438699 0.088897 0.152594
0.0 0.654035 0.267308 0.065169 0.106069
0.0 0.651329 0.034820 0.041148 0.069640
0.0 0.485668 0.110954 0.044812 0.079007
0.0 0.416831 0.085501 0.047788 0.055834
