0.0 0.482813 0.394531 0.059375 0.126562
0.0 0.455469 0.576563 0.081250 0.113281
0.0 0.760156 0.940625 0.053125 0.102344
0.0 0.432031 0.380469 0.046875 0.142188
0.0 0.446094 0.144531 0.053125 0.084375
0.0 0.390625 0.490625 0.090625 0.083594
0.0 0.262500 0.210938 0.066406 0.064063
0.0 0.853906 0.479687 0.032031 0.089062
0.0 0.942187 0.687500 0.028125 0.048437
0.0 0.047656 0.849219 0.042187 0.054688
0.0 0.101562 0.311719 0.050781 0.090625
0.0 0.385938 0.810156 0.058594 0.088281
0.0 0.831250 0.201562 0.257812 0.402344
0.0 0.931250 0.257031 0.046875 0.108594
0.0 0.910156 0.417188 0.030469 0.075781
0.0 0.768750 0.241406 0.028125 0.046094
0.0 0.131250 0.670313 0.039844 0.085156
0.0 0.091406 0.677344 0.028125 0.092969
0.0 0.822656 0.827344 0.024219 0.063281
0.0 0.274219 0.467969 0.021875 0.085938
0.0 0.091406 0.115625 0.053906 0.088281
0.0 0.520312 0.310937 0.031250 0.073438
1.0 0.593750 0.661719 0.290625 0.267187
0.0 0.617969 0.296875 0.030469 0.044531
0.0 0.270312 0.853125 0.030469 0.063281
