1.0 0.539062 0.841406 0.092969 0.292188
0.0 0.755469 0.971094 0.063281 0.056250
0.0 0.709375 0.058594 0.036719 0.053906
0.0 0.530469 0.028906 0.030469 0.033594
0.0 0.547656 0.121875 0.023438 0.058594
0.0 0.475781 0.082031 0.039844 0.045313
0.0 0.407813 0.112500 0.015625 0.027344
0.0 0.443750 0.148438 0.021094 0.042187
0.0 0.499219 0.150000 0.017187 0.050781
0.0 0.326562 0.064062 0.044531 0.128125
0.0 0.369531 0.142187 0.035156 0.067188
0.0 0.240625 0.032812 0.022656 0.035156
0.0 0.279687 0.025000 0.020312 0.041406
0.0 0.260938 0.056250 0.015625 0.034375
0.0 0.281250 0.385938 0.042188 0.122656
0.0 0.228906 0.329687 0.029687 0.030469
0.0 0.244531 0.263281 0.018750 0.025781
0.0 0.306250 0.279688 0.013281 0.032812
0.0 0.428125 0.361719 0.084375 0.047656
0.0 0.686719 0.281250 0.046094 0.097656
0.0 0.288281 0.196094 0.017187 0.058594
0.0 0.332812 0.224219 0.010156 0.021094
0.0 0.364062 0.289062 0.014844 0.029688
0.0 0.500000 0.282031 0.050000 0.144531
0.0 0.391406 0.534375 0.039844 0.051562
0.0 0.433594 0.467969 0.074219 0.078906
0.0 0.227344 0.707031 0.017969 0.060938
0.0 0.382031 0.720313 0.039062 0.070312
0.0 0.264062 0.944531 0.095312 0.110937
0.0 0.339063 0.989063 0.021094 0.021875
0.0 0.231250 0.820312 0.017969 0.042969
0.0 0.306250 0.740625 0.034375 0.073438
0.0 0.246094 0.617969 0.021094 0.028906
0.0 0.702344 0.753906 0.023438 0.068750
0.0 0.612500 0.950000 0.037500 0.100000
0.0 0.437500 0.972656 0.026563 0.053906
0.0 0.543750 0.420313 0.065625 0.139844
