0.0 0.666406 0.575781 0.261719 0.262500
4.0 0.753906 0.657813 0.043750 0.035156
1.0 0.651563 0.353125 0.080469 0.059375
1.0 0.630469 0.342969 0.025781 0.025781
1.0 0.585938 0.490625 0.057031 0.062500
0.0 0.819531 0.297656 0.248437 0.376562
0.0 0.589063 0.124219 0.196875 0.248438
0.0 0.396094 0.216406 0.212500 0.253906
0.0 0.268750 0.081250 0.439844 0.162500
0.0 0.374219 0.049219 0.235156 0.098438
1.0 0.184375 0.357031 0.089062 0.084375
1.0 0.958594 0.051562 0.082813 0.103125
0.0 0.661719 0.807812 0.266406 0.244531
0.0 0.313281 0.842188 0.457031 0.314844
0.0 0.123438 0.528906 0.203906 0.221875
0.0 0.399219 0.600781 0.206250 0.180469
0.0 0.051562 0.248438 0.103125 0.334375
