0.0 0.439063 0.532812 0.071094 0.085156
0.0 0.541406 0.567187 0.054688 0.119531
0.0 0.502344 0.708594 0.058594 0.157031
0.0 0.673437 0.700781 0.049219 0.090625
0.0 0.262500 0.071875 0.093750 0.143750
0.0 0.288281 0.599219 0.044531 0.104687
0.0 0.742188 0.045313 0.060156 0.085938
0.0 0.337500 0.923437 0.039844 0.112500
0.0 0.699219 0.908594 0.027344 0.062500
0.0 0.475781 0.897656 0.031250 0.049219
0.0 0.385938 0.292188 0.025781 0.056250
0.0 0.393750 0.461719 0.040625 0.060938
0.0 0.439844 0.052344 0.021094 0.053125
3.0 0.592969 0.332812 0.157812 0.486719
0.0 0.428906 0.625781 0.076563 0.032031
0.0 0.690625 0.263281 0.022656 0.050000
0.0 0.353906 0.021875 0.021875 0.042969
0.0 0.378125 0.835938 0.028906 0.059375
