0.0 0.420372 0.531459 0.084587 0.092586
1.0 0.564404 0.216958 0.152630 0.262437
0.0 0.479287 0.692013 0.071983 0.147611
0.0 0.706388 0.691590 0.064320 0.091226
0.0 0.407347 0.608886 0.103646 0.064377
0.0 0.270464 0.851830 0.056378 0.111645
0.0 0.238609 0.112884 0.096132 0.114312
0.0 0.831560 0.121346 0.061809 0.053810
0.0 0.755195 0.302578 0.031770 0.045587
0.0 0.370892 0.300284 0.034370 0.049641
0.0 0.369787 0.456811 0.050583 0.048401
0.0 0.541545 0.569343 0.066930 0.118561
0.0 0.537281 0.819619 0.028234 0.039142
0.0 0.506951 0.898234 0.029945 0.029945
0.0 0.449597 0.854452 0.041276 0.036913
0.0 0.480341 0.781346 0.019341 0.022249
0.0 0.331970 0.787052 0.027611 0.041428
0.0 0.213964 0.877010 0.014768 0.023494
0.0 0.191264 0.853563 0.016693 0.029056
0.0 0.226762 0.721268 0.015030 0.027392
0.0 0.185051 0.677753 0.017938 0.024483
0.0 0.236600 0.562977 0.049091 0.083996
0.0 0.254326 0.672222 0.015443 0.021988
0.0 0.248481 0.607623 0.019806 0.017625
0.0 0.215376 0.610883 0.017991 0.025263
0.0 0.175151 0.615231 0.016950 0.021313
0.0 0.453661 0.093643 0.032340 0.042521
0.0 0.201101 0.205111 0.025529 0.033528
0.0 0.209810 0.378740 0.018979 0.028433
0.0 0.191127 0.318761 0.016066 0.019702
0.0 0.285053 0.272601 0.036447 0.045901
0.0 0.185733 0.294126 0.015338 0.020429
0.0 0.319914 0.663311 0.013209 0.023390
0.0 0.407942 0.798413 0.017002 0.022092
0.0 0.728291 0.878632 0.040292 0.045383
0.0 0.719559 0.390233 0.026099 0.030463
0.0 0.339080 0.074210 0.018247 0.017520
0.0 0.310866 0.798164 0.014093 0.025001
