0.0 0.623800 0.756270 0.023103 0.036540
0.0 0.748593 0.805933 0.023626 0.029001
0.0 0.763247 0.559686 0.008304 0.010992
0.0 0.808148 0.577379 0.010059 0.012746
0.0 0.751743 0.484767 0.007735 0.012438
0.0 0.260190 0.058142 0.010618 0.022712
0.0 0.611373 0.097507 0.008351 0.017085
0.0 0.788119 0.830642 0.010936 0.013623
0.0 0.799848 0.818055 0.009023 0.016413
0.0 0.824705 0.851012 0.007063 0.013110
0.0 0.746224 0.734531 0.015116 0.016460
0.0 0.679687 0.595189 0.008612 0.013315
0.0 0.637707 0.540070 0.008146 0.015536
0.0 0.790681 0.534773 0.013465 0.015480
0.0 0.575987 0.252719 0.008818 0.014864
0.0 0.583946 0.306830 0.008762 0.020183
0.0 0.601302 0.295073 0.005822 0.015228
