0.0 0.754687 0.065625 0.058594 0.103125
0.0 0.941406 0.316406 0.034375 0.064844
0.0 0.831250 0.807813 0.246875 0.384375
0.0 0.963281 0.783594 0.014844 0.025781
0.0 0.930469 0.751562 0.042969 0.113281
0.0 0.906250 0.583594 0.047656 0.055469
0.0 0.856250 0.521875 0.045313 0.070312
0.0 0.618750 0.702344 0.021094 0.062500
0.0 0.517187 0.691406 0.027344 0.084375
0.0 0.483594 0.621094 0.042969 0.129688
0.0 0.428906 0.624219 0.020312 0.135937
0.0 0.456250 0.436719 0.074219 0.087500
0.0 0.382031 0.506250 0.082031 0.073437
0.0 0.383594 0.201562 0.047656 0.092187
0.0 0.269531 0.150781 0.021094 0.063281
0.0 0.753125 0.607031 0.022656 0.046875
0.0 0.770312 0.762500 0.021875 0.056250
0.0 0.674219 0.966406 0.026562 0.060938
0.0 0.603906 0.965625 0.035156 0.029688
0.0 0.440625 0.873438 0.057031 0.066406
0.0 0.266406 0.795313 0.071094 0.056250
0.0 0.098438 0.696094 0.049219 0.097656
0.0 0.035156 0.692187 0.017969 0.040625
0.0 0.017969 0.721094 0.013281 0.030469
0.0 0.103906 0.892187 0.030469 0.070312
0.0 0.079687 0.885938 0.019531 0.085938
0.0 0.178125 0.985156 0.014844 0.028906
0.0 0.155469 0.976562 0.020312 0.032031
0.0 0.263281 0.903906 0.015625 0.026562
0.0 0.210938 0.870313 0.010156 0.033594
0.0 0.185937 0.865625 0.021875 0.033594
0.0 0.110937 0.810938 0.014062 0.034375
0.0 0.080469 0.792969 0.013281 0.035938
0.0 0.062500 0.798437 0.016406 0.028906
0.0 0.042188 0.785156 0.015625 0.019531
0.0 0.384375 0.987500 0.014063 0.024219
0.0 0.408594 0.961719 0.011719 0.042187
0.0 0.498437 0.985156 0.021875 0.028906
0.0 0.380469 0.838281 0.014844 0.028125
0.0 0.629687 0.834375 0.026562 0.036719
0.0 0.312500 0.598437 0.017969 0.035938
0.0 0.275000 0.538281 0.023438 0.044531
0.0 0.314844 0.507813 0.021094 0.028125
0.0 0.296875 0.421094 0.023438 0.036719
0.0 0.396875 0.448438 0.014063 0.023438
0.0 0.739062 0.313281 0.057031 0.064062
0.0 0.631250 0.165625 0.030469 0.031250
0.0 0.577344 0.207813 0.015625 0.031250
0.0 0.170312 0.061719 0.020312 0.060938
0.0 0.132812 0.050781 0.010156 0.023438
0.0 0.100781 0.053125 0.018750 0.025781
0.0 0.033594 0.076563 0.021094 0.085156
0.0 0.048437 0.155469 0.034375 0.039062
0.0 0.055469 0.285156 0.007812 0.042188
0.0 0.025000 0.249219 0.017188 0.044531
0.0 0.129688 0.360156 0.035156 0.080469
0.0 0.093750 0.329688 0.025781 0.071875
0.0 0.222656 0.210938 0.014844 0.026563
0.0 0.203125 0.460156 0.010938 0.059375
0.0 0.148438 0.459375 0.030469 0.029688
0.0 0.127344 0.485938 0.017969 0.030469
0.0 0.248437 0.456250 0.010938 0.035156
0.0 0.068750 0.468750 0.012500 0.053125
0.0 0.014844 0.435937 0.007813 0.028906
0.0 0.312500 0.725000 0.032812 0.057031
0.0 0.375000 0.932031 0.015625 0.036719
0.0 0.187500 0.319531 0.008594 0.027344
0.0 0.824219 0.180469 0.021094 0.051562
0.0 0.942969 0.889063 0.016406 0.025000
0.0 0.018750 0.860937 0.012500 0.051563
0.0 0.135156 0.250000 0.009375 0.030469
0.0 0.293750 0.667188 0.013281 0.038281
0.0 0.386719 0.740625 0.013281 0.027344
0.0 0.338281 0.857031 0.031250 0.032031
0.0 0.155469 0.789844 0.009375 0.017969
0.0 0.188281 0.722656 0.011719 0.021875
0.0 0.352344 0.786719 0.018750 0.035156
0.0 0.121094 0.595312 0.016406 0.026562
