0.0 0.188099 0.134154 0.056465 0.092458
0.0 0.334957 0.211766 0.032359 0.057631
0.0 0.187871 0.721771 0.028960 0.043511
0.0 0.202504 0.590991 0.025988 0.051260
0.0 0.367327 0.668252 0.038272 0.040569
0.0 0.476452 0.654396 0.034825 0.063926
0.0 0.577069 0.804801 0.071460 0.060739
0.0 0.612996 0.883801 0.009509 0.047034
0.0 0.645494 0.907389 0.012358 0.033035
0.0 0.784717 0.834340 0.012880 0.019772
0.0 0.777340 0.736809 0.083513 0.078152
0.0 0.726863 0.672941 0.031441 0.050586
0.0 0.721863 0.497223 0.019419 0.034735
0.0 0.764669 0.528424 0.029296 0.060695
0.0 0.586421 0.603799 0.025081 0.124638
0.0 0.522081 0.590210 0.050582 0.111082
0.0 0.212201 0.847101 0.090737 0.168085
0.0 0.548064 0.440455 0.088965 0.077478
0.0 0.639097 0.500405 0.095781 0.066680
0.0 0.737672 0.426588 0.023309 0.034030
0.0 0.379385 0.885245 0.035913 0.039743
0.0 0.630028 0.236469 0.060769 0.073022
0.0 0.766799 0.197850 0.028899 0.040386
0.0 0.795947 0.449672 0.017948 0.039391
0.0 0.213329 0.345420 0.057968 0.049543
0.0 0.405239 0.249461 0.015376 0.027629
0.0 0.644521 0.777696 0.019971 0.023034
0.0 0.821657 0.246005 0.019357 0.031611
0.0 0.305870 0.881994 0.020981 0.034766
0.0 0.349954 0.778769 0.032176 0.048258
0.0 0.720282 0.576176 0.024657 0.023126
0.0 0.744616 0.621802 0.014656 0.030738
0.0 0.636637 0.694240 0.015330 0.025285
0.0 0.675660 0.731766 0.014564 0.026051
0.0 0.514327 0.673190 0.012144 0.022100
0.0 0.430373 0.855336 0.012895 0.020553
0.0 0.805993 0.803449 0.018500 0.027690
0.0 0.800889 0.862154 0.013538 0.013538
0.0 0.656999 0.856373 0.015330 0.025285
0.0 0.822167 0.471820 0.016907 0.026097
0.0 0.619296 0.446876 0.009112 0.026725
