1.0 0.700845 0.538834 0.183206 0.196787
0.0 0.776804 0.668747 0.067002 0.078546
0.0 0.987778 0.632494 0.024445 0.061516
0.0 0.827568 0.912790 0.066590 0.105976
0.0 0.882421 0.790255 0.039289 0.070526
0.0 0.686249 0.839800 0.031942 0.048240
0.0 0.304792 0.899750 0.034841 0.059286
0.0 0.420739 0.838122 0.066013 0.101324
0.0 0.049007 0.855928 0.026489 0.078097
0.0 0.074924 0.918839 0.051902 0.055298
0.0 0.068353 0.982893 0.027446 0.034215
0.0 0.211489 0.977866 0.028034 0.044268
0.0 0.096107 0.734356 0.044112 0.097078
0.0 0.129670 0.693976 0.051678 0.090384
0.0 0.113110 0.566923 0.025751 0.035257
0.0 0.135278 0.593299 0.033509 0.030114
0.0 0.057181 0.357373 0.060201 0.097549
0.0 0.259604 0.478672 0.035792 0.079252
0.0 0.382256 0.509106 0.091020 0.099848
0.0 0.463796 0.569836 0.091111 0.106729
0.0 0.468801 0.381850 0.068505 0.133694
0.0 0.410664 0.376471 0.045134 0.148349
0.0 0.497556 0.296406 0.042091 0.080797
0.0 0.597195 0.268292 0.042882 0.062575
0.0 0.812220 0.182860 0.314147 0.365720
0.0 0.748624 0.188088 0.030392 0.048047
0.0 0.922082 0.183874 0.060383 0.111312
0.0 0.620480 0.015640 0.032327 0.031281
0.0 0.557205 0.009458 0.037482 0.018916
0.0 0.345447 0.035030 0.031173 0.042037
0.0 0.313932 0.060197 0.020612 0.036910
0.0 0.199840 0.105064 0.028184 0.024109
0.0 0.272746 0.292825 0.036279 0.077022
0.0 0.124310 0.156164 0.022650 0.034872
0.0 0.150772 0.147368 0.016442 0.040209
0.0 0.219998 0.216712 0.084155 0.081439
0.0 0.001472 0.358673 0.002945 0.048341
0.0 0.244692 0.580504 0.023612 0.042625
0.0 0.301743 0.608847 0.030296 0.047272
0.0 0.197003 0.595871 0.020618 0.030803
0.0 0.749935 0.357184 0.038434 0.051336
0.0 0.869641 0.433644 0.049454 0.084764
0.0 0.924067 0.358397 0.046363 0.072167
0.0 0.391505 0.114335 0.074846 0.086390
0.0 0.331866 0.166611 0.013747 0.018500
0.0 0.012402 0.146567 0.024805 0.109488
0.0 0.036044 0.142717 0.035685 0.090689
0.0 0.005542 0.248409 0.011085 0.036428
0.0 0.022292 0.247554 0.022543 0.046309
0.0 0.053609 0.227134 0.021190 0.041561
0.0 0.075167 0.058348 0.026248 0.020816
0.0 0.143169 0.314421 0.020425 0.029253
0.0 0.134299 0.376141 0.024104 0.034290
0.0 0.287766 0.407473 0.032130 0.055896
0.0 0.247184 0.841560 0.020612 0.036910
0.0 0.063117 0.785686 0.018089 0.041176
0.0 0.023978 0.660649 0.018003 0.028189
0.0 0.596532 0.136117 0.029820 0.037289
0.0 0.314184 0.220765 0.021201 0.029349
0.0 0.354072 0.263048 0.023815 0.031964
0.0 0.199211 0.734152 0.019457 0.027606
