0.0 0.547641 0.637045 0.048558 0.142950
0.0 0.499607 0.616364 0.084134 0.140641
0.0 0.613152 0.519658 0.103524 0.095176
0.0 0.553820 0.419474 0.106867 0.146679
1.0 0.319938 0.397111 0.180847 0.181489
0.0 0.721685 0.443502 0.030313 0.038018
0.0 0.873493 0.511583 0.034166 0.034166
0.0 0.994259 0.345650 0.011482 0.035835
0.0 0.954031 0.384821 0.043802 0.087466
0.0 0.910618 0.402928 0.050351 0.068330
0.0 0.798893 0.170450 0.035194 0.053816
0.0 0.672895 0.199341 0.069746 0.094789
0.0 0.816340 0.488589 0.018239 0.024018
0.0 0.767277 0.493081 0.021965 0.037376
0.0 0.890702 0.546133 0.026460 0.037376
0.0 0.838575 0.241221 0.020038 0.030312
0.0 0.989226 0.095455 0.021549 0.030954
0.0 0.689037 0.843580 0.083358 0.073084
0.0 0.882725 0.764989 0.064609 0.095431
0.0 0.950153 0.773855 0.027102 0.036734
0.0 0.875649 0.949937 0.029029 0.043798
0.0 0.844309 0.969734 0.039947 0.060533
0.0 0.867170 0.981789 0.013359 0.021706
0.0 0.864728 0.996224 0.017983 0.007551
0.0 0.888112 0.875188 0.017983 0.035963
0.0 0.848553 0.889185 0.022093 0.033651
0.0 0.727071 0.577462 0.033140 0.059467
0.0 0.487774 0.891603 0.063323 0.074239
0.0 0.564837 0.866434 0.019652 0.023505
0.0 0.518211 0.922815 0.018239 0.024018
0.0 0.762369 0.931050 0.025175 0.034165
0.0 0.733342 0.938883 0.023121 0.039816
0.0 0.698151 0.931431 0.017211 0.017853
0.0 0.671948 0.960328 0.019267 0.025688
0.0 0.553914 0.969953 0.018625 0.026330
0.0 0.512556 0.985007 0.028387 0.029986
0.0 0.690469 0.535717 0.025303 0.030441
0.0 0.657961 0.754443 0.034809 0.047009
0.0 0.444632 0.689569 0.042003 0.076678
0.0 0.339699 0.687122 0.032883 0.053431
0.0 0.128753 0.741564 0.257507 0.428478
0.0 0.172216 0.722560 0.033139 0.045982
0.0 0.215637 0.566641 0.034295 0.048422
0.0 0.124711 0.456436 0.048425 0.074752
0.0 0.053810 0.511146 0.047525 0.064862
0.0 0.016915 0.676055 0.033831 0.110072
0.0 0.066286 0.227302 0.037249 0.048165
0.0 0.301853 0.028184 0.064480 0.056368
0.0 0.418210 0.121235 0.038148 0.049064
0.0 0.216308 0.106581 0.030186 0.059724
0.0 0.240787 0.943090 0.021194 0.032752
0.0 0.356381 0.929098 0.019267 0.021193
0.0 0.314252 0.958507 0.019909 0.029541
0.0 0.297555 0.963644 0.016056 0.019908
0.0 0.572678 0.767153 0.021450 0.029798
0.0 0.811830 0.724655 0.021065 0.022991
0.0 0.786653 0.780652 0.020037 0.021321
0.0 0.854623 0.358742 0.021707 0.026844
0.0 0.960343 0.090444 0.018368 0.029284
0.0 0.919630 0.073360 0.024918 0.023634
0.0 0.300646 0.821593 0.030185 0.046238
0.0 0.876823 0.657872 0.022735 0.028514
0.0 0.993235 0.246882 0.013531 0.024917
0.0 0.981780 0.275395 0.019523 0.022734
0.0 0.940046 0.145671 0.022350 0.030697
0.0 0.996823 0.482307 0.006353 0.031981
