0.0 0.495374 0.328969 0.057921 0.121747
0.0 0.289284 0.337669 0.057645 0.082720
0.0 0.572545 0.465995 0.081032 0.081792
0.0 0.450713 0.440373 0.065561 0.115711
0.0 0.628227 0.530919 0.050468 0.048189
0.0 0.217722 0.899185 0.069254 0.079132
0.0 0.727481 0.906498 0.240583 0.181316
0.0 0.684338 0.900631 0.030648 0.036727
0.0 0.580722 0.883895 0.027820 0.047576
0.0 0.637644 0.676812 0.033308 0.048505
0.0 0.254917 0.165098 0.031535 0.040653
0.0 0.436482 0.203171 0.021298 0.037255
0.0 0.449122 0.063716 0.019398 0.024717
0.0 0.457144 0.129148 0.024970 0.028770
0.0 0.516794 0.167393 0.036854 0.035334
0.0 0.495076 0.231285 0.016232 0.023070
0.0 0.598775 0.193311 0.016971 0.021530
0.0 0.633032 0.217393 0.023831 0.044347
0.0 0.684215 0.144889 0.038396 0.092345
0.0 0.735906 0.120045 0.014712 0.024590
0.0 0.759209 0.143642 0.014797 0.027714
0.0 0.726343 0.026519 0.015472 0.023830
0.0 0.735272 0.067699 0.024886 0.025646
0.0 0.811088 0.011459 0.020200 0.022919
0.0 0.292845 0.093734 0.015472 0.023830
0.0 0.302503 0.624136 0.018575 0.023134
0.0 0.278211 0.708417 0.027799 0.046795
0.0 0.783851 0.592359 0.019525 0.029403
0.0 0.807112 0.643311 0.019461 0.027060
0.0 0.816379 0.668069 0.014628 0.021466
0.0 0.725619 0.693189 0.031683 0.046120
0.0 0.806925 0.751949 0.021931 0.031809
0.0 0.740029 0.416917 0.044242 0.077675
0.0 0.653361 0.333292 0.015641 0.030078
0.0 0.715437 0.316764 0.017921 0.027798
0.0 0.727955 0.375041 0.018364 0.015324
0.0 0.757568 0.371895 0.013002 0.019081
0.0 0.780024 0.306420 0.017055 0.024654
0.0 0.818693 0.320223 0.022754 0.033392
0.0 0.794801 0.361509 0.018617 0.024696
0.0 0.363427 0.044933 0.016295 0.025413
0.0 0.578453 0.395497 0.089115 0.034407
0.0 0.298416 0.990275 0.035798 0.019449
0.0 0.592333 0.014216 0.019567 0.028433
0.0 0.632775 0.034521 0.016253 0.023851
0.0 0.177557 0.021043 0.016295 0.025413
0.0 0.555295 0.232782 0.017055 0.024654
