0.0 0.039808 0.807290 0.064795 0.099090
0.0 0.084290 0.909414 0.015618 0.036324
0.0 0.105964 0.927149 0.013454 0.032219
0.0 0.110299 0.017163 0.028699 0.034326
0.0 0.069761 0.080935 0.013480 0.027715
0.0 0.112804 0.083912 0.041594 0.039006
0.0 0.227168 0.754381 0.086723 0.067311
0.0 0.134327 0.805106 0.027488 0.030723
0.0 0.161374 0.818959 0.021441 0.030500
0.0 0.192475 0.822385 0.011440 0.024382
0.0 0.206167 0.860200 0.019127 0.030128
0.0 0.311070 0.901629 0.016342 0.022166
0.0 0.308171 0.958928 0.022958 0.035252
0.0 0.340038 0.937947 0.021115 0.042469
0.0 0.388636 0.852400 0.071991 0.078461
0.0 0.421677 0.976420 0.032737 0.035325
0.0 0.497054 0.926047 0.023233 0.032291
0.0 0.533911 0.972341 0.030547 0.035724
0.0 0.595936 0.970462 0.024775 0.032540
0.0 0.580360 0.846090 0.030770 0.041770
0.0 0.583891 0.716091 0.030195 0.052195
0.0 0.780124 0.820391 0.312024 0.359218
0.0 0.727540 0.796996 0.029103 0.040750
0.0 0.890856 0.809849 0.066783 0.111431
0.0 0.968443 0.387121 0.029998 0.041645
0.0 0.849107 0.572851 0.042334 0.066923
0.0 0.893061 0.648775 0.041837 0.063837
0.0 0.735047 0.642315 0.035869 0.050104
0.0 0.630640 0.951521 0.020572 0.025101
0.0 0.875957 0.951470 0.014971 0.036971
0.0 0.915098 0.850946 0.020447 0.024330
0.0 0.272795 0.500595 0.032882 0.054882
0.0 0.316952 0.472098 0.022912 0.020970
0.0 0.314943 0.386312 0.025096 0.043861
0.0 0.216148 0.405216 0.018149 0.066032
0.0 0.263545 0.405729 0.023403 0.047345
0.0 0.413240 0.606306 0.044358 0.140124
0.0 0.469122 0.608185 0.061182 0.123301
0.0 0.492550 0.688717 0.038700 0.072348
0.0 0.313752 0.757249 0.012683 0.032095
0.0 0.330208 0.807379 0.015721 0.018310
0.0 0.271827 0.629424 0.015618 0.036324
0.0 0.278059 0.688986 0.031588 0.056176
0.0 0.157461 0.666395 0.016741 0.019976
0.0 0.078731 0.619686 0.063030 0.092795
0.0 0.012921 0.610669 0.021762 0.041821
0.0 0.006146 0.706782 0.012292 0.025526
0.0 0.022249 0.719791 0.017362 0.023833
0.0 0.038048 0.719962 0.017833 0.031422
0.0 0.068481 0.742273 0.016218 0.021395
0.0 0.389356 0.489300 0.086521 0.080051
0.0 0.468910 0.427730 0.090921 0.098039
0.0 0.437882 0.178214 0.069278 0.080278
0.0 0.328993 0.112404 0.028005 0.052594
0.0 0.098201 0.208962 0.017062 0.031298
0.0 0.075341 0.232976 0.024552 0.026494
0.0 0.127769 0.261204 0.036609 0.078021
0.0 0.159025 0.293144 0.050938 0.092350
0.0 0.224530 0.269668 0.018284 0.020225
0.0 0.874862 0.231192 0.037706 0.066177
0.0 0.826668 0.107897 0.063724 0.106430
0.0 0.686958 0.184308 0.036966 0.038260
0.0 0.623969 0.221641 0.016565 0.028212
0.0 0.160738 0.395500 0.031344 0.031344
0.0 0.138029 0.423495 0.026566 0.034331
0.0 0.354000 0.718627 0.016141 0.034906
0.0 0.030035 0.357038 0.017461 0.029108
0.0 0.058667 0.331579 0.020670 0.030376
0.0 0.208400 0.006946 0.016141 0.013891
0.0 0.246991 0.020451 0.028823 0.040903
0.0 0.176652 0.004348 0.028632 0.008697
0.0 0.275089 0.167027 0.016415 0.031945
0.0 0.182465 0.186926 0.011865 0.017688
0.0 0.077914 0.162963 0.025914 0.058267
0.0 0.302317 0.567864 0.026566 0.034331
0.0 0.302208 0.642231 0.013630 0.023983
