0.0 0.551124 0.639586 0.043918 0.146818
0.0 0.499366 0.617011 0.082563 0.139514
0.0 0.133200 0.744477 0.266400 0.428813
0.0 0.613260 0.519022 0.103156 0.094743
0.0 0.554510 0.416983 0.104932 0.143115
1.0 0.321695 0.378717 0.200808 0.206633
0.0 0.690841 0.843283 0.083704 0.076586
0.0 0.724692 0.578897 0.035235 0.069535
0.0 0.721763 0.444695 0.036556 0.063737
0.0 0.992310 0.345932 0.015380 0.044879
0.0 0.951984 0.386003 0.047294 0.097773
0.0 0.911485 0.401641 0.054518 0.072639
0.0 0.888543 0.549088 0.026785 0.040376
0.0 0.872036 0.513987 0.036139 0.047140
0.0 0.818860 0.490393 0.023877 0.031643
0.0 0.768528 0.493370 0.028922 0.048984
0.0 0.882391 0.759376 0.062453 0.079927
0.0 0.950816 0.776720 0.030039 0.055926
0.0 0.342296 0.688269 0.041237 0.055474
0.0 0.443535 0.693486 0.040457 0.078641
0.0 0.566125 0.865940 0.025020 0.034081
0.0 0.490746 0.891789 0.061859 0.071567
0.0 0.520339 0.924248 0.019373 0.031669
0.0 0.887901 0.872628 0.025863 0.043984
0.0 0.854964 0.885527 0.026785 0.040376
0.0 0.764788 0.929569 0.024772 0.032538
0.0 0.736053 0.936022 0.021660 0.036545
0.0 0.701468 0.929664 0.024027 0.027910
0.0 0.676075 0.959603 0.021412 0.035003
0.0 0.878420 0.946276 0.028399 0.050403
0.0 0.846307 0.967348 0.041033 0.065304
0.0 0.867638 0.984710 0.025065 0.030580
0.0 0.657075 0.753179 0.033727 0.041493
0.0 0.172177 0.722608 0.033053 0.046644
0.0 0.018152 0.680267 0.036303 0.111551
0.0 0.215218 0.563362 0.038027 0.054207
0.0 0.122805 0.459069 0.048321 0.076150
0.0 0.064264 0.232829 0.041210 0.059978
0.0 0.058109 0.511960 0.054074 0.060546
0.0 0.214474 0.105867 0.036086 0.056148
0.0 0.299731 0.029616 0.071081 0.059233
0.0 0.415036 0.118367 0.038577 0.048284
0.0 0.668117 0.197877 0.067499 0.097269
0.0 0.800618 0.166187 0.038550 0.052788
0.0 0.466083 0.174853 0.024099 0.037689
0.0 0.834181 0.242807 0.029250 0.037016
0.0 0.987175 0.097059 0.025650 0.038283
0.0 0.688601 0.532731 0.025668 0.033434
0.0 0.853947 0.355980 0.025792 0.034205
0.0 0.557574 0.968224 0.024772 0.032538
0.0 0.310289 0.960865 0.034028 0.034028
0.0 0.242758 0.942873 0.031785 0.043434
0.0 0.785291 0.782521 0.024223 0.038460
0.0 0.515186 0.985508 0.029622 0.028985
0.0 0.305019 0.821538 0.038825 0.049827
0.0 0.960348 0.088236 0.025393 0.036395
0.0 0.916604 0.074864 0.023628 0.030100
0.0 0.938722 0.148851 0.025641 0.037937
