3.0 0.460156 0.147656 0.114063 0.267188
0.0 0.246875 0.040625 0.084375 0.080469
0.0 0.732812 0.064062 0.096094 0.128125
0.0 0.612500 0.267187 0.042188 0.079687
0.0 0.614844 0.436719 0.046875 0.081250
0.0 0.567187 0.536719 0.064062 0.091406
0.0 0.450781 0.567969 0.076563 0.114844
0.0 0.312500 0.697656 0.060156 0.111719
0.0 0.502344 0.712500 0.046094 0.141406
0.0 0.571094 0.638281 0.098437 0.058594
0.0 0.718750 0.604688 0.049219 0.092969
0.0 0.673438 0.945312 0.040625 0.109375
0.0 0.526563 0.923437 0.029688 0.035938
0.0 0.447656 0.876562 0.023438 0.062500
0.0 0.290625 0.934375 0.039062 0.071094
