0.0 0.919506 0.718878 0.007544 0.010896
0.0 0.577303 0.135724 0.011471 0.017506
0.0 0.529096 0.075973 0.014417 0.022463
0.0 0.606808 0.097088 0.008110 0.009452
0.0 0.569593 0.031134 0.010593 0.016628
0.0 0.526423 0.014849 0.012605 0.014616
0.0 0.543721 0.020413 0.005684 0.008366
0.0 0.529560 0.001513 0.009196 0.003026
0.0 0.583460 0.001302 0.009244 0.002604
0.0 0.533981 0.124189 0.007703 0.017762
0.0 0.522157 0.200655 0.007855 0.013219
0.0 0.581859 0.234431 0.012293 0.012293
0.0 0.610582 0.184076 0.010385 0.015079
0.0 0.688417 0.470810 0.013123 0.018488
0.0 0.697813 0.470339 0.005580 0.007592
0.0 0.650955 0.420654 0.005580 0.007591
0.0 0.669226 0.492299 0.008214 0.010226
0.0 0.657942 0.290447 0.007647 0.011671
0.0 0.692850 0.303899 0.008166 0.015542
0.0 0.687573 0.364512 0.006410 0.013786
0.0 0.674880 0.375671 0.005532 0.012908
