0.0 0.563591 0.530646 0.072416 0.087495
0.0 0.514221 0.709010 0.063120 0.157363
0.0 0.463564 0.577079 0.064172 0.142582
0.0 0.335125 0.706568 0.051523 0.092236
0.0 0.716618 0.593393 0.049717 0.107771
0.0 0.613101 0.288176 0.039247 0.075437
0.0 0.241713 0.058614 0.056530 0.101766
0.0 0.466496 0.866993 0.050237 0.032142
0.0 0.578551 0.624718 0.098697 0.057984
0.0 0.718343 0.057114 0.104075 0.114228
0.0 0.543016 0.045910 0.025574 0.040652
0.0 0.630306 0.018160 0.028723 0.036319
3.0 0.406539 0.328110 0.166069 0.497805
0.0 0.316473 0.914363 0.028750 0.042321
0.0 0.488566 0.940497 0.025144 0.028160
0.0 0.536226 0.894301 0.032008 0.046333
0.0 0.679808 0.909689 0.035583 0.104946
0.0 0.604845 0.457310 0.040811 0.052874
0.0 0.302000 0.266040 0.029665 0.046252
