3.0 0.706142 0.559380 0.185645 0.205962
0.0 0.803784 0.930097 0.095739 0.105897
0.0 0.403461 0.837138 0.087891 0.104580
0.0 0.279541 0.891114 0.056122 0.071359
0.0 0.131171 0.693051 0.048706 0.098771
0.0 0.075298 0.711787 0.048489 0.073159
0.0 0.046877 0.889949 0.046392 0.065257
0.0 0.418610 0.364660 0.047342 0.180124
0.0 0.375538 0.500762 0.111486 0.086817
0.0 0.476410 0.589337 0.084801 0.116001
0.0 0.510655 0.302704 0.057816 0.084662
0.0 0.481501 0.390859 0.078405 0.113233
0.0 0.229043 0.216427 0.067464 0.078347
0.0 0.608615 0.281061 0.055448 0.050369
0.0 0.839873 0.187734 0.302032 0.375468
0.0 0.415365 0.113505 0.059644 0.088667
0.0 0.765242 0.213080 0.035991 0.060661
0.0 0.930635 0.204010 0.076579 0.131723
0.0 0.038408 0.120173 0.076816 0.125972
0.0 0.060755 0.319670 0.065155 0.112318
0.0 0.261502 0.471046 0.031907 0.068911
0.0 0.290188 0.602977 0.027284 0.069368
0.0 0.980089 0.656273 0.039822 0.054131
0.0 0.930380 0.381794 0.051876 0.077271
