0.0 0.756983 0.088168 0.130751 0.149583
0.0 0.284702 0.041944 0.071560 0.083888
0.0 0.677347 0.040254 0.030568 0.059539
0.0 0.623793 0.299626 0.037242 0.066214
0.0 0.606454 0.467572 0.048162 0.056129
0.0 0.703702 0.609930 0.045274 0.114082
0.0 0.553992 0.633822 0.092968 0.064720
0.0 0.486970 0.695662 0.050482 0.143916
0.0 0.447181 0.571458 0.058559 0.137507
0.0 0.307564 0.685346 0.058091 0.097928
0.0 0.269276 0.894889 0.040864 0.062593
0.0 0.491260 0.901162 0.036701 0.047566
0.0 0.628272 0.935113 0.048382 0.125158
1.0 0.420878 0.333860 0.197141 0.507864
0.0 0.563757 0.528780 0.079041 0.076144
