0.0 0.795115 0.187382 0.306062 0.374764
0.0 0.849197 0.439718 0.054193 0.075333
0.0 0.810038 0.910311 0.059065 0.115665
0.0 0.227341 0.976319 0.023971 0.047363
0.0 0.193375 0.986277 0.018994 0.027447
0.0 0.159274 0.983286 0.031378 0.033428
0.0 0.094201 0.968038 0.043725 0.063925
0.0 0.195000 0.932669 0.030025 0.033434
0.0 0.315188 0.878804 0.030066 0.046432
0.0 0.421536 0.821102 0.057457 0.083370
0.0 0.741258 0.366982 0.032299 0.045938
0.0 0.896182 0.372662 0.042559 0.073928
0.0 0.900618 0.213953 0.050133 0.117643
0.0 0.736079 0.213369 0.041060 0.061518
0.0 0.593106 0.293594 0.039040 0.057452
0.0 0.500168 0.318986 0.033934 0.072121
0.0 0.472334 0.394746 0.060939 0.131177
0.0 0.415980 0.384241 0.041122 0.137955
0.0 0.317357 0.518915 0.020973 0.040748
0.0 0.273277 0.492763 0.024679 0.058775
0.0 0.388031 0.511165 0.083547 0.084229
0.0 0.467419 0.575546 0.089767 0.104088
0.0 0.309516 0.610359 0.030467 0.043424
0.0 0.256718 0.583686 0.021066 0.041524
0.0 0.083102 0.364645 0.055479 0.092303
0.0 0.018753 0.366123 0.032086 0.050498
0.0 0.003378 0.342469 0.006757 0.043049
0.0 0.026564 0.632735 0.021576 0.058400
0.0 0.060617 0.810403 0.022898 0.044038
0.0 0.094660 0.896787 0.044990 0.049764
0.0 0.061470 0.908666 0.030884 0.059524
0.0 0.152395 0.690720 0.051268 0.101730
0.0 0.118846 0.719167 0.041424 0.089841
0.0 0.216761 0.591661 0.016975 0.045615
0.0 0.158616 0.592389 0.034225 0.049228
0.0 0.132776 0.560885 0.025012 0.048879
0.0 0.401765 0.142797 0.071137 0.082730
0.0 0.342168 0.190129 0.020504 0.036870
0.0 0.235659 0.239981 0.078451 0.073677
0.0 0.207113 0.160015 0.020462 0.023872
0.0 0.171248 0.162773 0.019635 0.036001
0.0 0.148984 0.180415 0.019635 0.036001
0.0 0.062568 0.175115 0.034522 0.070664
0.0 0.034953 0.174516 0.032585 0.092594
0.0 0.078288 0.240105 0.018297 0.031253
0.0 0.049044 0.258589 0.018271 0.037365
0.0 0.100189 0.076139 0.017709 0.032711
0.0 0.121864 0.060143 0.009698 0.023336
0.0 0.358321 0.056761 0.021227 0.049186
0.0 0.326792 0.088899 0.020717 0.032310
0.0 0.327682 0.037641 0.016584 0.023404
0.0 0.552318 0.034113 0.028421 0.045469
0.0 0.617376 0.029848 0.028905 0.059696
0.0 0.591139 0.160054 0.033491 0.062132
0.0 0.963153 0.627407 0.034507 0.051555
0.0 0.860360 0.786193 0.035980 0.070076
0.0 0.759636 0.655926 0.053912 0.073006
0.0 0.285855 0.310250 0.041180 0.056182
0.0 0.263483 0.822095 0.021722 0.046953
0.0 0.364577 0.277919 0.020155 0.027656
0.0 0.113335 0.458572 0.018859 0.035907
0.0 0.157457 0.380845 0.013992 0.039905
0.0 0.032475 0.258230 0.020369 0.023096
0.0 0.013220 0.274721 0.016907 0.038728
0.0 0.088669 0.775537 0.018781 0.054241
0.0 0.167063 0.799118 0.013081 0.026038
0.0 0.214381 0.721791 0.019327 0.039785
0.0 0.215962 0.129043 0.019968 0.026105
0.0 0.325698 0.236187 0.019968 0.026105
0.0 0.076521 0.596797 0.016251 0.033299
0.0 0.513594 0.071842 0.014700 0.033112
0.0 0.445039 0.012447 0.028619 0.021800
0.0 0.952621 0.175407 0.016907 0.038728
0.0 0.925271 0.157464 0.024075 0.041123
0.0 0.895252 0.058790 0.023206 0.040254
0.0 0.674068 0.820500 0.046422 0.055287
