1.0 0.438960 0.841414 0.136893 0.316848
0.0 0.705694 0.936918 0.134714 0.126165
0.0 0.222741 0.932926 0.084247 0.106192
0.0 0.616175 0.722441 0.030178 0.060902
0.0 0.574101 0.466229 0.071288 0.097623
0.0 0.612261 0.545299 0.051328 0.063764
0.0 0.730255 0.409356 0.033032 0.094480
0.0 0.590903 0.371774 0.087406 0.044246
0.0 0.463553 0.431212 0.070444 0.121651
0.0 0.335809 0.256586 0.048362 0.128829
0.0 0.702506 0.073408 0.043016 0.105195
0.0 0.524222 0.272937 0.063153 0.167030
0.0 0.473048 0.113223 0.029800 0.042236
0.0 0.552849 0.075891 0.033265 0.035459
0.0 0.325151 0.049282 0.049423 0.070637
0.0 0.284215 0.736347 0.027396 0.066167
