0.0 0.839844 0.207813 0.320312 0.415625
0.0 0.758594 0.937500 0.085938 0.125000
0.0 0.936719 0.685156 0.046094 0.054688
0.0 0.934375 0.253125 0.050781 0.134375
0.0 0.768750 0.243750 0.042187 0.070312
0.0 0.618750 0.299219 0.030469 0.046094
0.0 0.445312 0.130469 0.044531 0.060937
0.0 0.430469 0.382812 0.017187 0.140625
0.0 0.484375 0.378906 0.047656 0.103906
0.0 0.525781 0.316406 0.032031 0.062500
0.0 0.264063 0.212500 0.054688 0.063281
0.0 0.090625 0.121875 0.050781 0.100000
0.0 0.385156 0.492188 0.096094 0.062500
0.0 0.283594 0.463281 0.032031 0.046094
0.0 0.092188 0.671094 0.042187 0.086719
0.0 0.132031 0.655469 0.035938 0.064844
0.0 0.051562 0.852344 0.043750 0.032031
0.0 0.264063 0.857031 0.036719 0.050781
0.0 0.390625 0.814062 0.052344 0.071094
0.0 0.463281 0.569531 0.059375 0.086719
0.0 0.302344 0.573438 0.018750 0.048437
0.0 0.911719 0.428906 0.039062 0.070312
