3.0 0.698171 0.448126 0.182446 0.183130
0.0 0.066455 0.016680 0.028064 0.033361
0.0 0.071968 0.078319 0.052854 0.039191
0.0 0.209272 0.008762 0.031214 0.017525
0.0 0.829380 0.080619 0.074944 0.096121
0.0 0.880616 0.198461 0.037165 0.067906
0.0 0.682512 0.157501 0.030566 0.051059
0.0 0.774550 0.328996 0.071355 0.078870
0.0 0.986579 0.359986 0.026842 0.050191
0.0 0.867991 0.561241 0.040303 0.062163
0.0 0.753299 0.638817 0.028644 0.047771
0.0 0.812746 0.814474 0.304905 0.371052
0.0 0.748683 0.802707 0.025355 0.045849
0.0 0.950828 0.855951 0.023318 0.028783
0.0 0.923989 0.803965 0.051567 0.111683
0.0 0.598118 0.719428 0.031804 0.055031
0.0 0.921496 0.633720 0.043371 0.068647
0.0 0.496519 0.693923 0.040916 0.073706
0.0 0.470096 0.612089 0.061362 0.129675
0.0 0.410989 0.612901 0.044064 0.151315
0.0 0.379390 0.488748 0.090123 0.088757
0.0 0.465542 0.419567 0.091257 0.111068
0.0 0.298467 0.382312 0.024117 0.041878
0.0 0.417603 0.162069 0.067962 0.095288
0.0 0.304513 0.476662 0.028806 0.036320
0.0 0.259139 0.507438 0.030681 0.064838
0.0 0.217104 0.773865 0.081660 0.075512
0.0 0.055029 0.642004 0.061536 0.099109
0.0 0.001669 0.638289 0.003338 0.047308
0.0 0.271358 0.701662 0.038844 0.062753
0.0 0.555342 0.986493 0.031318 0.027014
0.0 0.622114 0.983415 0.027648 0.033169
0.0 0.350604 0.960538 0.023769 0.051777
0.0 0.033406 0.849498 0.039585 0.068959
0.0 0.013252 0.848178 0.026504 0.098195
0.0 0.012927 0.749821 0.025854 0.049878
0.0 0.054395 0.772537 0.019995 0.032974
0.0 0.075784 0.942678 0.019382 0.021431
0.0 0.186933 0.855237 0.017297 0.029594
0.0 0.152337 0.855041 0.023121 0.046347
0.0 0.125116 0.839203 0.022137 0.031701
0.0 0.199114 0.885016 0.028030 0.036228
0.0 0.302109 0.094778 0.029905 0.064745
0.0 0.246511 0.151872 0.017390 0.030369
0.0 0.242140 0.412567 0.016047 0.044738
0.0 0.135863 0.399879 0.030855 0.034271
0.0 0.108239 0.433561 0.024707 0.040419
0.0 0.094515 0.265121 0.041529 0.085250
0.0 0.129100 0.298362 0.054092 0.094396
0.0 0.061342 0.206872 0.016232 0.046290
0.0 0.329830 0.831383 0.019439 0.028320
0.0 0.391508 0.874939 0.077248 0.083397
0.0 0.596095 0.861597 0.030600 0.044946
0.0 0.200365 0.393417 0.035845 0.044043
0.0 0.144101 0.680176 0.024869 0.028968
0.0 0.289961 0.578782 0.029952 0.039516
0.0 0.238721 0.250078 0.012550 0.028262
0.0 0.197028 0.263197 0.016892 0.032604
0.0 0.353135 0.735029 0.021917 0.036263
0.0 0.311620 0.937787 0.023248 0.041010
