0.0 0.421094 0.394531 0.026562 0.122656
0.0 0.482031 0.409375 0.058594 0.106250
0.0 0.363281 0.488281 0.097656 0.084375
0.0 0.528125 0.339844 0.029688 0.057812
0.0 0.641406 0.332812 0.038281 0.052344
0.0 0.803906 0.871875 0.057813 0.112500
0.0 0.796094 0.158594 0.083594 0.162500
0.0 0.821875 0.288281 0.024219 0.061719
0.0 0.435938 0.190625 0.075000 0.061719
0.0 0.225781 0.256250 0.069531 0.065625
0.0 0.230469 0.799219 0.026562 0.058594
0.0 0.366406 0.757031 0.067969 0.079688
0.0 0.454687 0.560156 0.089062 0.072656
3.0 0.612500 0.632812 0.327344 0.240625
0.0 0.803125 0.410156 0.028125 0.042969
0.0 0.239062 0.472656 0.024219 0.057031
0.0 0.264844 0.571094 0.024219 0.035937
0.0 0.279688 0.321094 0.035938 0.045313
0.0 0.206250 0.535937 0.015625 0.044531
