0.0 0.722656 0.082031 0.321094 0.164062
0.0 0.192187 0.096875 0.075781 0.105469
0.0 0.686719 0.071094 0.037500 0.039062
0.0 0.762500 0.595312 0.049219 0.119531
0.0 0.642969 0.477344 0.068750 0.069531
0.0 0.644531 0.329688 0.043750 0.070312
0.0 0.578125 0.522656 0.078906 0.086719
0.0 0.593750 0.614062 0.107031 0.033594
0.0 0.455469 0.558594 0.065625 0.107031
0.0 0.284375 0.675000 0.060156 0.101562
0.0 0.508594 0.685156 0.060156 0.126562
0.0 0.705469 0.876562 0.034375 0.100000
0.0 0.528906 0.857031 0.039062 0.036719
0.0 0.435938 0.822656 0.025781 0.057031
0.0 0.260156 0.878906 0.050000 0.071094
1.0 0.457031 0.219531 0.142187 0.285938
