0.0 0.802344 0.086719 0.075000 0.075781
0.0 0.740625 0.284375 0.025000 0.057812
0.0 0.366406 0.466406 0.053125 0.051563
0.0 0.421094 0.525781 0.089844 0.076562
0.0 0.413281 0.608594 0.095312 0.048437
0.0 0.239844 0.592969 0.046875 0.103906
0.0 0.176562 0.638281 0.032031 0.052344
0.0 0.196875 0.699219 0.017187 0.039844
0.0 0.288281 0.085938 0.239063 0.171875
0.0 0.314844 0.072656 0.028906 0.047656
0.0 0.427344 0.097656 0.039844 0.035156
0.0 0.179688 0.228125 0.021094 0.037500
0.0 0.173437 0.332031 0.025000 0.048437
0.0 0.631250 0.115625 0.050000 0.085156
0.0 0.358594 0.314062 0.032031 0.053906
0.0 0.545312 0.564844 0.061719 0.121875
3.0 0.545313 0.211719 0.111719 0.229687
0.0 0.489062 0.783594 0.029688 0.050000
0.0 0.473437 0.852344 0.041406 0.047656
0.0 0.748437 0.867188 0.037500 0.036719
0.0 0.717969 0.682031 0.060156 0.089063
0.0 0.560937 0.816406 0.029688 0.039062
0.0 0.532031 0.892187 0.030469 0.036719
0.0 0.542188 0.955469 0.020312 0.052344
0.0 0.292969 0.869531 0.046875 0.106250
0.0 0.342969 0.800000 0.035938 0.041406
0.0 0.238281 0.902344 0.016406 0.025000
0.0 0.214844 0.870312 0.014844 0.048438
0.0 0.236719 0.954687 0.027344 0.031250
0.0 0.703125 0.943750 0.032031 0.028906
0.0 0.628125 0.984375 0.028125 0.031250
0.0 0.494531 0.683594 0.057812 0.126562
0.0 0.268750 0.691406 0.021094 0.033594
0.0 0.328906 0.675000 0.020313 0.022656
0.0 0.428906 0.792187 0.014063 0.040625
0.0 0.382812 0.817188 0.016406 0.035156
0.0 0.243750 0.989063 0.024219 0.021875
0.0 0.265625 0.284375 0.024219 0.059375
