1.0 0.520458 0.833149 0.127080 0.312699
0.0 0.361309 0.706034 0.041413 0.072947
0.0 0.385936 0.534793 0.049043 0.081293
0.0 0.439093 0.467713 0.088756 0.103806
0.0 0.548794 0.428653 0.085845 0.154646
0.0 0.292476 0.379999 0.056324 0.114375
0.0 0.363383 0.057879 0.052114 0.115759
0.0 0.508365 0.080588 0.043596 0.061513
0.0 0.701118 0.297377 0.062492 0.114093
0.0 0.746542 0.081555 0.043749 0.073133
0.0 0.581146 0.131064 0.027524 0.054041
0.0 0.400130 0.130737 0.039917 0.073601
0.0 0.438255 0.360275 0.098207 0.057356
0.0 0.512219 0.287800 0.065473 0.151474
0.0 0.322598 0.257788 0.022202 0.035819
0.0 0.263129 0.246776 0.027309 0.041643
0.0 0.210316 0.683021 0.029387 0.077404
0.0 0.208134 0.798839 0.027925 0.068776
0.0 0.718895 0.977958 0.069420 0.044083
0.0 0.682424 0.767691 0.036932 0.055565
0.0 0.576780 0.957992 0.044523 0.084017
0.0 0.284717 0.732843 0.035842 0.051609
0.0 0.227543 0.928919 0.098411 0.108445
0.0 0.526546 0.157276 0.022011 0.052828
0.0 0.566668 0.037429 0.025780 0.051581
0.0 0.296313 0.037032 0.017027 0.048561
0.0 0.242929 0.313350 0.032541 0.049024
0.0 0.399410 0.965352 0.035063 0.051547
