0.0 0.795436 0.188176 0.355140 0.376352
0.0 0.738058 0.178604 0.050288 0.085272
0.0 0.914626 0.182014 0.071867 0.134573
0.0 0.376658 0.109829 0.098305 0.118767
0.0 0.223952 0.242682 0.087507 0.091467
0.0 0.034060 0.171619 0.068120 0.100631
0.0 0.056540 0.372158 0.074436 0.110740
0.0 0.101829 0.746891 0.051072 0.121700
0.0 0.142295 0.721239 0.060701 0.063341
0.0 0.385251 0.514401 0.086769 0.101951
0.0 0.406696 0.380202 0.043181 0.171234
0.0 0.461278 0.380910 0.081518 0.148845
0.0 0.470118 0.587270 0.080127 0.128972
0.0 0.595069 0.275297 0.045597 0.068699
0.0 0.496399 0.307876 0.057662 0.078784
0.0 0.985035 0.622931 0.029929 0.079408
0.0 0.440543 0.838720 0.102135 0.108736
0.0 0.324087 0.906270 0.077820 0.066599
0.0 0.082881 0.935993 0.054933 0.054933
0.0 0.834185 0.901205 0.094666 0.119749
0.0 0.306816 0.620609 0.028441 0.054844
0.0 0.262006 0.497672 0.043783 0.087347
1.0 0.698598 0.551511 0.189731 0.226694
