1.0 0.612260 0.654293 0.226637 0.515760
0.0 0.526846 0.423504 0.077854 0.140707
0.0 0.469328 0.303933 0.069030 0.147761
0.0 0.436442 0.480759 0.084078 0.094664
0.0 0.410779 0.385005 0.081709 0.062523
0.0 0.278794 0.115947 0.052871 0.124986
0.0 0.635040 0.068465 0.033426 0.047981
0.0 0.278485 0.430941 0.048207 0.108413
0.0 0.413930 0.723971 0.035770 0.064219
0.0 0.404064 0.551738 0.052120 0.067336
0.0 0.808423 0.914087 0.069506 0.098617
0.0 0.723385 0.713239 0.028699 0.062441
0.0 0.639766 0.276171 0.060252 0.113181
0.0 0.494720 0.140819 0.028890 0.042784
0.0 0.419101 0.109111 0.042051 0.055283
0.0 0.423504 0.989053 0.040592 0.021894
0.0 0.505642 0.954640 0.034096 0.052621
0.0 0.336614 0.947333 0.122470 0.105334
0.0 0.460902 0.059662 0.025231 0.033170
0.0 0.330612 0.190559 0.033012 0.066092
