3.0 0.700000 0.421094 0.198438 0.197656
0.0 0.772656 0.042969 0.083594 0.085938
0.0 0.374219 0.182812 0.090625 0.100781
0.0 0.243750 0.134375 0.052344 0.078125
0.0 0.024219 0.133594 0.048437 0.060937
0.0 0.114844 0.353125 0.046875 0.103906
0.0 0.065625 0.321875 0.060156 0.088281
0.0 0.424219 0.644531 0.042969 0.160938
0.0 0.371875 0.513281 0.091406 0.080469
0.0 0.453906 0.433594 0.085156 0.106250
0.0 0.518750 0.700000 0.044531 0.088281
0.0 0.484375 0.613281 0.049219 0.119531
0.0 0.621094 0.727344 0.023438 0.059375
0.0 0.852344 0.808594 0.248437 0.382812
0.0 0.782031 0.786719 0.034375 0.039844
0.0 0.961719 0.761719 0.054687 0.142187
0.0 0.443750 0.905469 0.077344 0.106250
0.0 0.251562 0.806250 0.079687 0.097656
0.0 0.070312 0.905469 0.064844 0.128125
0.0 0.260156 0.551562 0.028125 0.084375
0.0 0.288281 0.407813 0.019531 0.046094
0.0 0.964844 0.296875 0.038281 0.078906
0.0 0.934375 0.583594 0.040625 0.068750
