0.0 0.563992 0.464064 0.072487 0.092301
0.0 0.504093 0.281868 0.056875 0.156710
0.0 0.308303 0.296771 0.056161 0.095028
0.0 0.455341 0.430749 0.072501 0.125085
0.0 0.570829 0.359181 0.086759 0.069230
0.0 0.614824 0.530040 0.055499 0.067692
0.0 0.623900 0.711123 0.038146 0.060247
0.0 0.442418 0.123159 0.031841 0.057753
0.0 0.274490 0.062365 0.042165 0.065028
0.0 0.748884 0.934724 0.090332 0.120053
0.0 0.777477 0.695680 0.019667 0.070727
0.0 0.713675 0.384634 0.042438 0.140749
0.0 0.767003 0.327857 0.027520 0.040475
0.0 0.746631 0.261144 0.022034 0.039562
0.0 0.742187 0.174507 0.020969 0.027828
0.0 0.709512 0.212810 0.012586 0.036211
0.0 0.691424 0.272641 0.022204 0.046591
0.0 0.707294 0.024527 0.013424 0.038573
0.0 0.664465 0.063573 0.037449 0.127145
0.0 0.620164 0.137608 0.035992 0.068000
0.0 0.511612 0.076157 0.035576 0.050818
0.0 0.459711 0.030526 0.024055 0.026341
0.0 0.574692 0.970204 0.030260 0.056934
0.0 0.256741 0.972430 0.053748 0.055141
0.0 0.730014 0.059143 0.017575 0.048821
0.0 0.585823 0.107181 0.024452 0.042743
0.0 0.396127 0.952653 0.042178 0.094694
0.0 0.305409 0.757914 0.038127 0.059466
0.0 0.699597 0.738986 0.039746 0.061847
0.0 0.776430 0.813709 0.024988 0.032608
0.0 0.659810 0.225736 0.021272 0.040324
0.0 0.637969 0.291910 0.017196 0.033200
0.0 0.550823 0.146321 0.018318 0.047278
0.0 0.493960 0.153951 0.025882 0.037313
0.0 0.752022 0.612679 0.019099 0.047296
3.0 0.467637 0.841509 0.102229 0.288943
0.0 0.327104 0.653452 0.016604 0.040992
0.0 0.672031 0.988164 0.023028 0.016169
0.0 0.619842 0.479122 0.008378 0.023620
0.0 0.661384 0.387464 0.009978 0.025220
