3.0 0.549150 0.210377 0.128223 0.223250
0.0 0.798683 0.095897 0.079077 0.087576
0.0 0.278514 0.111796 0.240673 0.220586
0.0 0.309331 0.072391 0.038110 0.055879
0.0 0.356619 0.321884 0.028649 0.047964
0.0 0.366173 0.479601 0.047502 0.057545
0.0 0.416898 0.615768 0.109113 0.048852
0.0 0.417658 0.543099 0.095457 0.085413
0.0 0.555245 0.550175 0.075858 0.078948
0.0 0.751806 0.874587 0.029715 0.073752
0.0 0.716780 0.674180 0.050868 0.079453
0.0 0.739801 0.282496 0.033535 0.065983
0.0 0.496515 0.679737 0.067653 0.114007
0.0 0.235366 0.591208 0.052327 0.070096
0.0 0.301920 0.887366 0.051960 0.107585
0.0 0.471027 0.847997 0.027747 0.037018
0.0 0.560572 0.820445 0.011377 0.039962
