0.0 0.732813 0.935938 0.103125 0.125000
0.0 0.562500 0.475000 0.067188 0.094531
0.0 0.462500 0.435156 0.053906 0.144531
0.0 0.507812 0.305469 0.052344 0.144531
0.0 0.331250 0.300781 0.053906 0.092188
0.0 0.299219 0.092188 0.031250 0.046094
0.0 0.666406 0.092969 0.037500 0.122656
0.0 0.523438 0.103125 0.030469 0.042969
0.0 0.453906 0.143750 0.019531 0.036719
0.0 0.501562 0.179688 0.019531 0.025781
0.0 0.620313 0.167969 0.027344 0.050000
0.0 0.707031 0.412500 0.038281 0.092188
0.0 0.696094 0.359375 0.017187 0.020312
0.0 0.721094 0.353125 0.014063 0.025000
0.0 0.473437 0.056250 0.020312 0.025781
0.0 0.725781 0.083594 0.016406 0.027344
0.0 0.707812 0.052344 0.015625 0.027344
0.0 0.571875 0.378125 0.071875 0.040625
0.0 0.607031 0.537500 0.039062 0.046875
0.0 0.613281 0.710156 0.025781 0.048437
0.0 0.333594 0.641406 0.017969 0.028125
0.0 0.309375 0.738281 0.025781 0.053125
0.0 0.255469 0.960938 0.054688 0.075000
0.0 0.557813 0.950000 0.025781 0.048437
0.0 0.646875 0.978906 0.027344 0.041406
0.0 0.335156 0.013281 0.014844 0.025781
0.0 0.632812 0.303906 0.014844 0.031250
0.0 0.687500 0.289062 0.016406 0.028906
0.0 0.742188 0.279687 0.016406 0.032031
0.0 0.759375 0.343750 0.025000 0.027344
0.0 0.772656 0.292969 0.017969 0.033594
0.0 0.761719 0.692969 0.020313 0.052344
0.0 0.685156 0.736719 0.025000 0.050000
0.0 0.742188 0.858594 0.014063 0.028125
0.0 0.754687 0.807813 0.015625 0.032031
0.0 0.659375 0.247656 0.017187 0.023438
0.0 0.390625 0.022656 0.014063 0.024219
0.0 0.738281 0.616406 0.020313 0.027344
0.0 0.703906 0.234375 0.013281 0.024219
0.0 0.770312 0.481250 0.012500 0.028125
0.0 0.615625 0.485938 0.012500 0.023438
0.0 0.770312 0.820312 0.010156 0.021094
