0.0 0.673298 0.872960 0.070015 0.128187
0.0 0.495293 0.854870 0.039126 0.058280
0.0 0.408873 0.803310 0.043774 0.067185
0.0 0.228757 0.817974 0.061630 0.085750
0.0 0.271633 0.652356 0.063118 0.085110
0.0 0.437527 0.550162 0.084409 0.116333
0.0 0.492646 0.671895 0.071760 0.165403
0.0 0.579008 0.528945 0.091912 0.087655
0.0 0.583182 0.614802 0.103327 0.050830
0.0 0.750503 0.602929 0.064102 0.087513
0.0 0.632761 0.470953 0.063457 0.062748
0.0 0.659222 0.331335 0.036469 0.045691
0.0 0.788691 0.144354 0.156370 0.118062
0.0 0.240213 0.076258 0.071562 0.075818
1.0 0.481600 0.211321 0.153646 0.244451
