0.0 0.220709 0.078453 0.052958 0.102415
0.0 0.407077 0.212388 0.016207 0.026541
0.0 0.347040 0.172586 0.032456 0.053863
0.0 0.158964 0.196001 0.021576 0.054055
0.0 0.046167 0.338983 0.026156 0.037966
0.0 0.146009 0.537032 0.034729 0.067208
0.0 0.183904 0.807938 0.278628 0.384123
0.0 0.081892 0.770500 0.047791 0.107582
0.0 0.050067 0.804289 0.022867 0.034678
0.0 0.079831 0.906745 0.017004 0.041364
0.0 0.241750 0.775203 0.028010 0.043511
0.0 0.250480 0.617476 0.031868 0.042941
0.0 0.093365 0.605584 0.036247 0.066512
0.0 0.248705 0.322614 0.048897 0.070304
0.0 0.536832 0.428387 0.081193 0.092266
0.0 0.611935 0.501022 0.078433 0.084338
0.0 0.575448 0.622688 0.027667 0.138392
0.0 0.521686 0.612279 0.048965 0.129426
0.0 0.486666 0.688488 0.030829 0.066999
0.0 0.392330 0.709209 0.030308 0.042857
0.0 0.595723 0.185030 0.055029 0.083080
0.0 0.710350 0.134270 0.028765 0.057553
0.0 0.803989 0.042390 0.018833 0.060909
0.0 0.874434 0.028430 0.020317 0.030652
0.0 0.841334 0.023951 0.013128 0.027153
0.0 0.938187 0.050038 0.025385 0.081485
0.0 0.973587 0.126372 0.010326 0.018446
0.0 0.933063 0.129333 0.033387 0.042245
0.0 0.953390 0.274545 0.018313 0.036767
0.0 0.959245 0.223376 0.013632 0.036515
0.0 0.928728 0.252400 0.009354 0.029284
0.0 0.895653 0.306598 0.034452 0.076528
0.0 0.862142 0.338131 0.040777 0.078424
0.0 0.758996 0.195026 0.022766 0.018337
0.0 0.978466 0.406201 0.014748 0.042798
0.0 0.870289 0.460526 0.020275 0.029871
0.0 0.847103 0.436737 0.024746 0.026223
0.0 0.789651 0.430438 0.010008 0.026986
0.0 0.746468 0.442149 0.017742 0.040625
0.0 0.696782 0.405702 0.025736 0.030165
0.0 0.726689 0.525363 0.021576 0.054055
0.0 0.681324 0.496507 0.022045 0.033856
0.0 0.799027 0.299277 0.011526 0.026289
0.0 0.745953 0.781729 0.085521 0.071496
0.0 0.699631 0.705983 0.033278 0.054685
0.0 0.906497 0.668257 0.053931 0.091577
0.0 0.991768 0.693202 0.016463 0.038621
0.0 0.972112 0.666293 0.020083 0.040751
0.0 0.847687 0.229375 0.025040 0.031683
0.0 0.940650 0.837761 0.026240 0.039527
0.0 0.935575 0.888888 0.018942 0.048469
0.0 0.915468 0.864151 0.028278 0.062972
0.0 0.871799 0.954126 0.018438 0.039107
0.0 0.847633 0.970291 0.009798 0.023085
0.0 0.643157 0.979723 0.011929 0.019310
0.0 0.613562 0.953149 0.028219 0.047412
0.0 0.576056 0.866757 0.066924 0.072829
0.0 0.461194 0.927701 0.013489 0.019394
0.0 0.417877 0.966020 0.027674 0.037270
0.0 0.351483 0.968026 0.023958 0.054961
0.0 0.383440 0.834868 0.023161 0.040139
0.0 0.755686 0.889957 0.021500 0.023714
0.0 0.828606 0.849263 0.019663 0.032950
0.0 0.803642 0.850606 0.014328 0.034997
0.0 0.971518 0.757080 0.012390 0.027892
0.0 0.951209 0.772255 0.013615 0.021735
0.0 0.933099 0.770100 0.017826 0.042186
0.0 0.901047 0.785124 0.022406 0.026097
0.0 0.672455 0.855314 0.011065 0.017708
0.0 0.637148 0.824353 0.016207 0.026541
0.0 0.646167 0.919318 0.023630 0.019940
0.0 0.596793 0.437681 0.009924 0.025425
0.0 0.715082 0.644126 0.018774 0.045348
0.0 0.689395 0.588394 0.023312 0.028479
0.0 0.927456 0.432416 0.018631 0.028227
0.0 0.834692 0.642388 0.007206 0.018278
