0.0 0.578259 0.370043 0.027173 0.143004
0.0 0.524629 0.379176 0.072055 0.137395
0.0 0.537083 0.590183 0.092457 0.140720
0.0 0.614898 0.501659 0.093975 0.091748
3.0 0.303725 0.579652 0.186995 0.195905
0.0 0.962508 0.139941 0.022256 0.041561
0.0 0.938672 0.115321 0.033497 0.064682
0.0 0.965558 0.093159 0.021665 0.045425
0.0 0.930246 0.321404 0.052088 0.078818
0.0 0.993290 0.325476 0.013421 0.041599
0.0 0.758444 0.202790 0.074150 0.068210
0.0 0.641285 0.150963 0.019021 0.039069
0.0 0.603101 0.131904 0.013067 0.028659
0.0 0.571272 0.110807 0.055800 0.075106
0.0 0.608454 0.086016 0.016742 0.024167
0.0 0.850253 0.132153 0.024218 0.033871
0.0 0.821873 0.120609 0.022256 0.041561
0.0 0.784417 0.118793 0.022544 0.031454
0.0 0.769770 0.082103 0.020870 0.029038
0.0 0.486979 0.300698 0.037777 0.072675
0.0 0.387110 0.279431 0.036869 0.053947
0.0 0.736067 0.470771 0.026838 0.055796
0.0 0.694530 0.504737 0.024029 0.029969
0.0 0.705673 0.597573 0.030324 0.047401
0.0 0.808554 0.572838 0.020908 0.029818
0.0 0.762263 0.559644 0.023377 0.048622
0.0 0.893463 0.531589 0.023263 0.046281
0.0 0.869987 0.564084 0.033582 0.034325
0.0 0.956336 0.751297 0.017763 0.045236
0.0 0.921779 0.705820 0.041617 0.087652
0.0 0.883935 0.679739 0.049922 0.066257
0.0 0.967329 0.967036 0.024336 0.065928
0.0 0.956072 0.885817 0.046120 0.052060
0.0 0.724564 0.885544 0.028172 0.051190
0.0 0.605253 0.829702 0.059376 0.084621
0.0 0.202337 0.944702 0.061754 0.085515
0.0 0.338351 0.849614 0.033961 0.042128
0.0 0.896744 0.990852 0.026333 0.018296
0.0 0.708432 0.282494 0.028347 0.038742
0.0 0.151231 0.187513 0.290243 0.375025
0.0 0.225297 0.212925 0.030475 0.050523
0.0 0.124007 0.463001 0.036179 0.071819
0.0 0.066394 0.392942 0.040520 0.065023
0.0 0.051382 0.218573 0.053714 0.112372
0.0 0.020077 0.670712 0.031960 0.049038
0.0 0.449961 0.047828 0.021840 0.032977
0.0 0.407260 0.011843 0.027893 0.023685
0.0 0.343826 0.013951 0.022696 0.027902
0.0 0.375820 0.141223 0.030437 0.049743
0.0 0.777683 0.822417 0.021386 0.023613
0.0 0.852723 0.936341 0.021248 0.036841
0.0 0.955755 0.214702 0.021211 0.036061
0.0 0.927124 0.192196 0.023362 0.032273
0.0 0.652445 0.049822 0.020984 0.031379
0.0 0.617018 0.022293 0.025074 0.035470
0.0 0.853783 0.349767 0.017635 0.026545
0.0 0.839718 0.284947 0.018605 0.030485
0.0 0.817616 0.708593 0.022104 0.038440
0.0 0.139228 0.826664 0.025467 0.059622
