0.0 0.104687 0.571875 0.034375 0.100781
0.0 0.014844 0.550000 0.026562 0.058594
0.0 0.112500 0.459375 0.052344 0.044531
0.0 0.120313 0.227344 0.053906 0.085937
0.0 0.322656 0.170312 0.117188 0.157031
0.0 0.253125 0.250781 0.027344 0.051562
0.0 0.407813 0.085938 0.041406 0.062500
0.0 0.453125 0.111719 0.025000 0.042187
0.0 0.494531 0.131250 0.004687 0.025000
0.0 0.532031 0.154687 0.051563 0.074219
0.0 0.504688 0.223438 0.024219 0.032031
0.0 0.439063 0.290625 0.028125 0.025781
0.0 0.411719 0.311719 0.017187 0.032812
0.0 0.461719 0.360938 0.032812 0.081250
0.0 0.493750 0.370313 0.025781 0.034375
0.0 0.558594 0.384375 0.020313 0.025000
0.0 0.479688 0.454688 0.018750 0.028906
0.0 0.534375 0.502344 0.077344 0.164062
0.0 0.628125 0.448438 0.015625 0.035156
0.0 0.648438 0.535937 0.022656 0.042969
0.0 0.676562 0.517187 0.012500 0.027344
0.0 0.572656 0.657812 0.026562 0.035156
0.0 0.550000 0.738281 0.011719 0.029688
0.0 0.547656 0.881250 0.104687 0.235156
0.0 0.725000 0.714063 0.036719 0.075000
0.0 0.654688 0.658594 0.031250 0.054688
0.0 0.625781 0.641406 0.023438 0.045313
0.0 0.632812 0.607031 0.013281 0.026562
0.0 0.675000 0.777344 0.046094 0.089062
0.0 0.723437 0.842969 0.025781 0.035938
0.0 0.720312 0.882812 0.025000 0.027344
0.0 0.844531 0.945312 0.032812 0.071094
0.0 0.910156 0.971094 0.023438 0.054688
0.0 0.950000 0.971875 0.041406 0.028125
0.0 0.943750 0.824219 0.017969 0.023438
0.0 0.409375 0.229687 0.025000 0.040625
0.0 0.395312 0.405469 0.016406 0.029688
0.0 0.360938 0.335938 0.014844 0.017969
0.0 0.346875 0.417969 0.014844 0.035937
