0.0 0.405448 0.388819 0.099872 0.036756
0.0 0.233120 0.415939 0.056605 0.107840
0.0 0.732647 0.119549 0.043110 0.054248
0.0 0.708944 0.308417 0.065880 0.090384
0.0 0.824175 0.894935 0.065364 0.095808
0.0 0.751367 0.699791 0.028373 0.071440
0.0 0.371272 0.539086 0.049617 0.060013
0.0 0.367793 0.693342 0.033746 0.053794
0.0 0.304736 0.917737 0.248508 0.164527
0.0 0.337335 0.936506 0.029504 0.046582
0.0 0.193770 0.782334 0.028383 0.039522
0.0 0.184325 0.684239 0.020580 0.039144
0.0 0.278408 0.721136 0.032928 0.052976
0.0 0.450796 0.905199 0.041914 0.045626
0.0 0.650322 0.874416 0.056289 0.085248
0.0 0.456975 0.144634 0.044141 0.043399
0.0 0.332615 0.209320 0.032525 0.060742
0.0 0.278038 0.132183 0.054339 0.109287
0.0 0.221987 0.024613 0.019044 0.023499
0.0 0.221233 0.057500 0.025816 0.034726
0.0 0.196997 0.138455 0.020756 0.026696
0.0 0.541467 0.177303 0.023072 0.042378
0.0 0.489330 0.312015 0.060382 0.137606
0.0 0.546099 0.434412 0.067127 0.116135
0.0 0.419523 0.469483 0.085010 0.083525
0.0 0.679744 0.044677 0.027465 0.052712
0.0 0.188410 0.316423 0.016438 0.017923
0.0 0.171698 0.375112 0.035922 0.034437
0.0 0.511899 0.099737 0.024520 0.040113
0.0 0.505891 0.024158 0.035620 0.028194
0.0 0.608215 0.008046 0.018968 0.016092
0.0 0.290947 0.285645 0.014626 0.028735
0.0 0.259987 0.324688 0.021612 0.028294
0.0 0.483333 0.204366 0.017497 0.039773
0.0 0.319604 0.021449 0.020794 0.027476
0.0 0.618891 0.064050 0.022103 0.038439
1.0 0.560768 0.785676 0.125509 0.260650
