0.0 0.174761 0.196453 0.270961 0.392907
0.0 0.146718 0.472354 0.048000 0.071547
0.0 0.229340 0.937289 0.049112 0.112157
0.0 0.816491 0.958050 0.018153 0.064487
0.0 0.851421 0.966822 0.014602 0.048783
0.0 0.885173 0.961493 0.026487 0.055351
0.0 0.948944 0.944482 0.035344 0.093832
0.0 0.843802 0.902527 0.027386 0.031184
0.0 0.719137 0.860037 0.026188 0.044418
0.0 0.607897 0.812444 0.050557 0.079421
0.0 0.247449 0.389923 0.028509 0.043701
0.0 0.093718 0.409943 0.036286 0.071227
0.0 0.074586 0.252329 0.039826 0.115024
0.0 0.238362 0.236492 0.035944 0.058731
0.0 0.388158 0.303116 0.034275 0.054784
0.0 0.483050 0.319781 0.027674 0.070211
0.0 0.517788 0.392634 0.049540 0.127776
0.0 0.572926 0.376949 0.028710 0.136571
0.0 0.683611 0.501900 0.017469 0.039497
0.0 0.725075 0.471773 0.019523 0.057502
0.0 0.612522 0.500735 0.077046 0.077805
0.0 0.539445 0.572200 0.081485 0.097436
0.0 0.699895 0.592223 0.026883 0.041315
0.0 0.749993 0.560769 0.017490 0.040278
0.0 0.902552 0.326575 0.047690 0.088707
0.0 0.966762 0.322080 0.027856 0.048365
0.0 0.989128 0.296147 0.021743 0.041230
0.0 0.983703 0.588268 0.016399 0.057416
0.0 0.966270 0.768327 0.019116 0.042663
0.0 0.940383 0.857496 0.041069 0.046386
0.0 0.974531 0.866246 0.025770 0.057673
0.0 0.863791 0.657669 0.042501 0.098710
0.0 0.899833 0.682884 0.033611 0.087541
0.0 0.790518 0.565005 0.012933 0.044835
0.0 0.848479 0.560339 0.030157 0.046867
0.0 0.871287 0.526575 0.020807 0.047392
0.0 0.564693 0.135227 0.064550 0.077463
0.0 0.628422 0.176830 0.017362 0.035592
0.0 0.739094 0.216592 0.072863 0.067546
0.0 0.760103 0.134324 0.018561 0.022358
0.0 0.796070 0.133745 0.016560 0.034790
0.0 0.819873 0.149246 0.016560 0.034790
0.0 0.905425 0.135957 0.028412 0.068670
0.0 0.932866 0.132800 0.024347 0.091190
0.0 0.895799 0.202125 0.015650 0.030083
0.0 0.926631 0.217818 0.015041 0.036309
0.0 0.858790 0.040895 0.014912 0.031623
0.0 0.835725 0.026978 0.007648 0.022840
0.0 0.599973 0.045534 0.016923 0.048066
0.0 0.634346 0.074610 0.018015 0.030928
0.0 0.628707 0.023656 0.014656 0.022252
0.0 0.404712 0.040971 0.024604 0.043594
0.0 0.339133 0.038394 0.022903 0.066959
0.0 0.377735 0.169968 0.028177 0.060080
0.0 0.050654 0.669800 0.030221 0.049210
0.0 0.167727 0.818371 0.029953 0.067932
0.0 0.255939 0.679327 0.047936 0.069205
0.0 0.695630 0.291212 0.036575 0.053286
0.0 0.765362 0.798779 0.017640 0.045744
0.0 0.614249 0.266320 0.017886 0.026242
0.0 0.881159 0.422901 0.015779 0.034768
0.0 0.830020 0.349599 0.010440 0.039304
0.0 0.943095 0.215924 0.018539 0.021578
0.0 0.963796 0.230558 0.013521 0.037828
0.0 0.935106 0.736213 0.013949 0.053447
0.0 0.859236 0.766961 0.010837 0.025269
0.0 0.804952 0.694354 0.015886 0.038673
0.0 0.748420 0.104305 0.017844 0.024680
0.0 0.649092 0.221163 0.017844 0.024680
0.0 0.930630 0.557117 0.013372 0.032361
0.0 0.446767 0.074947 0.011810 0.032319
0.0 0.509520 0.009593 0.027066 0.019187
0.0 0.019234 0.218771 0.013521 0.037828
0.0 0.044802 0.198369 0.020593 0.039582
0.0 0.065543 0.097336 0.019790 0.038780
0.0 0.356398 0.835259 0.041999 0.051874
