0.0 0.317140 0.054357 0.116393 0.108714
0.0 0.435106 0.517890 0.077289 0.101420
0.0 0.530052 0.568614 0.069653 0.149632
0.0 0.470591 0.692454 0.068101 0.149458
0.0 0.645535 0.716758 0.063829 0.097613
0.0 0.654157 0.927621 0.036185 0.049285
0.0 0.289337 0.885988 0.050915 0.126067
0.0 0.432548 0.891803 0.035061 0.046092
0.0 0.506168 0.859167 0.023496 0.038664
0.0 0.462806 0.818150 0.022279 0.027794
0.0 0.343490 0.816582 0.032737 0.052732
0.0 0.284518 0.563920 0.048301 0.095875
0.0 0.289477 0.617932 0.019341 0.022099
0.0 0.263936 0.621362 0.016757 0.026409
0.0 0.477022 0.943950 0.023055 0.027881
0.0 0.229287 0.888698 0.019347 0.028999
0.0 0.243667 0.921753 0.018571 0.028913
0.0 0.415010 0.613121 0.075949 0.048370
0.0 0.397806 0.450824 0.044036 0.050930
0.0 0.410806 0.278544 0.031011 0.051005
0.0 0.681107 0.377988 0.020987 0.029950
0.0 0.715955 0.284409 0.031532 0.055664
0.0 0.794301 0.069134 0.062693 0.080619
0.0 0.492618 0.046362 0.031011 0.051005
0.0 0.407325 0.014910 0.031781 0.029821
0.0 0.609663 0.994201 0.017620 0.011598
0.0 0.346193 0.680098 0.018229 0.032708
0.0 0.290193 0.688765 0.019521 0.030552
0.0 0.234802 0.691996 0.019868 0.033658
0.0 0.224850 0.626419 0.027887 0.029956
0.0 0.206001 0.675407 0.021595 0.035385
0.0 0.261378 0.279108 0.026011 0.054279
0.0 0.342333 0.244149 0.030408 0.052471
0.0 0.299217 0.116685 0.017105 0.029515
0.0 0.281144 0.165760 0.019092 0.033571
0.0 0.313536 0.733043 0.019689 0.025204
0.0 0.555582 0.986550 0.016670 0.025633
0.0 0.276151 0.357803 0.023229 0.029434
0.0 0.267804 0.741287 0.015894 0.025546
0.0 0.229280 0.488556 0.015552 0.029341
0.0 0.383528 0.501110 0.015030 0.024683
0.0 0.267007 0.151599 0.012440 0.022093
