0.0 0.362292 0.776495 0.067706 0.081538
0.0 0.224792 0.825614 0.041369 0.046749
0.0 0.820172 0.872966 0.084428 0.101334
0.0 0.455043 0.570272 0.097555 0.092176
0.0 0.356205 0.498433 0.102382 0.100845
0.0 0.192324 0.558919 0.022108 0.062835
0.0 0.249665 0.577520 0.021714 0.038619
0.0 0.218050 0.459269 0.046234 0.057761
0.0 0.410796 0.395969 0.023315 0.137044
0.0 0.477397 0.407387 0.064385 0.117408
0.0 0.523992 0.341776 0.050331 0.069542
0.0 0.649350 0.314733 0.036181 0.063845
0.0 0.434450 0.168991 0.075670 0.091039
0.0 0.190238 0.238598 0.084714 0.070882
0.0 0.833006 0.125002 0.124699 0.128541
1.0 0.729778 0.551738 0.207215 0.160340
