0.0 0.740418 0.350116 0.068746 0.093226
0.0 0.514561 0.311303 0.073696 0.139654
0.0 0.426406 0.375234 0.108626 0.075987
0.0 0.234942 0.888505 0.254984 0.191745
0.0 0.266853 0.904239 0.030371 0.035811
0.0 0.337337 0.670472 0.033842 0.045402
0.0 0.364950 0.516442 0.050901 0.047501
0.0 0.424738 0.465550 0.092045 0.077765
0.0 0.555410 0.439911 0.073434 0.125113
0.0 0.518017 0.142493 0.040547 0.037827
0.0 0.598540 0.191759 0.025623 0.034463
0.0 0.582875 0.107968 0.024383 0.024383
0.0 0.341201 0.108141 0.054168 0.111287
0.0 0.147032 0.726556 0.010915 0.020435
0.0 0.156158 0.735551 0.017213 0.021973
0.0 0.161845 0.618966 0.014207 0.022367
0.0 0.151229 0.641274 0.012370 0.019850
0.0 0.192168 0.564449 0.018573 0.020613
0.0 0.236667 0.676189 0.015866 0.017226
0.0 0.256056 0.377886 0.046594 0.068354
0.0 0.236076 0.418721 0.012478 0.014518
0.0 0.190432 0.316285 0.011690 0.020530
0.0 0.202946 0.323335 0.015961 0.018001
0.0 0.240858 0.335085 0.017989 0.022069
0.0 0.272077 0.343649 0.018490 0.013730
0.0 0.275545 0.232302 0.014016 0.020816
0.0 0.291436 0.282273 0.020017 0.026137
0.0 0.224930 0.266218 0.017404 0.023524
0.0 0.371073 0.172427 0.012370 0.019850
0.0 0.389027 0.186443 0.031027 0.047347
0.0 0.264138 0.094722 0.016820 0.024980
0.0 0.292290 0.070637 0.013336 0.021496
0.0 0.407847 0.002813 0.015567 0.005625
0.0 0.536437 0.197498 0.014804 0.014804
0.0 0.532011 0.214271 0.017798 0.020518
0.0 0.577493 0.030166 0.015174 0.024013
0.0 0.601065 0.043299 0.017404 0.023524
0.0 0.691357 0.032370 0.017786 0.026626
0.0 0.688949 0.090322 0.014506 0.018585
3.0 0.512771 0.792814 0.133304 0.245502
0.0 0.330909 0.249347 0.015281 0.018681
0.0 0.355723 0.303565 0.015567 0.021007
0.0 0.428035 0.163693 0.014315 0.017035
0.0 0.445798 0.179260 0.013336 0.021496
0.0 0.465100 0.188720 0.012955 0.018395
0.0 0.468917 0.208868 0.014410 0.017810
0.0 0.745242 0.035852 0.018478 0.019838
0.0 0.758819 0.091836 0.017023 0.020422
0.0 0.792198 0.165999 0.037051 0.040451
0.0 0.712680 0.741848 0.036168 0.045688
0.0 0.752994 0.945169 0.067220 0.080819
0.0 0.251483 0.670928 0.014124 0.015484
0.0 0.242417 0.693426 0.014410 0.017810
0.0 0.368085 0.433390 0.016832 0.018872
0.0 0.360690 0.467902 0.018180 0.023620
0.0 0.409999 0.207915 0.014696 0.020136
0.0 0.288953 0.200104 0.012478 0.014518
0.0 0.378069 0.889587 0.030359 0.041919
0.0 0.296548 0.016848 0.027091 0.027771
0.0 0.195179 0.770264 0.015078 0.023238
0.0 0.692541 0.649636 0.022343 0.026423
0.0 0.428836 0.227550 0.015281 0.018681
0.0 0.334007 0.601581 0.015376 0.019456
0.0 0.315236 0.312751 0.014696 0.020136
