0.0 0.706505 0.125998 0.050470 0.097117
0.0 0.522003 0.151665 0.047887 0.047887
0.0 0.505597 0.312525 0.051539 0.156495
0.0 0.242368 0.140152 0.058054 0.050280
0.0 0.291435 0.332580 0.070023 0.101899
0.0 0.442442 0.447376 0.066257 0.130786
0.0 0.631139 0.523293 0.046423 0.068192
0.0 0.578238 0.476942 0.074567 0.072234
0.0 0.580980 0.394923 0.100939 0.033301
0.0 0.758981 0.420787 0.052726 0.079159
0.0 0.640533 0.680372 0.037799 0.061900
0.0 0.726871 0.919404 0.239841 0.161192
0.0 0.684665 0.923557 0.033021 0.043127
0.0 0.198844 0.898543 0.074749 0.109734
3.0 0.450945 0.788047 0.136357 0.248309
