0.0 0.760722 0.069220 0.060027 0.103932
0.0 0.943924 0.322581 0.035276 0.065317
0.0 0.826924 0.809256 0.252213 0.381488
0.0 0.959280 0.790028 0.015202 0.025986
0.0 0.926918 0.757542 0.044545 0.113870
0.0 0.905044 0.589252 0.048425 0.056128
0.0 0.855910 0.526842 0.046289 0.070938
0.0 0.615916 0.703980 0.021963 0.062788
0.0 0.514516 0.691627 0.028518 0.084748
0.0 0.481906 0.620853 0.044774 0.130274
0.0 0.427180 0.623215 0.022207 0.136208
0.0 0.457137 0.436115 0.075432 0.088527
0.0 0.381956 0.504604 0.083048 0.074575
0.0 0.387768 0.199968 0.048938 0.092843
0.0 0.274425 0.147600 0.021974 0.063569
0.0 0.751607 0.610552 0.023308 0.047186
0.0 0.766625 0.766245 0.022657 0.056550
0.0 0.667696 0.968791 0.027410 0.061302
0.0 0.597401 0.967029 0.035567 0.030175
0.0 0.435422 0.872573 0.057952 0.067195
0.0 0.262310 0.792025 0.071871 0.057236
0.0 0.095741 0.690473 0.050576 0.098333
0.0 0.032521 0.685685 0.018534 0.040872
0.0 0.014932 0.714349 0.013705 0.030651
0.0 0.098474 0.886624 0.031447 0.070731
0.0 0.074345 0.880037 0.020728 0.086202
0.0 0.171389 0.980619 0.015245 0.029110
0.0 0.148855 0.971710 0.020757 0.032312
0.0 0.257670 0.900565 0.015994 0.026778
0.0 0.205800 0.866244 0.010624 0.033732
0.0 0.180868 0.861209 0.022341 0.033896
0.0 0.106638 0.805480 0.014541 0.034568
0.0 0.076423 0.787088 0.013781 0.036119
0.0 0.058380 0.792306 0.016808 0.029132
0.0 0.038254 0.778743 0.015896 0.019747
0.0 0.377586 0.985840 0.014399 0.024413
0.0 0.402162 0.960399 0.012306 0.042347
0.0 0.491670 0.985087 0.022276 0.029209
0.0 0.375762 0.836581 0.015235 0.028329
0.0 0.625011 0.836151 0.027072 0.037086
0.0 0.311145 0.595813 0.018468 0.036185
0.0 0.274488 0.535139 0.024056 0.044854
0.0 0.314753 0.505229 0.021484 0.028417
0.0 0.297995 0.418268 0.023947 0.037042
0.0 0.397604 0.447004 0.014388 0.023631
0.0 0.741644 0.316634 0.057919 0.064852
0.0 0.635901 0.167488 0.030902 0.031672
0.0 0.581412 0.208920 0.016059 0.031465
0.0 0.176458 0.057163 0.021161 0.061215
0.0 0.139114 0.045703 0.010482 0.023577
0.0 0.107053 0.047600 0.019108 0.026040
0.0 0.039546 0.070098 0.022279 0.085442
0.0 0.053287 0.149204 0.034916 0.039538
0.0 0.058509 0.278977 0.008400 0.042292
0.0 0.028544 0.242618 0.017807 0.044767
0.0 0.131674 0.355004 0.036275 0.080951
0.0 0.096165 0.324037 0.026781 0.072228
0.0 0.226715 0.207097 0.015213 0.026767
0.0 0.203710 0.456019 0.011765 0.059522
0.0 0.149038 0.454475 0.030880 0.030110
0.0 0.127576 0.480741 0.018392 0.030716
0.0 0.249072 0.452745 0.011427 0.035305
0.0 0.069228 0.462738 0.013240 0.053294
0.0 0.015785 0.429176 0.008215 0.029012
0.0 0.309380 0.722363 0.033605 0.057483
0.0 0.368986 0.930246 0.016136 0.036933
0.0 0.190048 0.315190 0.008974 0.027461
0.0 0.828644 0.185022 0.021811 0.051852
0.0 0.937499 0.895204 0.016753 0.025226
0.0 0.013762 0.854190 0.013218 0.051732
0.0 0.138679 0.244935 0.009799 0.030597
0.0 0.291438 0.664294 0.013814 0.038463
0.0 0.383373 0.739021 0.013661 0.027526
0.0 0.333317 0.854741 0.031694 0.032464
0.0 0.151459 0.785010 0.009625 0.018098
0.0 0.185206 0.718287 0.012023 0.022036
0.0 0.348359 0.784631 0.019239 0.035414
0.0 0.119801 0.590018 0.016775 0.026789
