3.0 0.310347 0.398830 0.197339 0.201237
0.0 0.553788 0.434945 0.109561 0.136197
0.0 0.500869 0.619571 0.076379 0.130951
0.0 0.617006 0.530363 0.107972 0.111870
0.0 0.449598 0.693725 0.061669 0.090254
0.0 0.911697 0.397407 0.051958 0.066900
0.0 0.698093 0.842954 0.074254 0.065158
0.0 0.493748 0.889743 0.065524 0.076569
0.0 0.851837 0.966131 0.040383 0.065070
0.0 0.871693 0.984895 0.020884 0.030211
0.0 0.883360 0.941849 0.030147 0.057433
0.0 0.953090 0.770954 0.024254 0.039196
0.0 0.726821 0.576199 0.035387 0.062023
0.0 0.723557 0.446758 0.027908 0.033755
0.0 0.689342 0.533099 0.023928 0.032373
0.0 0.769119 0.488763 0.025514 0.042405
0.0 0.874715 0.506249 0.033026 0.037574
0.0 0.891564 0.539760 0.028762 0.039157
0.0 0.884656 0.758553 0.062685 0.091920
0.0 0.342050 0.688585 0.036277 0.048621
0.0 0.131345 0.745601 0.262690 0.426218
0.0 0.174626 0.726974 0.034246 0.045290
0.0 0.018795 0.677145 0.037590 0.113526
0.0 0.064536 0.232623 0.034774 0.043869
0.0 0.298079 0.025755 0.069264 0.051510
0.0 0.670604 0.196354 0.071661 0.096348
0.0 0.799442 0.166893 0.037619 0.057109
0.0 0.416409 0.118200 0.038998 0.046794
0.0 0.124074 0.456385 0.051107 0.075794
0.0 0.215152 0.565699 0.040785 0.048581
0.0 0.679671 0.959476 0.022424 0.027621
0.0 0.737512 0.933819 0.020396 0.038586
0.0 0.855632 0.882099 0.021979 0.034322
0.0 0.890198 0.868581 0.019908 0.035500
0.0 0.767732 0.922777 0.029369 0.028719
0.0 0.658674 0.752090 0.036195 0.043341
0.0 0.569420 0.861368 0.023806 0.031602
0.0 0.244442 0.935750 0.018932 0.029326
0.0 0.989903 0.094271 0.020194 0.034972
0.0 0.837403 0.236962 0.020881 0.027377
0.0 0.955483 0.380601 0.045546 0.092972
0.0 0.515703 0.981010 0.022180 0.026078
0.0 0.560017 0.965869 0.023845 0.027094
0.0 0.318074 0.955301 0.022180 0.026078
0.0 0.552812 0.641230 0.045638 0.141138
0.0 0.994437 0.339508 0.011126 0.040618
