0.0 0.921787 0.714449 0.007640 0.010947
0.0 0.573575 0.135704 0.011628 0.017580
0.0 0.524630 0.075690 0.014619 0.022555
0.0 0.602560 0.095986 0.008190 0.009512
0.0 0.564653 0.030428 0.010743 0.016695
0.0 0.521537 0.016144 0.012727 0.014711
0.0 0.538894 0.021526 0.005758 0.008403
0.0 0.524376 0.001774 0.009299 0.003549
0.0 0.578184 0.000897 0.009289 0.001794
0.0 0.530022 0.123852 0.007874 0.017794
0.0 0.519004 0.200438 0.007976 0.013266
0.0 0.579283 0.235130 0.012391 0.012391
0.0 0.607250 0.182930 0.010520 0.015148
0.0 0.688100 0.468828 0.013287 0.018577
0.0 0.697490 0.468258 0.005646 0.007630
0.0 0.650111 0.419069 0.005646 0.007630
0.0 0.669248 0.491291 0.008302 0.010285
0.0 0.655839 0.289569 0.007752 0.011720
0.0 0.690887 0.302653 0.008312 0.015586
0.0 0.686248 0.363318 0.006542 0.013816
0.0 0.673562 0.373837 0.005657 0.012931
