0.0 0.889063 0.396094 0.092188 0.113281
0.0 0.796094 0.383594 0.068750 0.071094
0.0 0.930469 0.075000 0.067969 0.083594
0.0 0.845313 0.110937 0.082031 0.085938
0.0 0.964063 0.251562 0.050781 0.057812
0.0 0.963281 0.439844 0.050000 0.043750
0.0 0.261719 0.251562 0.037500 0.067969
0.0 0.173437 0.324219 0.029688 0.050000
0.0 0.057813 0.376562 0.060156 0.075781
0.0 0.318750 0.396094 0.039062 0.052344
0.0 0.335938 0.350000 0.043750 0.033594
0.0 0.418750 0.514844 0.028906 0.035938
0.0 0.260938 0.153125 0.037500 0.045313
0.0 0.439062 0.228906 0.023438 0.035156
0.0 0.425000 0.260156 0.028125 0.031250
0.0 0.246094 0.785156 0.049219 0.053906
0.0 0.100000 0.868750 0.042187 0.091406
0.0 0.863281 0.189062 0.026563 0.030469
0.0 0.806250 0.337500 0.050000 0.060156
0.0 0.811719 0.254687 0.028906 0.031250
0.0 0.691406 0.164844 0.025781 0.032812
