0.0 0.440971 0.541605 0.065234 0.092110
0.0 0.506425 0.709422 0.057521 0.149772
0.0 0.685894 0.688592 0.052869 0.092820
0.0 0.547963 0.571909 0.069090 0.137371
0.0 0.390261 0.475365 0.054395 0.069649
0.0 0.442661 0.635457 0.086866 0.067980
0.0 0.322551 0.032848 0.029774 0.038491
0.0 0.238685 0.077710 0.109605 0.128491
0.0 0.409315 0.053566 0.025734 0.047526
0.0 0.712715 0.032967 0.060753 0.065934
0.0 0.675349 0.246099 0.024902 0.046694
0.0 0.656525 0.349178 0.013851 0.021115
0.0 0.372495 0.294905 0.027293 0.047632
0.0 0.299301 0.277962 0.024584 0.042017
0.0 0.225828 0.210922 0.019058 0.029227
0.0 0.207672 0.197280 0.013071 0.021061
0.0 0.234370 0.336413 0.010786 0.021682
0.0 0.220875 0.310707 0.013071 0.021061
0.0 0.725570 0.891835 0.026922 0.042176
0.0 0.697678 0.976738 0.016295 0.022833
0.0 0.570856 0.850685 0.021147 0.037128
0.0 0.555594 0.937077 0.022388 0.032557
0.0 0.465349 0.842206 0.014577 0.020388
0.0 0.467034 0.820949 0.017642 0.019821
0.0 0.517698 0.817500 0.018066 0.026056
0.0 0.505076 0.896665 0.033051 0.041042
0.0 0.364846 0.918740 0.038888 0.126781
0.0 0.403242 0.838603 0.026620 0.049138
0.0 0.302967 0.929999 0.014328 0.028130
0.0 0.323796 0.959904 0.015675 0.025118
0.0 0.271775 0.736358 0.019307 0.021486
0.0 0.327100 0.720846 0.018438 0.031513
0.0 0.298043 0.604582 0.042683 0.091351
0.0 0.240263 0.722059 0.019005 0.028448
0.0 0.245086 0.677880 0.010521 0.017784
0.0 0.258692 0.670689 0.016083 0.019715
0.0 0.288506 0.660046 0.015303 0.019662
0.0 0.313910 0.653618 0.014206 0.014932
0.0 0.435036 0.868544 0.015250 0.018882
0.0 0.640142 0.971258 0.013638 0.017997
0.0 0.253425 0.397760 0.017960 0.024498
