1.0 0.604801 0.660774 0.182237 0.509112
0.0 0.783218 0.936265 0.066027 0.088916
0.0 0.306325 0.940536 0.136019 0.118929
0.0 0.392941 0.980763 0.023208 0.038473
0.0 0.420426 0.379498 0.080939 0.063057
0.0 0.405978 0.712238 0.021985 0.042013
0.0 0.400086 0.534003 0.046850 0.071884
0.0 0.434916 0.470811 0.075036 0.095064
0.0 0.280927 0.418292 0.043157 0.102523
0.0 0.304049 0.095821 0.044235 0.115761
0.0 0.445334 0.107831 0.031565 0.055169
0.0 0.660843 0.290159 0.048643 0.084406
0.0 0.662411 0.078396 0.028649 0.019350
0.0 0.521048 0.142425 0.036808 0.062558
0.0 0.480653 0.300913 0.061548 0.157393
