0.0 0.487500 0.675000 0.230469 0.092969
0.0 0.578125 0.720313 0.064844 0.024219
0.0 0.491406 0.609375 0.051563 0.028125
0.0 0.614062 0.624219 0.078906 0.054688
0.0 0.589063 0.557031 0.066406 0.048437
0.0 0.824219 0.608594 0.067188 0.020312
0.0 0.828125 0.581250 0.065625 0.025000
0.0 0.975000 0.749219 0.050000 0.032812
0.0 0.948438 0.459375 0.050000 0.030469
0.0 0.942187 0.406250 0.113281 0.069531
0.0 0.653125 0.430469 0.050781 0.029688
0.0 0.921875 0.182813 0.100781 0.044531
0.0 0.945312 0.121094 0.109375 0.085938
0.0 0.582812 0.185938 0.063281 0.039844
0.0 0.402344 0.201563 0.085938 0.057031
0.0 0.457812 0.120313 0.080469 0.075781
0.0 0.504687 0.157812 0.050000 0.017969
0.0 0.567187 0.164062 0.060156 0.025000
0.0 0.418750 0.442187 0.041406 0.025000
0.0 0.740625 0.253125 0.062500 0.046094
