0.0 0.579208 0.471296 0.093138 0.097422
0.0 0.524979 0.312361 0.068986 0.141810
0.0 0.452291 0.432542 0.087485 0.122469
0.0 0.296860 0.302837 0.066667 0.095225
0.0 0.597412 0.393629 0.106125 0.067571
0.0 0.747328 0.901518 0.111239 0.101244
0.0 0.817913 0.324912 0.022437 0.037430
0.0 0.830652 0.388684 0.031909 0.039762
0.0 0.787184 0.392916 0.025099 0.032238
0.0 0.762806 0.441064 0.054345 0.077192
0.0 0.770666 0.280226 0.026459 0.039310
0.0 0.745900 0.333046 0.023929 0.036780
0.0 0.626129 0.699396 0.042805 0.049945
1.0 0.427173 0.782444 0.122737 0.249108
0.0 0.164376 0.869603 0.063307 0.054739
0.0 0.629708 0.542906 0.049490 0.046634
0.0 0.791439 0.124379 0.017833 0.028542
0.0 0.734160 0.153335 0.054591 0.117419
0.0 0.813507 0.151296 0.024772 0.037624
0.0 0.556196 0.153460 0.049163 0.052019
0.0 0.500578 0.105728 0.034894 0.038464
0.0 0.465698 0.176524 0.032038 0.041319
0.0 0.283366 0.115924 0.040925 0.045923
0.0 0.673519 0.213369 0.034238 0.058513
0.0 0.805062 0.687591 0.021464 0.035029
0.0 0.791865 0.799383 0.024643 0.036066
0.0 0.540560 0.908661 0.039562 0.048129
0.0 0.241132 0.690964 0.038263 0.051114
0.0 0.281327 0.603363 0.025551 0.037688
0.0 0.524230 0.208035 0.028794 0.039504
0.0 0.713985 0.727069 0.039691 0.049687
0.0 0.639707 0.186261 0.024901 0.039181
0.0 0.680180 0.340919 0.022634 0.030487
0.0 0.787071 0.630439 0.027951 0.038661
