0.0 0.589063 0.770313 0.018750 0.034375
0.0 0.706250 0.835938 0.020312 0.026563
0.0 0.753125 0.593750 0.007031 0.010156
0.0 0.795312 0.617188 0.008594 0.011719
0.0 0.751562 0.517969 0.006250 0.011719
0.0 0.320312 0.030469 0.007812 0.021875
0.0 0.663281 0.115625 0.006250 0.016406
0.0 0.742188 0.865625 0.009375 0.012500
0.0 0.755469 0.854687 0.007031 0.015625
0.0 0.775781 0.890625 0.005469 0.012500
0.0 0.713281 0.764844 0.013281 0.014844
0.0 0.665625 0.617969 0.007031 0.012500
0.0 0.631250 0.557813 0.006250 0.014844
0.0 0.783594 0.572656 0.011719 0.014063
0.0 0.607812 0.264844 0.007031 0.014063
0.0 0.608594 0.319531 0.006250 0.019531
0.0 0.627344 0.310156 0.003906 0.014844
