3.0 0.495308 0.157434 0.141297 0.288430
0.0 0.764279 0.906210 0.041808 0.054750
0.0 0.388902 0.950394 0.070506 0.099211
0.0 0.585831 0.862600 0.046157 0.059100
0.0 0.525950 0.920255 0.039104 0.051365
0.0 0.699521 0.677986 0.079676 0.127358
0.0 0.524608 0.708712 0.070214 0.143780
0.0 0.434564 0.537868 0.093341 0.101515
0.0 0.443749 0.632766 0.089534 0.051389
0.0 0.290769 0.623834 0.073555 0.102164
0.0 0.378690 0.466753 0.066489 0.069214
0.0 0.546986 0.562753 0.101875 0.159093
0.0 0.700933 0.026196 0.074392 0.052392
0.0 0.213838 0.088583 0.128555 0.127193
0.0 0.348037 0.298914 0.033371 0.054488
