0.0 0.409449 0.983983 0.031043 0.032033
0.0 0.318517 0.942992 0.113577 0.114016
0.0 0.278726 0.828918 0.025101 0.040334
0.0 0.264343 0.718104 0.023174 0.050870
0.0 0.796464 0.929114 0.069450 0.081221
0.0 0.411251 0.724950 0.033795 0.049720
0.0 0.489623 0.947481 0.025046 0.061051
0.0 0.396610 0.546583 0.048263 0.062803
0.0 0.278494 0.414021 0.060039 0.114739
0.0 0.229334 0.373777 0.030369 0.039370
0.0 0.237787 0.306850 0.014703 0.022319
0.0 0.209080 0.331968 0.016810 0.041736
0.0 0.341024 0.758504 0.028695 0.052237
0.0 0.653288 0.913218 0.047648 0.099579
0.0 0.711860 0.714331 0.029201 0.056897
0.0 0.683629 0.620737 0.025745 0.025053
0.0 0.532549 0.423385 0.063802 0.128196
0.0 0.511242 0.321181 0.010651 0.020344
0.0 0.475502 0.295983 0.047979 0.137992
0.0 0.436029 0.482581 0.076169 0.086555
0.0 0.417894 0.387891 0.079993 0.043988
0.0 0.312169 0.268130 0.018165 0.018857
0.0 0.292475 0.311131 0.018737 0.031200
0.0 0.289688 0.118903 0.050785 0.121410
0.0 0.227083 0.106837 0.020272 0.038274
0.0 0.370710 0.148616 0.020224 0.023686
0.0 0.338541 0.178040 0.030080 0.050852
0.0 0.478870 0.059081 0.021320 0.033783
0.0 0.434827 0.109439 0.042152 0.056000
0.0 0.509973 0.142934 0.025625 0.038088
0.0 0.461408 0.173351 0.014835 0.037684
0.0 0.653028 0.070829 0.035077 0.054464
0.0 0.651287 0.279265 0.054049 0.094900
0.0 0.611539 0.007399 0.020121 0.014799
0.0 0.407040 0.179251 0.016810 0.041736
0.0 0.277035 0.646787 0.012607 0.031302
0.0 0.345067 0.325069 0.014751 0.036908
0.0 0.228243 0.530277 0.030567 0.062418
