0.0 0.753906 0.085156 0.057813 0.170313
0.0 0.681250 0.021875 0.023438 0.042969
0.0 0.611719 0.015625 0.026563 0.031250
0.0 0.408594 0.017969 0.021875 0.035938
0.0 0.365625 0.041406 0.011719 0.035938
0.0 0.268750 0.009375 0.019531 0.017969
0.0 0.252344 0.067969 0.014063 0.027344
0.0 0.436719 0.110156 0.064062 0.082031
0.0 0.253906 0.185156 0.073437 0.070312
0.0 0.624219 0.285156 0.030469 0.046875
0.0 0.523438 0.297656 0.029688 0.070312
0.0 0.639062 0.146875 0.023438 0.047656
0.0 0.569531 0.050000 0.010156 0.028906
0.0 0.482813 0.378906 0.046094 0.124219
0.0 0.425781 0.364844 0.020313 0.145313
0.0 0.381250 0.495313 0.078906 0.070312
0.0 0.456250 0.567187 0.079687 0.096875
0.0 0.394531 0.557813 0.011719 0.025000
0.0 0.286719 0.587500 0.024219 0.043750
0.0 0.236719 0.551562 0.017969 0.050781
0.0 0.261719 0.457812 0.021875 0.064844
0.0 0.307813 0.492969 0.015625 0.042187
0.0 0.300000 0.266406 0.032031 0.056250
0.0 0.377344 0.819531 0.055469 0.082813
0.0 0.256250 0.871875 0.026562 0.052344
0.0 0.765625 0.950781 0.036719 0.098438
0.0 0.639062 0.858594 0.029688 0.047656
0.0 0.753906 0.696875 0.052344 0.071875
0.0 0.768750 0.389063 0.025781 0.049219
0.0 0.373438 0.150000 0.013281 0.026562
0.0 0.309375 0.398438 0.007031 0.024219
0.0 0.295313 0.388281 0.010937 0.030469
0.0 0.314062 0.313281 0.006250 0.025000
0.0 0.280469 0.326563 0.008594 0.032031
0.0 0.382031 0.244531 0.017969 0.024219
0.0 0.348437 0.200000 0.010156 0.021875
0.0 0.232031 0.106250 0.013281 0.025781
0.0 0.490625 0.282031 0.013281 0.021875
0.0 0.340625 0.114062 0.010937 0.030469
0.0 0.578125 0.272656 0.010938 0.027344
3.0 0.692969 0.573438 0.162500 0.169531
