0.0 0.586657 0.622458 0.040061 0.147095
0.0 0.531703 0.615966 0.078030 0.136726
0.0 0.531441 0.407699 0.099941 0.147588
0.0 0.615009 0.488053 0.098583 0.093749
0.0 0.663960 0.837917 0.022247 0.034676
0.0 0.598634 0.879734 0.062009 0.068224
1.0 0.301509 0.432368 0.194225 0.202512
0.0 0.181509 0.821222 0.305964 0.357557
0.0 0.245973 0.804017 0.030955 0.050980
0.0 0.070230 0.806967 0.063800 0.119044
0.0 0.398884 0.722635 0.032851 0.054258
0.0 0.499747 0.703608 0.045952 0.089456
0.0 0.782267 0.777658 0.070895 0.072276
0.0 0.907137 0.265495 0.045434 0.091700
0.0 0.871148 0.295418 0.048290 0.069006
0.0 0.703220 0.390253 0.026556 0.045891
0.0 0.758510 0.421075 0.021728 0.036920
0.0 0.737164 0.512259 0.028104 0.059869
0.0 0.986285 0.831315 0.026041 0.041232
0.0 0.999826 0.640916 0.000347 0.034333
0.0 0.891107 0.440194 0.021124 0.038387
0.0 0.864029 0.408607 0.030702 0.034846
0.0 0.963841 0.862883 0.036903 0.063144
0.0 0.584167 0.159766 0.068127 0.088843
0.0 0.701092 0.101232 0.035869 0.060728
0.0 0.934163 0.016518 0.033012 0.033035
0.0 0.932746 0.085018 0.049075 0.048384
0.0 0.176809 0.079887 0.059669 0.095577
0.0 0.014343 0.358574 0.028685 0.054083
0.0 0.127873 0.560848 0.044835 0.079361
0.0 0.940716 0.654003 0.057946 0.086949
0.0 0.317406 0.157072 0.035184 0.047614
0.0 0.943342 0.777118 0.025181 0.033467
0.0 0.722077 0.702575 0.036651 0.047009
0.0 0.845302 0.857141 0.025608 0.044252
0.0 0.806649 0.862993 0.019058 0.026653
0.0 0.794471 0.894996 0.023284 0.030189
0.0 0.120509 0.203237 0.030433 0.060126
0.0 0.445454 0.984248 0.024058 0.031504
0.0 0.371428 0.988094 0.025181 0.023811
