0.0 0.745809 0.609457 0.190797 0.477802
1.0 0.211676 0.594806 0.133104 0.171168
1.0 0.589683 0.275790 0.088047 0.117737
1.0 0.105112 0.212217 0.125494 0.271661
4.0 0.389006 0.127682 0.058452 0.058452
4.0 0.455459 0.562081 0.062436 0.061675
4.0 0.299375 0.725447 0.068061 0.068061
4.0 0.280627 0.787659 0.049258 0.065245
4.0 0.165697 0.847610 0.053242 0.068467
4.0 0.288401 0.878898 0.038245 0.061845
4.0 0.932152 0.746985 0.036624 0.059462
1.0 0.845146 0.179469 0.245480 0.294203
4.0 0.876685 0.283394 0.042911 0.061182
4.0 0.127380 0.413282 0.051325 0.054370
1.0 0.285525 0.455398 0.059229 0.120132
1.0 0.490003 0.258769 0.135487 0.172789
4.0 0.632284 0.105911 0.100220 0.074336
1.0 0.887101 0.479287 0.136007 0.224316
