0.0 0.800781 0.902344 0.095313 0.125000
0.0 0.253125 0.923437 0.288281 0.153125
0.0 0.357031 0.690625 0.056250 0.066406
0.0 0.351562 0.525781 0.057812 0.099219
0.0 0.320312 0.925000 0.046875 0.060937
0.0 0.232813 0.403906 0.049219 0.107031
0.0 0.291406 0.125000 0.058594 0.096875
0.0 0.469531 0.141406 0.029688 0.073437
0.0 0.491406 0.307031 0.059375 0.153906
0.0 0.409375 0.382031 0.112500 0.063281
0.0 0.417188 0.464063 0.075781 0.093750
0.0 0.550781 0.451563 0.076563 0.109375
0.0 0.707031 0.315625 0.075781 0.081250
0.0 0.740625 0.125781 0.046094 0.075781
0.0 0.553125 0.182813 0.035937 0.045313
3.0 0.558594 0.794531 0.153906 0.257812
