0.0 0.778646 0.865449 0.268151 0.224473
0.0 0.737802 0.872250 0.033517 0.039298
0.0 0.275164 0.928684 0.082832 0.083474
0.0 0.435334 0.872712 0.051619 0.089516
0.0 0.368266 0.996910 0.040582 0.006180
0.0 0.309104 0.732952 0.040707 0.055481
0.0 0.630303 0.859259 0.036214 0.041995
0.0 0.657695 0.647986 0.034286 0.048417
0.0 0.844946 0.707098 0.039681 0.044820
0.0 0.750810 0.660203 0.029277 0.045336
0.0 0.829808 0.606658 0.025296 0.039428
0.0 0.790772 0.552965 0.019133 0.029410
0.0 0.628050 0.507985 0.050599 0.047387
0.0 0.569618 0.466233 0.089255 0.077051
0.0 0.563467 0.386473 0.093498 0.053031
0.0 0.725812 0.376867 0.056241 0.099277
0.0 0.790819 0.272587 0.020032 0.030309
0.0 0.775527 0.318694 0.037887 0.025040
0.0 0.751004 0.271296 0.022472 0.031465
0.0 0.701176 0.238408 0.013740 0.019521
0.0 0.687554 0.285028 0.020803 0.030438
0.0 0.268195 0.358809 0.068958 0.090156
0.0 0.213251 0.200052 0.035187 0.035830
0.0 0.444139 0.445148 0.080513 0.119053
0.0 0.473057 0.328661 0.069981 0.118798
0.0 0.395886 0.212413 0.030048 0.045464
0.0 0.467176 0.164903 0.039425 0.043279
0.0 0.634665 0.124345 0.054056 0.108654
0.0 0.598048 0.194594 0.046357 0.062416
0.0 0.667049 0.025442 0.042117 0.050883
0.0 0.708390 0.110486 0.019904 0.029539
0.0 0.403991 0.132655 0.022858 0.029281
0.0 0.239337 0.123637 0.018877 0.023373
0.0 0.302410 0.060071 0.022857 0.033777
0.0 0.550530 0.175577 0.024270 0.033263
0.0 0.629624 0.312889 0.014894 0.030952
0.0 0.562374 0.014003 0.018361 0.028005
0.0 0.524230 0.004270 0.016052 0.008540
0.0 0.399250 0.066124 0.038656 0.029664
0.0 0.518928 0.214103 0.019516 0.040713
0.0 0.457404 0.229890 0.022341 0.048676
0.0 0.127221 0.063895 0.041227 0.022599
0.0 0.323246 0.646645 0.022343 0.035190
0.0 0.437475 0.357553 0.015665 0.031081
