0.0 0.677130 0.910397 0.048684 0.097637
0.0 0.322195 0.909672 0.046410 0.055448
0.0 0.536655 0.895044 0.029800 0.026788
0.0 0.464279 0.860083 0.027037 0.036827
0.0 0.505825 0.686630 0.046466 0.145125
0.0 0.600649 0.450314 0.040855 0.074746
0.0 0.563456 0.525896 0.058668 0.093311
0.0 0.572908 0.616243 0.078705 0.042555
0.0 0.708125 0.593477 0.030761 0.075948
0.0 0.461722 0.567021 0.054025 0.138374
0.0 0.332047 0.702162 0.041215 0.084896
0.0 0.246756 0.059465 0.080108 0.104208
0.0 0.606446 0.282817 0.025834 0.046922
0.0 0.715013 0.064046 0.119498 0.128091
0.0 0.625964 0.018309 0.022435 0.036618
