0.0 0.459348 0.568275 0.075227 0.086807
0.0 0.484940 0.385752 0.051379 0.117769
0.0 0.387572 0.493205 0.079749 0.072801
0.0 0.841062 0.200096 0.252201 0.389613
0.0 0.385430 0.807264 0.057958 0.079574
0.0 0.431185 0.372617 0.028936 0.135469
0.0 0.048357 0.835321 0.047545 0.057580
0.0 0.221628 0.784236 0.021507 0.035403
0.0 0.262220 0.853470 0.029549 0.055025
0.0 0.522504 0.314315 0.026563 0.066706
0.0 0.621101 0.301415 0.028694 0.048766
0.0 0.574627 0.796995 0.015221 0.032204
0.0 0.629520 0.846083 0.031764 0.044116
0.0 0.755703 0.945235 0.049549 0.095096
0.0 0.940726 0.692712 0.035018 0.055089
0.0 0.854038 0.490895 0.045404 0.074739
0.0 0.271395 0.208220 0.071036 0.062544
0.0 0.819572 0.829574 0.025634 0.054197
0.0 0.935649 0.262154 0.044191 0.104406
0.0 0.772572 0.243823 0.027104 0.046404
0.0 0.755105 0.399877 0.028639 0.044079
0.0 0.911858 0.424384 0.036608 0.057451
0.0 0.249418 0.547829 0.019237 0.041625
0.0 0.299818 0.580457 0.025422 0.036230
0.0 0.277765 0.463001 0.028005 0.056569
0.0 0.126367 0.514343 0.026185 0.034677
0.0 0.147881 0.545068 0.026985 0.036248
0.0 0.092486 0.670986 0.031416 0.080823
0.0 0.129432 0.651889 0.042885 0.059869
0.0 0.014811 0.566156 0.020680 0.031487
0.0 0.030083 0.927299 0.025966 0.082320
0.0 0.096273 0.946050 0.021406 0.026809
0.0 0.106109 0.310965 0.050192 0.083387
0.0 0.039753 0.306276 0.021498 0.034621
0.0 0.086816 0.091972 0.016122 0.042369
0.0 0.083956 0.135692 0.020018 0.041634
0.0 0.108477 0.110198 0.029586 0.058149
0.0 0.271141 0.097272 0.018299 0.028335
0.0 0.389297 0.015848 0.019899 0.031478
0.0 0.379269 0.071202 0.014356 0.025164
0.0 0.159488 0.024856 0.018299 0.028335
0.0 0.184670 0.010085 0.016654 0.020170
0.0 0.414130 0.030204 0.011176 0.020440
0.0 0.419331 0.052924 0.015073 0.019705
0.0 0.385929 0.168944 0.015864 0.020495
0.0 0.606873 0.050448 0.013584 0.025936
0.0 0.621128 0.034209 0.013557 0.023593
0.0 0.682181 0.024772 0.019779 0.021323
0.0 0.677135 0.055184 0.017610 0.036138
0.0 0.637455 0.173474 0.028575 0.038610
0.0 0.569825 0.078138 0.016672 0.022848
0.0 0.316564 0.286884 0.028584 0.039392
0.0 0.191743 0.138526 0.019862 0.028353
0.0 0.219223 0.127131 0.016057 0.036900
0.0 0.083899 0.206790 0.017638 0.038481
0.0 0.116912 0.189991 0.018373 0.034585
0.0 0.423327 0.111569 0.013538 0.022030
0.0 0.424392 0.153772 0.010432 0.023556
0.0 0.454326 0.133029 0.051533 0.064657
0.0 0.252787 0.129870 0.015928 0.025964
0.0 0.191637 0.279941 0.014338 0.023602
0.0 0.175322 0.338346 0.018290 0.027554
0.0 0.320343 0.496318 0.017463 0.023639
0.0 0.206296 0.560602 0.015956 0.028307
0.0 0.054417 0.718978 0.016755 0.029879
0.0 0.190787 0.683084 0.019917 0.033041
0.0 0.066665 0.541766 0.019062 0.026782
0.0 0.139084 0.893426 0.015082 0.020486
0.0 0.167186 0.961731 0.017426 0.020514
0.0 0.005262 0.842607 0.010524 0.025155
