0.0 0.768099 0.866204 0.034103 0.050690
0.0 0.707849 0.672031 0.060220 0.094032
0.0 0.665941 0.026558 0.066622 0.053117
0.0 0.278779 0.051248 0.030979 0.041186
0.0 0.367728 0.066114 0.033620 0.056586
0.0 0.354763 0.314061 0.035028 0.056080
0.0 0.389601 0.484849 0.046732 0.063319
0.0 0.442889 0.536744 0.078898 0.085277
0.0 0.451827 0.635086 0.082063 0.051441
0.0 0.312740 0.637537 0.054787 0.110290
0.0 0.273341 0.698987 0.029020 0.034124
0.0 0.199933 0.109158 0.129458 0.144769
0.0 0.199677 0.246331 0.022860 0.033068
0.0 0.650555 0.231629 0.029747 0.051438
0.0 0.531081 0.061880 0.056415 0.102348
0.0 0.550804 0.569760 0.072323 0.129739
0.0 0.607956 0.842937 0.022003 0.041141
0.0 0.602725 0.932611 0.019516 0.030999
0.0 0.544356 0.892684 0.039229 0.050075
0.0 0.553503 0.816606 0.024841 0.044618
0.0 0.530087 0.698553 0.058265 0.139286
0.0 0.455161 0.825544 0.017712 0.029195
0.0 0.387617 0.773715 0.019693 0.040745
0.0 0.353558 0.741509 0.020154 0.030361
0.0 0.404039 0.934186 0.054194 0.119904
0.0 0.372515 0.976847 0.013685 0.018789
0.0 0.347873 0.953330 0.019032 0.036895
0.0 0.469399 0.876210 0.027568 0.025654
0.0 0.434856 0.850428 0.039054 0.066487
0.0 0.503365 0.833923 0.024995 0.049876
0.0 0.345201 0.794464 0.016172 0.028931
0.0 0.300604 0.760894 0.020022 0.029591
0.0 0.269714 0.747168 0.026336 0.035906
0.0 0.210464 0.355453 0.031046 0.054650
0.0 0.279697 0.301569 0.026513 0.045652
0.0 0.746808 0.954669 0.023959 0.022046
0.0 0.562734 0.676308 0.014236 0.026357
0.0 0.246351 0.421430 0.016172 0.028931
0.0 0.402221 0.710969 0.015798 0.031109
0.0 0.690047 0.956476 0.016259 0.020725
0.0 0.238286 0.563906 0.013047 0.019427
0.0 0.236437 0.197224 0.026050 0.029878
0.0 0.203524 0.190186 0.013840 0.024047
0.0 0.638197 0.335208 0.022442 0.026270
