0.0 0.747332 0.151648 0.061036 0.102079
0.0 0.561113 0.156363 0.052926 0.052926
0.0 0.526686 0.314350 0.068789 0.161134
0.0 0.284556 0.113414 0.063287 0.056447
0.0 0.311628 0.310145 0.080983 0.109029
0.0 0.448738 0.441226 0.080500 0.137276
0.0 0.627679 0.537921 0.053761 0.072914
0.0 0.580338 0.485905 0.082150 0.080098
0.0 0.592304 0.404717 0.103939 0.044427
0.0 0.766257 0.450473 0.061253 0.084510
0.0 0.619313 0.695058 0.044492 0.065697
0.0 0.678118 0.924395 0.256317 0.151211
0.0 0.635763 0.941668 0.037634 0.046527
0.0 0.155854 0.862071 0.086556 0.117338
1.0 0.418801 0.780685 0.163320 0.261822
