3.0 0.450832 0.838121 0.111421 0.291956
0.0 0.616494 0.724324 0.041760 0.056294
0.0 0.565442 0.471656 0.090050 0.088520
0.0 0.609215 0.546793 0.044216 0.061810
0.0 0.574485 0.374165 0.096895 0.041816
0.0 0.724147 0.392098 0.056850 0.106574
0.0 0.732143 0.948782 0.106856 0.102436
0.0 0.681606 0.067714 0.052566 0.126004
0.0 0.608796 0.112317 0.027201 0.031791
0.0 0.637785 0.146515 0.034223 0.069412
0.0 0.509035 0.289204 0.048588 0.160275
0.0 0.455414 0.426409 0.068510 0.141948
0.0 0.234077 0.966492 0.064395 0.055980
0.0 0.321671 0.280652 0.048178 0.102491
0.0 0.297152 0.067601 0.037202 0.062446
0.0 0.456195 0.123236 0.021564 0.061343
0.0 0.483139 0.029240 0.025784 0.038788
0.0 0.535302 0.076419 0.048500 0.042380
0.0 0.509575 0.149342 0.015887 0.051076
0.0 0.771600 0.705643 0.024278 0.079357
0.0 0.691696 0.753224 0.026315 0.064564
0.0 0.764401 0.827395 0.021194 0.043378
0.0 0.729196 0.033532 0.013174 0.033063
0.0 0.749738 0.060524 0.021436 0.055095
0.0 0.674270 0.234005 0.021307 0.048846
0.0 0.703034 0.279139 0.020985 0.033224
0.0 0.721377 0.223255 0.013713 0.021363
0.0 0.761011 0.271738 0.016999 0.029238
0.0 0.291652 0.751227 0.022136 0.051205
0.0 0.776939 0.333017 0.029101 0.048226
0.0 0.548057 0.973028 0.035495 0.053945
0.0 0.377386 0.951475 0.040955 0.092973
0.0 0.644847 0.296693 0.016934 0.026114
0.0 0.566674 0.146612 0.020526 0.048830
0.0 0.750559 0.627067 0.013109 0.029939
