0.0 0.814062 0.532813 0.075781 0.190625
0.0 0.577344 0.310938 0.121094 0.428125
0.0 0.750000 0.185156 0.064844 0.131250
0.0 0.532031 0.565625 0.093750 0.075000
0.0 0.363281 0.489844 0.043750 0.152344
0.0 0.278125 0.159375 0.042188 0.053906
0.0 0.102344 0.084375 0.051562 0.084375
0.0 0.450000 0.181250 0.067969 0.106250
0.0 0.493750 0.875781 0.069531 0.072656
0.0 0.608594 0.820312 0.030469 0.082812
0.0 0.555469 0.717969 0.085156 0.088281
0.0 0.383594 0.698438 0.048437 0.123438
0.0 0.480469 0.437500 0.051563 0.091406
0.0 0.428125 0.303125 0.029688 0.069531
0.0 0.444531 0.979688 0.070312 0.040625
0.0 0.490625 0.527344 0.050000 0.072656
0.0 0.492969 0.357813 0.046094 0.071875
0.0 0.397656 0.231250 0.032812 0.080469
