0.0 0.895312 0.571875 0.034375 0.100781
0.0 0.985156 0.550000 0.026562 0.058594
0.0 0.887500 0.459375 0.052344 0.044531
0.0 0.879687 0.227344 0.053906 0.085937
0.0 0.677344 0.170312 0.117188 0.157031
0.0 0.746875 0.250781 0.027344 0.051562
0.0 0.592188 0.085938 0.041406 0.062500
0.0 0.546875 0.111719 0.025000 0.042187
0.0 0.505469 0.131250 0.004688 0.025000
0.0 0.467969 0.154687 0.051562 0.074219
0.0 0.495313 0.223438 0.024219 0.032031
0.0 0.560938 0.290625 0.028125 0.025781
0.0 0.588281 0.311719 0.017187 0.032812
0.0 0.538281 0.360938 0.032812 0.081250
0.0 0.506250 0.370313 0.025781 0.034375
0.0 0.441406 0.384375 0.020312 0.025000
0.0 0.520312 0.454688 0.018750 0.028906
0.0 0.465625 0.502344 0.077344 0.164062
0.0 0.371875 0.448438 0.015625 0.035156
0.0 0.351562 0.535937 0.022656 0.042969
0.0 0.323438 0.517187 0.012500 0.027344
0.0 0.427344 0.657812 0.026563 0.035156
0.0 0.450000 0.738281 0.011719 0.029688
0.0 0.452344 0.881250 0.104687 0.235156
0.0 0.275000 0.714063 0.036719 0.075000
0.0 0.345313 0.658594 0.031250 0.054688
0.0 0.374219 0.641406 0.023438 0.045313
0.0 0.367188 0.607031 0.013281 0.026562
0.0 0.325000 0.777344 0.046094 0.089062
0.0 0.276563 0.842969 0.025781 0.035938
0.0 0.279687 0.882812 0.025000 0.027344
0.0 0.155469 0.945312 0.032813 0.071094
0.0 0.089844 0.971094 0.023438 0.054688
0.0 0.050000 0.971875 0.041406 0.028125
0.0 0.056250 0.824219 0.017969 0.023438
0.0 0.590625 0.229687 0.025000 0.040625
0.0 0.604688 0.405469 0.016406 0.029688
0.0 0.639063 0.335938 0.014844 0.017969
0.0 0.653125 0.417969 0.014844 0.035937
