0.0 0.755252 0.913686 0.072505 0.108348
0.0 0.331905 0.737700 0.078153 0.080858
0.0 0.191431 0.764701 0.035752 0.047249
0.0 0.148741 0.704135 0.019941 0.036849
0.0 0.238323 0.433597 0.037711 0.056647
0.0 0.375011 0.535274 0.017306 0.028126
0.0 0.366420 0.479051 0.103249 0.086341
0.0 0.427680 0.387620 0.037955 0.118435
0.0 0.469137 0.185771 0.082957 0.064697
0.0 0.442963 0.106832 0.026338 0.039188
0.0 0.399900 0.123399 0.022997 0.018940
0.0 0.415896 0.078183 0.020011 0.025421
0.0 0.265867 0.130744 0.030861 0.026803
0.0 0.256264 0.218516 0.091397 0.071109
0.0 0.749563 0.148241 0.023604 0.029691
0.0 0.837528 0.199609 0.112965 0.180594
0.0 0.844409 0.324919 0.034286 0.041725
0.0 0.692444 0.250437 0.041359 0.043388
0.0 0.671585 0.135947 0.039908 0.043966
0.0 0.660718 0.351142 0.033046 0.049954
0.0 0.544539 0.348160 0.039191 0.068272
0.0 0.493441 0.403082 0.059147 0.111222
0.0 0.443773 0.551906 0.101319 0.089145
0.0 0.254844 0.538872 0.027706 0.043937
0.0 0.284074 0.470139 0.026240 0.038413
0.0 0.201625 0.505317 0.021027 0.045373
0.0 0.300771 0.289551 0.035668 0.052575
0.0 0.397963 0.206634 0.019842 0.036074
0.0 0.805536 0.457004 0.032370 0.050630
0.0 0.759144 0.697602 0.068330 0.063596
0.0 0.621975 0.803781 0.035441 0.038822
0.0 0.291914 0.390019 0.026803 0.030861
0.0 0.558894 0.761094 0.018589 0.038201
0.0 0.393814 0.282499 0.020603 0.030071
