0.0 0.801208 0.187387 0.290360 0.374775
0.0 0.739344 0.213309 0.030561 0.050803
0.0 0.907967 0.218891 0.051113 0.109045
0.0 0.850180 0.445452 0.042725 0.072040
0.0 0.743533 0.369941 0.027437 0.042793
0.0 0.596694 0.293032 0.045660 0.063110
0.0 0.504537 0.313421 0.039299 0.068615
0.0 0.962414 0.637402 0.027912 0.047456
0.0 0.854574 0.788965 0.024660 0.053278
0.0 0.803030 0.907303 0.055142 0.103303
0.0 0.668626 0.829126 0.034289 0.049644
0.0 0.609387 0.787262 0.017095 0.039431
0.0 0.465701 0.571818 0.080602 0.088977
0.0 0.385273 0.506985 0.085631 0.077953
0.0 0.315561 0.516448 0.030516 0.027724
0.0 0.307876 0.602829 0.025185 0.043332
0.0 0.257677 0.572608 0.025233 0.028723
0.0 0.273134 0.485435 0.028467 0.052897
0.0 0.287473 0.302569 0.033591 0.050342
0.0 0.240307 0.232774 0.074037 0.069849
0.0 0.226962 0.124978 0.018857 0.026535
0.0 0.176899 0.165420 0.016254 0.046267
0.0 0.153518 0.174871 0.018555 0.031119
0.0 0.067662 0.156924 0.034240 0.064253
0.0 0.041870 0.165836 0.029463 0.085302
0.0 0.084452 0.236884 0.014749 0.031500
0.0 0.083204 0.355591 0.062597 0.100986
0.0 0.017521 0.358361 0.025407 0.037971
0.0 0.004174 0.325986 0.008347 0.027867
0.0 0.051363 0.251251 0.023234 0.039288
0.0 0.017038 0.268886 0.019808 0.035862
0.0 0.364963 0.053582 0.021774 0.047599
0.0 0.334131 0.028454 0.019634 0.026614
0.0 0.559189 0.032995 0.030308 0.040778
0.0 0.623095 0.035903 0.022442 0.031515
0.0 0.598070 0.160176 0.031863 0.040936
0.0 0.418760 0.820046 0.057572 0.074323
0.0 0.309565 0.873585 0.035700 0.055941
0.0 0.088740 0.887460 0.040952 0.039556
0.0 0.080753 0.970690 0.020661 0.058619
0.0 0.051780 0.910075 0.029958 0.059971
0.0 0.472966 0.388888 0.054157 0.116278
0.0 0.418228 0.383474 0.033059 0.135663
0.0 0.212851 0.587387 0.017065 0.024045
0.0 0.155084 0.583068 0.028422 0.029818
0.0 0.132024 0.557148 0.020491 0.027471
0.0 0.025952 0.618221 0.015843 0.034688
0.0 0.406259 0.142822 0.066185 0.068279
0.0 0.901053 0.382153 0.040046 0.053308
0.0 0.935317 0.171341 0.017288 0.018684
0.0 0.903555 0.067778 0.016129 0.022411
0.0 0.277159 0.355450 0.017952 0.040287
0.0 0.350835 0.184596 0.018937 0.027312
0.0 0.113911 0.718410 0.032795 0.080258
0.0 0.148746 0.682662 0.047007 0.076323
0.0 0.082834 0.767911 0.013734 0.029089
0.0 0.257608 0.818414 0.018397 0.029565
0.0 0.169494 0.316167 0.018159 0.027233
0.0 0.759099 0.661271 0.061744 0.062442
0.0 0.406840 0.564469 0.014417 0.020698
0.0 0.216480 0.973920 0.019854 0.052159
0.0 0.180204 0.989737 0.011625 0.020527
0.0 0.151749 0.986163 0.025788 0.027674
0.0 0.054534 0.806135 0.019823 0.043555
0.0 0.074015 0.588977 0.014194 0.026060
0.0 0.332222 0.086761 0.009897 0.014084
0.0 0.133291 0.045789 0.009278 0.015560
0.0 0.107910 0.066438 0.019714 0.027392
0.0 0.211399 0.157191 0.016510 0.018604
0.0 0.365705 0.276531 0.014654 0.023030
0.0 0.213569 0.717674 0.017778 0.031040
0.0 0.436519 0.354909 0.018857 0.026535
0.0 0.157799 0.378613 0.017446 0.020238
0.0 0.305037 0.420929 0.024932 0.033308
0.0 0.329164 0.233924 0.014575 0.022253
0.0 0.449476 0.019836 0.026026 0.036496
0.0 0.524211 0.075040 0.018555 0.031119
