0.0 0.856371 0.765776 0.282495 0.431717
0.0 0.947930 0.704482 0.054795 0.115775
0.0 0.916812 0.538446 0.039243 0.065788
0.0 0.853199 0.487037 0.043486 0.060704
0.0 0.762724 0.581944 0.026927 0.047015
0.0 0.789928 0.738101 0.025596 0.039944
0.0 0.931366 0.285738 0.022623 0.051319
0.0 0.986827 0.740598 0.020473 0.024060
0.0 0.972245 0.853814 0.018463 0.037833
0.0 0.709793 0.944257 0.021556 0.057427
0.0 0.645806 0.947736 0.028588 0.038632
0.0 0.471888 0.868977 0.071053 0.066748
0.0 0.449417 0.961655 0.013503 0.043634
0.0 0.422873 0.990270 0.015083 0.019460
0.0 0.136189 0.915041 0.034570 0.065419
0.0 0.110181 0.913174 0.027743 0.096614
0.0 0.137713 0.834986 0.016763 0.026090
0.0 0.119688 0.715722 0.050842 0.085278
0.0 0.051458 0.725020 0.022419 0.038919
0.0 0.320458 0.518860 0.030495 0.033364
0.0 0.281698 0.554047 0.030553 0.063555
0.0 0.436187 0.624934 0.034953 0.138978
0.0 0.536179 0.680527 0.033013 0.065296
0.0 0.493083 0.611044 0.051864 0.117866
0.0 0.454629 0.431480 0.072443 0.104009
0.0 0.296507 0.433761 0.025780 0.042280
0.0 0.362994 0.203603 0.064021 0.085543
0.0 0.022197 0.185024 0.039081 0.044103
0.0 0.120661 0.380232 0.045575 0.087185
0.0 0.081434 0.359815 0.035266 0.084050
0.0 0.013154 0.467861 0.014672 0.029021
0.0 0.142787 0.481932 0.031254 0.023362
0.0 0.126900 0.509046 0.023198 0.038981
0.0 0.292969 0.806286 0.072200 0.071483
0.0 0.298636 0.917905 0.014898 0.022073
0.0 0.246273 0.889903 0.018647 0.040170
0.0 0.193508 0.990834 0.018505 0.018333
0.0 0.217559 0.883547 0.011803 0.031890
0.0 0.105803 0.817911 0.008257 0.026193
0.0 0.077520 0.817006 0.035249 0.044575
0.0 0.031328 0.757955 0.024203 0.032094
0.0 0.042210 0.309618 0.013031 0.047467
0.0 0.009894 0.277867 0.019789 0.054557
0.0 0.023086 0.335420 0.016886 0.027647
0.0 0.243202 0.165246 0.030657 0.055049
0.0 0.724895 0.291049 0.049840 0.062753
0.0 0.723277 0.044973 0.058650 0.089945
0.0 0.801806 0.153326 0.022335 0.057488
0.0 0.610297 0.149620 0.036027 0.044636
0.0 0.554545 0.197902 0.022952 0.035865
0.0 0.393961 0.447235 0.020412 0.023281
0.0 0.386598 0.512861 0.086649 0.078040
0.0 0.249118 0.468845 0.025308 0.046113
0.0 0.327633 0.729103 0.033833 0.056073
0.0 0.178339 0.336500 0.012213 0.027279
0.0 0.136387 0.082762 0.025819 0.062407
0.0 0.100418 0.073844 0.017910 0.030824
0.0 0.068198 0.082654 0.020473 0.024060
0.0 0.006310 0.105070 0.012620 0.078210
0.0 0.205997 0.230090 0.014181 0.022790
0.0 0.408498 0.840278 0.014898 0.022073
0.0 0.408675 0.931954 0.016640 0.024532
0.0 0.634105 0.690046 0.028055 0.041686
0.0 0.207693 0.738561 0.009343 0.030148
0.0 0.537115 0.980601 0.032175 0.035045
0.0 0.658319 0.818226 0.029920 0.045703
0.0 0.321885 0.606519 0.024448 0.035209
0.0 0.308475 0.674973 0.019264 0.018547
0.0 0.202718 0.456831 0.024203 0.032094
0.0 0.408015 0.744707 0.021190 0.023343
0.0 0.114932 0.267834 0.018382 0.026991
0.0 0.000061 0.176106 0.000122 0.057918
0.0 0.068142 0.489386 0.016456 0.022195
