0.0 0.272338 0.949061 0.075725 0.101877
0.0 0.071272 0.718542 0.054159 0.071920
0.0 0.129152 0.210021 0.258303 0.376283
0.0 0.043887 0.278633 0.069969 0.102649
0.0 0.210307 0.262551 0.032734 0.047652
0.0 0.527010 0.117300 0.053241 0.052530
0.0 0.458534 0.312268 0.033381 0.063929
0.0 0.362052 0.294018 0.042924 0.067078
0.0 0.545530 0.563472 0.073721 0.083667
0.0 0.615726 0.478145 0.077241 0.088608
0.0 0.633640 0.800463 0.064214 0.089789
0.0 0.559965 0.369296 0.040476 0.154143
0.0 0.506571 0.386500 0.053833 0.121324
0.0 0.710805 0.570233 0.024068 0.036856
0.0 0.718656 0.435447 0.031005 0.036688
0.0 0.919646 0.635931 0.036331 0.088902
0.0 0.879102 0.620646 0.043630 0.048603
0.0 0.970954 0.801632 0.043462 0.055539
0.0 0.755402 0.829840 0.027014 0.044064
0.0 0.706412 0.187135 0.065060 0.090635
0.0 0.872271 0.092681 0.059404 0.070060
0.0 0.081865 0.453337 0.056530 0.081395
