0.0 0.194531 0.121875 0.060156 0.101562
0.0 0.636719 0.242969 0.069531 0.072656
0.0 0.772656 0.198438 0.030469 0.043750
0.0 0.822656 0.253125 0.015625 0.035156
0.0 0.767969 0.532813 0.031250 0.053125
0.0 0.619531 0.449219 0.014063 0.026562
0.0 0.635156 0.503906 0.094531 0.075000
0.0 0.585938 0.602344 0.023438 0.116406
0.0 0.570312 0.807812 0.076563 0.055469
0.0 0.606250 0.882812 0.021875 0.036719
0.0 0.646875 0.860938 0.021094 0.016406
0.0 0.636719 0.907812 0.017187 0.023438
0.0 0.778906 0.836719 0.028125 0.023438
0.0 0.777344 0.748437 0.084375 0.060938
0.0 0.296875 0.880469 0.020312 0.027344
0.0 0.203125 0.840625 0.092187 0.170312
0.0 0.180469 0.717187 0.029687 0.038281
0.0 0.340625 0.771875 0.036719 0.039062
0.0 0.375781 0.882813 0.035156 0.039844
0.0 0.359375 0.667969 0.027344 0.046875
0.0 0.475000 0.656250 0.031250 0.064844
0.0 0.518750 0.595313 0.046094 0.106250
0.0 0.549219 0.441406 0.092188 0.078125
0.0 0.738281 0.430469 0.022656 0.041406
0.0 0.717969 0.502344 0.021875 0.035937
0.0 0.795313 0.457031 0.015625 0.043750
0.0 0.724219 0.683594 0.029688 0.049219
0.0 0.638281 0.778125 0.015625 0.034375
0.0 0.202344 0.581250 0.026563 0.047656
0.0 0.217969 0.336719 0.061719 0.056250
0.0 0.340625 0.214063 0.031250 0.035156
0.0 0.720312 0.582812 0.023438 0.028125
0.0 0.408594 0.248438 0.014063 0.036719
0.0 0.632812 0.702344 0.017187 0.028125
