0.0 0.830595 0.889523 0.072395 0.111135
0.0 0.971483 0.611109 0.039295 0.058347
0.0 0.847874 0.425716 0.051085 0.074583
0.0 0.887330 0.347441 0.050913 0.069331
0.0 0.582177 0.284985 0.037815 0.049882
0.0 0.776827 0.181736 0.316906 0.363473
0.0 0.882343 0.187315 0.062510 0.092994
0.0 0.723196 0.202441 0.034796 0.041147
0.0 0.871140 0.036999 0.014637 0.019718
0.0 0.909846 0.140474 0.016154 0.032666
0.0 0.591062 0.027263 0.027063 0.035319
0.0 0.528382 0.027114 0.038009 0.042455
0.0 0.575606 0.152100 0.026099 0.042611
0.0 0.381371 0.147980 0.078365 0.089796
0.0 0.335254 0.065628 0.028005 0.040706
0.0 0.300129 0.041630 0.034086 0.032816
0.0 0.219858 0.253933 0.080061 0.078155
0.0 0.046086 0.189926 0.038062 0.064100
0.0 0.064386 0.262865 0.021347 0.041035
0.0 0.022417 0.217856 0.022752 0.040534
0.0 0.021175 0.174453 0.025330 0.042477
0.0 0.014814 0.389773 0.029627 0.059042
0.0 0.073923 0.380955 0.067569 0.100593
0.0 0.076195 0.099010 0.023985 0.034781
0.0 0.101576 0.076333 0.023312 0.030933
0.0 0.192905 0.158714 0.045048 0.057114
0.0 0.154344 0.187660 0.021041 0.035013
0.0 0.130158 0.199025 0.019830 0.028086
0.0 0.408985 0.392185 0.045663 0.146005
0.0 0.161812 0.711382 0.057198 0.101018
0.0 0.130850 0.742966 0.042830 0.082839
0.0 0.160988 0.606838 0.033548 0.029738
0.0 0.138102 0.571184 0.030852 0.044188
0.0 0.386699 0.514251 0.087734 0.092180
0.0 0.409504 0.572126 0.015407 0.019853
0.0 0.467682 0.392236 0.066927 0.131069
0.0 0.490268 0.308186 0.037539 0.078184
0.0 0.473260 0.578431 0.089827 0.112690
0.0 0.443850 0.823086 0.070497 0.083199
0.0 0.336983 0.887763 0.034214 0.063428
0.0 0.116576 0.919941 0.043934 0.046475
0.0 0.314704 0.619626 0.022752 0.040534
0.0 0.320186 0.533014 0.025793 0.036589
0.0 0.273174 0.499990 0.040737 0.062330
0.0 0.261572 0.592430 0.022154 0.045652
0.0 0.765832 0.641501 0.056801 0.068868
0.0 0.688937 0.809594 0.030829 0.056867
0.0 0.629207 0.776413 0.025195 0.041707
0.0 0.274425 0.316567 0.042373 0.058885
0.0 0.326896 0.194777 0.016349 0.025240
0.0 0.214368 0.995367 0.021542 0.009266
0.0 0.183913 0.988404 0.023537 0.023193
0.0 0.116847 0.982115 0.031517 0.035770
0.0 0.252040 0.981557 0.024247 0.036886
0.0 0.078057 0.840226 0.029559 0.058138
0.0 0.101981 0.795597 0.024463 0.046056
0.0 0.033290 0.652157 0.019039 0.040631
0.0 0.226122 0.739004 0.025195 0.041707
0.0 0.301699 0.436315 0.031778 0.032413
0.0 0.349829 0.285147 0.021736 0.026181
0.0 0.026864 0.293216 0.033795 0.043957
0.0 0.006547 0.302773 0.013094 0.027817
0.0 0.155640 0.335742 0.019577 0.043710
0.0 0.304157 0.096442 0.019292 0.025008
0.0 0.416374 0.026071 0.034027 0.041013
0.0 0.731456 0.354065 0.032294 0.048171
0.0 0.874294 0.762921 0.032234 0.056367
