0.0 0.742188 0.125781 0.025000 0.049219
0.0 0.620313 0.175000 0.053906 0.082813
0.0 0.357031 0.139844 0.028906 0.046094
0.0 0.233594 0.042969 0.030469 0.085938
1.0 0.307031 0.414844 0.153125 0.185156
0.0 0.541406 0.428906 0.074219 0.091406
0.0 0.618750 0.506250 0.076563 0.075781
0.0 0.735938 0.538281 0.022656 0.060156
0.0 0.691406 0.503125 0.016406 0.022656
0.0 0.571875 0.631250 0.021875 0.136719
0.0 0.516406 0.618750 0.048437 0.128906
0.0 0.507031 0.714844 0.014844 0.018750
0.0 0.478125 0.696875 0.030469 0.067969
0.0 0.419531 0.725781 0.014063 0.017969
0.0 0.374219 0.712500 0.027344 0.045313
0.0 0.233594 0.612500 0.031250 0.041406
0.0 0.647656 0.985156 0.014063 0.018750
0.0 0.631250 0.953125 0.015625 0.025781
0.0 0.589063 0.913281 0.016406 0.024219
0.0 0.553125 0.888281 0.052344 0.064844
0.0 0.661719 0.882031 0.015625 0.016406
0.0 0.625781 0.849219 0.014844 0.022656
0.0 0.744531 0.810938 0.071875 0.064062
0.0 0.746094 0.926562 0.014844 0.021875
0.0 0.766406 0.890625 0.014844 0.017969
0.0 0.705469 0.753125 0.010938 0.018750
0.0 0.697656 0.724219 0.032031 0.039844
0.0 0.762500 0.449219 0.014844 0.036719
0.0 0.711719 0.410156 0.022656 0.039844
0.0 0.415625 0.185937 0.018750 0.030469
0.0 0.221875 0.779688 0.010156 0.035156
0.0 0.246094 0.914844 0.055469 0.132812
0.0 0.316406 0.979688 0.018750 0.031250
0.0 0.392187 0.978906 0.014844 0.021875
0.0 0.378125 0.993750 0.013281 0.012500
0.0 0.430469 0.945312 0.016406 0.031250
0.0 0.595313 0.990625 0.010938 0.017969
0.0 0.592187 0.972656 0.014063 0.017187
0.0 0.717969 0.667188 0.016406 0.020313
0.0 0.702344 0.610156 0.010938 0.019531
0.0 0.690625 0.598437 0.010938 0.017969
0.0 0.652344 0.797656 0.012500 0.019531
0.0 0.361719 0.857031 0.010937 0.014063
0.0 0.351562 0.848437 0.010937 0.021875
0.0 0.289062 0.953125 0.021875 0.022656
0.0 0.616406 0.751562 0.017187 0.019531
0.0 0.607812 0.439844 0.016406 0.023438
0.0 0.367188 0.835938 0.014063 0.021094
0.0 0.298437 0.901563 0.011719 0.018750
0.0 0.678906 0.945312 0.014844 0.017969
0.0 0.683594 0.868750 0.011719 0.017969
0.0 0.459375 0.779688 0.011719 0.015625
0.0 0.607031 0.810156 0.012500 0.015625
0.0 0.539062 0.810156 0.013281 0.015625
0.0 0.534375 0.706250 0.010156 0.016406
0.0 0.585156 0.865625 0.010156 0.025000
0.0 0.667969 0.482031 0.012500 0.017969
