0.0 0.511472 0.669150 0.063472 0.120265
0.0 0.427503 0.535364 0.083958 0.084677
0.0 0.718669 0.653178 0.059871 0.083595
0.0 0.550521 0.555657 0.069283 0.115293
0.0 0.252771 0.108468 0.250728 0.198967
0.0 0.293396 0.106903 0.035601 0.060043
0.0 0.353172 0.333448 0.044648 0.056869
0.0 0.761542 0.091190 0.079765 0.090548
0.0 0.760221 0.826278 0.039794 0.054172
0.0 0.710880 0.277666 0.034700 0.048359
0.0 0.426257 0.610682 0.094557 0.041358
0.0 0.372129 0.477730 0.048302 0.054054
0.0 0.687945 0.366410 0.021635 0.029543
0.0 0.401313 0.124443 0.031044 0.041109
0.0 0.677700 0.007764 0.038832 0.015528
0.0 0.180354 0.266846 0.026968 0.028405
0.0 0.264009 0.315247 0.026370 0.040748
0.0 0.184385 0.369966 0.014024 0.021213
0.0 0.174915 0.348756 0.014144 0.022771
0.0 0.211177 0.422750 0.015582 0.021333
0.0 0.331206 0.861699 0.046334 0.108878
0.0 0.578301 0.794071 0.026609 0.033798
0.0 0.500114 0.836925 0.035836 0.032960
0.0 0.559019 0.869212 0.022953 0.026547
0.0 0.379130 0.792185 0.024332 0.034397
0.0 0.293130 0.693033 0.013245 0.021153
0.0 0.274143 0.741510 0.011687 0.021033
0.0 0.228480 0.708202 0.015702 0.022891
0.0 0.297731 0.986337 0.017620 0.027327
0.0 0.284542 0.947570 0.023552 0.024270
0.0 0.282676 0.892865 0.012825 0.015700
0.0 0.257567 0.872077 0.014384 0.025887
0.0 0.212109 0.996290 0.017260 0.007420
0.0 0.189171 0.696345 0.018878 0.023910
0.0 0.205462 0.653560 0.030682 0.026369
0.0 0.277662 0.634674 0.015941 0.015941
0.0 0.248422 0.641629 0.015462 0.019775
0.0 0.261237 0.594411 0.046149 0.076342
0.0 0.726378 0.895490 0.017080 0.020674
0.0 0.432250 0.992363 0.013724 0.015274
0.0 0.389345 0.975536 0.013724 0.017318
0.0 0.516700 0.767476 0.014264 0.024329
0.0 0.352866 0.675107 0.014324 0.025108
0.0 0.452051 0.792832 0.014024 0.021213
0.0 0.573590 0.936260 0.016061 0.017499
0.0 0.658618 0.951645 0.015103 0.025168
0.0 0.548844 0.940518 0.013365 0.022711
0.0 0.362968 0.521533 0.013125 0.019595
