0.0 0.266852 0.071153 0.077531 0.089369
0.0 0.639479 0.868301 0.056764 0.102146
0.0 0.657707 0.342599 0.041280 0.059038
0.0 0.626808 0.486493 0.046739 0.050028
0.0 0.568726 0.537086 0.083813 0.070659
0.0 0.563520 0.614507 0.089685 0.039041
0.0 0.478819 0.663507 0.061038 0.115627
0.0 0.445469 0.547962 0.074322 0.123650
0.0 0.270263 0.637200 0.054974 0.079967
0.0 0.217138 0.803061 0.036233 0.045441
0.0 0.577292 0.771369 0.011211 0.029626
0.0 0.524419 0.781665 0.016110 0.037156
0.0 0.475066 0.831978 0.038372 0.034425
0.0 0.459854 0.769684 0.017278 0.029774
0.0 0.401967 0.787133 0.019283 0.033095
0.0 0.412560 0.864536 0.023772 0.027718
0.0 0.681920 0.959924 0.020994 0.024282
0.0 0.829157 0.384709 0.024265 0.036103
0.0 0.834230 0.292260 0.022407 0.038849
0.0 0.783044 0.673251 0.027241 0.035791
0.0 0.729245 0.615482 0.053163 0.108410
0.0 0.692687 0.707192 0.018165 0.030662
0.0 0.603665 0.795832 0.036891 0.044783
0.0 0.771546 0.129696 0.259428 0.219966
0.0 0.729703 0.124257 0.022719 0.035873
0.0 0.627029 0.129510 0.031449 0.038684
0.0 0.356072 0.000714 0.033160 0.001428
0.0 0.303612 0.264612 0.030001 0.054336
0.0 0.428307 0.122043 0.053709 0.071466
0.0 0.744416 0.327862 0.036693 0.048532
0.0 0.630966 0.681417 0.017475 0.026025
0.0 0.667898 0.989971 0.029641 0.020058
0.0 0.713284 0.887187 0.012609 0.023790
0.0 0.795378 0.717740 0.017820 0.028344
0.0 0.755986 0.727673 0.021256 0.031122
0.0 0.247197 0.877043 0.023344 0.029922
0.0 0.135666 0.941796 0.042368 0.020664
0.0 0.576058 0.981288 0.017985 0.019301
0.0 0.532967 0.995036 0.013579 0.009929
0.0 0.395285 0.927523 0.025713 0.020451
0.0 0.310582 0.939399 0.018873 0.020189
0.0 0.796000 0.442961 0.022112 0.026716
0.0 0.565409 0.819362 0.020189 0.018873
0.0 0.441365 0.644504 0.016127 0.022047
