0.0 0.564844 0.534375 0.070312 0.090625
0.0 0.509375 0.717969 0.053125 0.155469
0.0 0.313281 0.707812 0.053906 0.093750
0.0 0.457031 0.570312 0.069531 0.123438
0.0 0.574219 0.639063 0.085156 0.067188
0.0 0.614062 0.467188 0.053906 0.066406
0.0 0.618750 0.285937 0.036719 0.059375
0.0 0.451563 0.878125 0.030469 0.057031
0.0 0.285156 0.942969 0.040625 0.064062
0.0 0.738281 0.059375 0.087500 0.117969
0.0 0.772656 0.297656 0.017969 0.070312
0.0 0.716406 0.610156 0.039062 0.139844
0.0 0.771094 0.665625 0.026563 0.039844
0.0 0.752344 0.732813 0.021094 0.039062
0.0 0.750000 0.819531 0.020312 0.027344
0.0 0.716406 0.782031 0.011719 0.035938
0.0 0.696875 0.722656 0.021094 0.046094
0.0 0.718750 0.970312 0.012500 0.038281
0.0 0.675000 0.932813 0.034375 0.127344
0.0 0.628906 0.859375 0.034375 0.067188
0.0 0.521875 0.923437 0.034375 0.050000
0.0 0.471094 0.970312 0.023438 0.025781
0.0 0.563281 0.028125 0.028906 0.056250
0.0 0.245313 0.031250 0.052344 0.058594
0.0 0.740625 0.935156 0.016406 0.048437
0.0 0.595313 0.890625 0.023438 0.042187
0.0 0.385156 0.048437 0.039844 0.096875
0.0 0.299219 0.246875 0.036719 0.058594
0.0 0.693750 0.256250 0.038281 0.060938
0.0 0.768750 0.179688 0.024219 0.032031
0.0 0.666406 0.770312 0.020312 0.039844
0.0 0.642969 0.704687 0.016406 0.032812
0.0 0.559375 0.852344 0.017187 0.046875
0.0 0.502344 0.846094 0.025000 0.036719
0.0 0.749219 0.381250 0.017969 0.046875
3.0 0.459375 0.159375 0.095312 0.286719
0.0 0.323438 0.350781 0.015625 0.040625
0.0 0.660156 0.007812 0.022656 0.015625
0.0 0.620313 0.517969 0.007812 0.023438
0.0 0.664062 0.608594 0.009375 0.025000
