0.0 0.406526 0.382662 0.048050 0.147317
0.0 0.461761 0.386022 0.084870 0.139306
0.0 0.473853 0.593938 0.107099 0.151289
0.0 0.385855 0.518460 0.102626 0.098143
0.0 0.317109 0.171943 0.023946 0.035474
0.0 0.379955 0.126482 0.065091 0.070855
1.0 0.702012 0.556247 0.203228 0.210913
0.0 0.798293 0.173001 0.325334 0.346002
0.0 0.736347 0.182044 0.033478 0.052051
0.0 0.911639 0.169116 0.069815 0.121050
0.0 0.588306 0.271981 0.035539 0.055392
0.0 0.488687 0.296706 0.050500 0.090848
0.0 0.202417 0.238825 0.074085 0.075366
0.0 0.106841 0.757254 0.050120 0.093029
0.0 0.141072 0.725335 0.051614 0.070827
0.0 0.303342 0.621114 0.028847 0.046779
0.0 0.246391 0.593482 0.023566 0.037655
0.0 0.262522 0.501233 0.031186 0.060646
0.0 0.004857 0.196843 0.009714 0.042157
0.0 0.112922 0.581926 0.023055 0.039066
0.0 0.141750 0.611924 0.032290 0.036133
0.0 0.018160 0.164051 0.036319 0.064386
0.0 0.435296 0.844465 0.072321 0.091534
0.0 0.321885 0.909547 0.038889 0.061945
0.0 0.095433 0.995222 0.037395 0.009557
0.0 0.091526 0.938894 0.051187 0.050547
0.0 0.846533 0.901076 0.064376 0.097679
0.0 0.988628 0.613340 0.022744 0.055531
0.0 0.868069 0.418111 0.048811 0.080833
0.0 0.051248 0.371281 0.062177 0.089075
0.0 0.701779 0.832002 0.037451 0.048979
0.0 0.041633 0.248514 0.026768 0.034453
0.0 0.266775 0.310367 0.038862 0.048468
0.0 0.134968 0.163050 0.027817 0.045108
0.0 0.173227 0.155012 0.020336 0.027380
0.0 0.183567 0.122369 0.024707 0.031112
0.0 0.895735 0.774727 0.033497 0.061035
0.0 0.526790 0.014813 0.025877 0.029626
0.0 0.600365 0.008898 0.026768 0.017797
