0.0 0.162500 0.808594 0.260156 0.382812
0.0 0.233594 0.765625 0.032031 0.042188
0.0 0.069531 0.743750 0.066406 0.150000
0.0 0.383594 0.700781 0.040625 0.046094
0.0 0.550781 0.867969 0.082812 0.072656
0.0 0.733594 0.783594 0.057031 0.070312
0.0 0.906250 0.348437 0.026562 0.066406
0.0 0.570312 0.625000 0.025781 0.133594
0.0 0.510938 0.612500 0.057812 0.135156
0.0 0.868750 0.342188 0.053125 0.064844
0.0 0.895312 0.696094 0.053906 0.102344
0.0 0.607812 0.200000 0.054688 0.076563
0.0 0.619531 0.520312 0.084375 0.092188
0.0 0.724219 0.546094 0.017187 0.054688
0.0 0.952344 0.153125 0.027344 0.049219
0.0 0.241406 0.064844 0.057031 0.128906
0.0 0.059375 0.314062 0.028906 0.056250
0.0 0.142969 0.522656 0.033594 0.069531
0.0 0.907031 0.881250 0.055469 0.098438
0.0 0.726562 0.142969 0.030469 0.050781
0.0 0.083594 0.570312 0.035938 0.076563
