0.0 0.967188 0.684375 0.065625 0.134375
0.0 0.496094 0.825000 0.042969 0.077344
0.0 0.143750 0.944531 0.042969 0.057031
0.0 0.111719 0.710156 0.210937 0.235156
0.0 0.238281 0.640625 0.075000 0.168750
0.0 0.402344 0.651563 0.043750 0.099219
0.0 0.515625 0.689844 0.034375 0.044531
0.0 0.303906 0.482813 0.027344 0.058594
0.0 0.247656 0.396094 0.028125 0.049219
0.0 0.167969 0.320312 0.050781 0.065625
0.0 0.600000 0.425781 0.046875 0.201563
0.0 0.562500 0.607812 0.028906 0.071094
0.0 0.448438 0.542969 0.056250 0.091406
0.0 0.528906 0.523438 0.029688 0.034375
0.0 0.550000 0.464844 0.018750 0.047656
0.0 0.514063 0.451563 0.014063 0.015625
0.0 0.546094 0.399219 0.025781 0.032812
0.0 0.640625 0.557031 0.024219 0.014063
0.0 0.653125 0.519531 0.025000 0.039062
0.0 0.737500 0.500000 0.027344 0.062500
0.0 0.689062 0.477344 0.011719 0.026562
0.0 0.717188 0.397656 0.012500 0.029688
0.0 0.710938 0.336719 0.043750 0.073437
0.0 0.796875 0.407031 0.014063 0.028906
0.0 0.778125 0.523438 0.015625 0.031250
0.0 0.789844 0.477344 0.018750 0.032031
0.0 0.821875 0.537500 0.037500 0.037500
0.0 0.789062 0.162500 0.024219 0.071875
0.0 0.921094 0.264844 0.016406 0.107031
0.0 0.991406 0.214844 0.017187 0.082813
0.0 0.970312 0.252344 0.024219 0.032031
0.0 0.850781 0.322656 0.035156 0.047656
0.0 0.175000 0.853125 0.046094 0.043750
0.0 0.065625 0.751562 0.025781 0.053125
0.0 0.030469 0.821875 0.024219 0.046094
0.0 0.034375 0.685937 0.018750 0.105469
0.0 0.014844 0.625781 0.018750 0.035156
