1.0 0.693750 0.572656 0.170312 0.179687
0.0 0.773438 0.953906 0.058594 0.092188
0.0 0.971094 0.696094 0.031250 0.042969
0.0 0.845313 0.841406 0.019531 0.057813
0.0 0.853906 0.196094 0.260938 0.391406
0.0 0.960937 0.247656 0.051563 0.115625
0.0 0.877344 0.481250 0.035938 0.076563
0.0 0.784375 0.225000 0.031250 0.064844
0.0 0.767969 0.389844 0.030469 0.049219
0.0 0.624219 0.284375 0.032812 0.057812
0.0 0.520312 0.299219 0.032031 0.077344
0.0 0.426562 0.367969 0.019531 0.151562
0.0 0.380469 0.496875 0.085938 0.077344
0.0 0.454687 0.575781 0.082031 0.094531
0.0 0.378125 0.827344 0.053906 0.084375
0.0 0.257031 0.872656 0.030469 0.053125
0.0 0.110156 0.977344 0.011719 0.035156
0.0 0.080469 0.975000 0.020313 0.031250
0.0 0.009375 0.953125 0.018750 0.087500
0.0 0.152344 0.966406 0.017187 0.056250
0.0 0.023438 0.867188 0.046875 0.040625
0.0 0.185938 0.540625 0.016406 0.060156
0.0 0.127344 0.553125 0.029688 0.041406
0.0 0.108594 0.519531 0.021094 0.039844
0.0 0.287500 0.588281 0.021875 0.050781
0.0 0.261719 0.457812 0.032031 0.061719
0.0 0.234375 0.547656 0.021875 0.036719
0.0 0.303906 0.495313 0.021094 0.027344
0.0 0.483594 0.379687 0.052344 0.132031
0.0 0.441406 0.108594 0.049219 0.071875
0.0 0.684375 0.021875 0.021875 0.042969
0.0 0.612500 0.017187 0.028906 0.033594
0.0 0.407031 0.021094 0.017187 0.042187
0.0 0.072656 0.099219 0.067969 0.080469
0.0 0.078906 0.299219 0.052344 0.092188
0.0 0.009375 0.296875 0.017969 0.053906
0.0 0.253125 0.187500 0.071094 0.077344
0.0 0.375000 0.154688 0.014844 0.025781
0.0 0.298437 0.262500 0.028125 0.060938
0.0 0.757031 0.700000 0.052344 0.086719
0.0 0.642969 0.864844 0.028906 0.029687
0.0 0.134375 0.010938 0.019531 0.021094
0.0 0.249219 0.070312 0.011719 0.025000
0.0 0.232813 0.107813 0.015625 0.028125
0.0 0.194531 0.105469 0.019531 0.038281
0.0 0.168750 0.118750 0.017187 0.030469
0.0 0.367188 0.041406 0.018750 0.031250
0.0 0.089844 0.173437 0.023438 0.035156
0.0 0.057031 0.195312 0.012500 0.040625
0.0 0.037500 0.188281 0.012500 0.035938
0.0 0.642969 0.149219 0.036719 0.042187
0.0 0.935937 0.411719 0.037500 0.064844
0.0 0.385156 0.246875 0.011719 0.029688
0.0 0.570312 0.053125 0.016406 0.028125
0.0 0.168750 0.263281 0.015625 0.021094
0.0 0.108594 0.650781 0.045313 0.092188
0.0 0.070312 0.684375 0.028125 0.096875
0.0 0.030469 0.735938 0.013281 0.032812
0.0 0.007031 0.710938 0.014063 0.031250
0.0 0.041406 0.548438 0.015625 0.028906
0.0 0.210156 0.813281 0.015625 0.033594
0.0 0.170313 0.697656 0.012500 0.029688
0.0 0.393750 0.557031 0.010937 0.027344
0.0 0.100000 0.403125 0.017969 0.030469
0.0 0.155469 0.334375 0.019531 0.025000
0.0 0.110937 0.769531 0.018750 0.022656
0.0 0.346875 0.198438 0.026562 0.028906
0.0 0.013281 0.201563 0.013281 0.035156
