0.0 0.934375 0.099219 0.059375 0.109375
0.0 0.750000 0.201562 0.069531 0.073438
0.0 0.557813 0.110937 0.065625 0.077344
0.0 0.136719 0.188281 0.273438 0.376563
0.0 0.480469 0.296875 0.028125 0.083594
0.0 0.367969 0.289844 0.053125 0.064844
0.0 0.218750 0.223438 0.035937 0.067188
0.0 0.043750 0.240625 0.062500 0.132812
0.0 0.517969 0.380469 0.053906 0.124219
0.0 0.573438 0.367188 0.028125 0.164062
0.0 0.628125 0.493750 0.084375 0.070312
0.0 0.541406 0.585938 0.084375 0.111719
0.0 0.890625 0.671875 0.034375 0.084375
0.0 0.939062 0.676562 0.042187 0.075000
0.0 0.978906 0.877344 0.028125 0.059375
0.0 0.625781 0.838281 0.071094 0.125000
0.0 0.743750 0.880469 0.035938 0.078906
0.0 0.227344 0.939844 0.055469 0.119531
0.0 0.029687 0.689844 0.036719 0.078125
0.0 0.922656 0.300000 0.057812 0.103125
1.0 0.310156 0.577344 0.157031 0.181250
0.0 0.738281 0.460938 0.025781 0.078125
0.0 0.711719 0.573438 0.030469 0.063281
0.0 0.060156 0.409375 0.051563 0.086719
