1.0 0.709925 0.455820 0.198443 0.217003
0.0 0.834356 0.093215 0.102315 0.111595
0.0 0.428318 0.156717 0.094471 0.109716
0.0 0.308666 0.093843 0.060661 0.074580
0.0 0.146240 0.280552 0.055359 0.101096
0.0 0.091883 0.257789 0.053258 0.075795
0.0 0.076537 0.078028 0.050606 0.067840
0.0 0.408951 0.629041 0.060005 0.181307
0.0 0.375925 0.490159 0.116456 0.093919
0.0 0.482991 0.409180 0.092262 0.120765
0.0 0.496230 0.697548 0.063313 0.087839
0.0 0.473587 0.607501 0.085743 0.117560
0.0 0.209074 0.763046 0.072372 0.082315
0.0 0.592351 0.726280 0.058449 0.053809
0.0 0.814971 0.819972 0.328275 0.360057
0.0 0.387390 0.879289 0.065412 0.091927
0.0 0.743600 0.805508 0.039999 0.062536
0.0 0.907891 0.826622 0.085302 0.135679
0.0 0.027224 0.844903 0.054448 0.130487
0.0 0.048768 0.647800 0.072595 0.115681
0.0 0.260025 0.511475 0.036575 0.070380
0.0 0.298261 0.381988 0.032045 0.070491
0.0 0.984288 0.379272 0.031425 0.056571
0.0 0.920608 0.649294 0.056904 0.080104
