0.0 0.715625 0.092969 0.240625 0.185938
0.0 0.674219 0.093750 0.033594 0.037500
0.0 0.571094 0.120313 0.029688 0.042969
0.0 0.636719 0.320312 0.035156 0.040625
0.0 0.626563 0.464844 0.047656 0.050781
0.0 0.575000 0.525781 0.080469 0.052344
0.0 0.746094 0.586719 0.045313 0.091406
0.0 0.807812 0.632031 0.026563 0.028906
0.0 0.693750 0.839062 0.044531 0.117188
0.0 0.646094 0.782031 0.032031 0.040625
0.0 0.563281 0.775000 0.021094 0.053906
0.0 0.523438 0.831250 0.038281 0.034375
0.0 0.500000 0.777344 0.019531 0.031250
0.0 0.443750 0.794531 0.021094 0.040625
0.0 0.295313 0.668750 0.048437 0.082031
0.0 0.264844 0.845313 0.029688 0.036719
0.0 0.205469 0.112500 0.060938 0.077344
0.0 0.272656 0.296875 0.014844 0.053906
0.0 0.452344 0.560937 0.057812 0.105469
0.0 0.503125 0.660937 0.045313 0.127344
0.0 0.747656 0.927344 0.027344 0.027344
0.0 0.767188 0.853906 0.017188 0.032813
0.0 0.821094 0.978906 0.021875 0.019531
0.0 0.807031 0.239844 0.032813 0.028906
0.0 0.718750 0.300000 0.030469 0.047656
0.0 0.805469 0.335938 0.022656 0.040625
0.0 0.580469 0.602344 0.089844 0.035156
0.0 0.467188 0.873437 0.019531 0.025000
0.0 0.719531 0.672656 0.011719 0.024219
0.0 0.375000 0.142969 0.039844 0.081250
0.0 0.464844 0.649219 0.010937 0.027344
0.0 0.202344 0.983594 0.033594 0.032812
0.0 0.372656 0.963281 0.020313 0.026562
0.0 0.303906 0.907031 0.017187 0.031250
0.0 0.458594 0.940625 0.014844 0.013281
0.0 0.603906 0.809375 0.010156 0.016406
0.0 0.824219 0.672656 0.013281 0.043750
0.0 0.784375 0.688281 0.013281 0.027344
0.0 0.645312 0.964063 0.008594 0.021875
0.0 0.605469 0.986719 0.017187 0.026563
0.0 0.737500 0.968750 0.014063 0.018750
0.0 0.823437 0.505469 0.019531 0.056250
