0.0 0.936422 0.859111 0.047686 0.046181
0.0 0.899831 0.683443 0.042254 0.089646
0.0 0.861575 0.682048 0.051667 0.112600
0.0 0.612596 0.499415 0.089041 0.089793
0.0 0.598866 0.811622 0.068205 0.117102
0.0 0.716638 0.862041 0.033535 0.064378
0.0 0.531847 0.569957 0.097856 0.096352
0.0 0.224045 0.928509 0.063435 0.114589
0.0 0.571613 0.379874 0.037875 0.161998
0.0 0.515058 0.387193 0.071544 0.144513
0.0 0.744144 0.214958 0.068668 0.065659
0.0 0.564909 0.134935 0.062736 0.074019
0.0 0.917816 0.125915 0.062667 0.093509
0.0 0.141575 0.467385 0.051281 0.080619
0.0 0.046845 0.664064 0.036829 0.069176
0.0 0.166020 0.191256 0.255481 0.382512
0.0 0.246869 0.388357 0.043599 0.062406
0.0 0.072922 0.249113 0.055844 0.141601
0.0 0.488990 0.308847 0.056404 0.071449
0.0 0.389370 0.296615 0.048227 0.061015
0.0 0.237290 0.222273 0.038191 0.063768
0.0 0.721760 0.464308 0.037484 0.087133
0.0 0.902777 0.323936 0.054477 0.104126
0.0 0.089897 0.405305 0.033861 0.051915
0.0 0.042705 0.198760 0.024703 0.035987
0.0 0.070410 0.103613 0.014240 0.027029
0.0 0.163458 0.810598 0.021995 0.068635
0.0 0.251112 0.679330 0.050102 0.069660
0.0 0.351854 0.832322 0.029786 0.047088
0.0 0.848596 0.030360 0.036386 0.035633
0.0 0.632362 0.021693 0.024447 0.028960
0.0 0.605858 0.041053 0.019978 0.056087
0.0 0.342142 0.029815 0.028908 0.059630
0.0 0.376253 0.163235 0.029985 0.052553
0.0 0.746682 0.102476 0.024077 0.018811
0.0 0.813820 0.147921 0.042562 0.055351
0.0 0.945800 0.216057 0.013659 0.032466
0.0 0.930014 0.220172 0.019990 0.035035
0.0 0.893804 0.205562 0.023312 0.040615
0.0 0.991122 0.295981 0.017757 0.029684
0.0 0.970559 0.330317 0.020600 0.030380
0.0 0.871782 0.530757 0.035519 0.033263
0.0 0.850515 0.556561 0.024504 0.030522
0.0 0.795254 0.549855 0.021625 0.058486
0.0 0.746792 0.549652 0.022361 0.035902
0.0 0.696268 0.584552 0.024988 0.043794
0.0 0.983166 0.584852 0.013448 0.048052
0.0 0.960023 0.769287 0.017534 0.031827
0.0 0.936236 0.735585 0.014895 0.044986
0.0 0.878736 0.961765 0.019848 0.031132
0.0 0.949104 0.940096 0.023061 0.076471
0.0 0.813696 0.944540 0.021995 0.068635
0.0 0.850459 0.965424 0.015135 0.030180
0.0 0.765759 0.801291 0.018173 0.027952
0.0 0.697775 0.285971 0.025472 0.057067
0.0 0.406629 0.037697 0.028424 0.052496
