0.0 0.449905 0.356809 0.042302 0.143615
0.0 0.500543 0.376692 0.085835 0.142985
0.0 0.445295 0.580718 0.106264 0.148477
0.0 0.387181 0.478179 0.102424 0.100475
1.0 0.675892 0.618026 0.205259 0.213053
0.0 0.120693 0.053142 0.026417 0.043302
0.0 0.149051 0.033903 0.039992 0.067268
0.0 0.127253 0.015120 0.026256 0.030241
0.0 0.115249 0.237370 0.059816 0.083196
0.0 0.047994 0.227511 0.027188 0.043424
0.0 0.307639 0.156308 0.080361 0.075165
0.0 0.432909 0.129477 0.022963 0.040498
0.0 0.474179 0.118611 0.015974 0.029612
0.0 0.509642 0.104452 0.063064 0.079949
0.0 0.478302 0.072596 0.019099 0.025593
0.0 0.232175 0.068423 0.027510 0.035952
0.0 0.262314 0.062913 0.026417 0.043302
0.0 0.299353 0.068778 0.025600 0.033393
0.0 0.321178 0.035849 0.023690 0.030834
0.0 0.553415 0.307548 0.045072 0.075595
0.0 0.655522 0.307107 0.042139 0.057076
0.0 0.274864 0.423217 0.032474 0.057802
0.0 0.308596 0.464944 0.026899 0.032094
0.0 0.278744 0.553553 0.034988 0.049925
0.0 0.183075 0.508345 0.023812 0.031605
0.0 0.231084 0.504874 0.028288 0.050369
0.0 0.108369 0.450638 0.027921 0.048054
0.0 0.124721 0.487240 0.036769 0.037419
0.0 0.006593 0.652894 0.013187 0.046427
0.0 0.045098 0.615426 0.050480 0.090745
0.0 0.087467 0.597615 0.056318 0.070606
0.0 0.000157 0.784638 0.000313 0.056227
0.0 0.201490 0.831610 0.033284 0.053417
0.0 0.329686 0.801288 0.067616 0.089697
0.0 0.700659 0.975333 0.070054 0.049334
0.0 0.586909 0.875243 0.037991 0.045135
0.0 0.012434 0.904956 0.024867 0.031689
0.0 0.340335 0.244539 0.032101 0.041193
0.0 0.871579 0.253690 0.256842 0.423711
0.0 0.827501 0.275018 0.035477 0.053012
0.0 0.875632 0.540501 0.043406 0.074579
0.0 0.946328 0.483671 0.046936 0.068368
0.0 0.982035 0.316034 0.035931 0.116377
0.0 0.934991 0.765049 0.036776 0.051713
0.0 0.641252 0.067552 0.025073 0.034814
0.0 0.690979 0.038250 0.030635 0.031933
0.0 0.752748 0.052778 0.026088 0.036480
0.0 0.694776 0.174110 0.035355 0.052240
0.0 0.162370 0.758973 0.023606 0.025554
0.0 0.065662 0.855187 0.024912 0.038550
0.0 0.112049 0.127708 0.024790 0.037778
0.0 0.144670 0.111517 0.026494 0.034287
0.0 0.442621 0.028187 0.024056 0.033149
0.0 0.482920 0.013638 0.028526 0.027275
0.0 0.184316 0.280738 0.020237 0.028030
0.0 0.211311 0.220152 0.021619 0.032010
0.0 0.146503 0.639394 0.025928 0.040216
0.0 0.786525 0.893407 0.031542 0.061416
