0.0 0.723437 0.480469 0.082812 0.221094
0.0 0.914063 0.562500 0.076562 0.167187
0.0 0.971875 0.662500 0.040625 0.096094
0.0 0.978906 0.496094 0.026563 0.129688
0.0 0.837500 0.197656 0.062500 0.084375
0.0 0.600000 0.353906 0.062500 0.092188
0.0 0.569531 0.446094 0.045313 0.057812
0.0 0.386719 0.832031 0.038281 0.121094
0.0 0.227344 0.733594 0.028906 0.087500
0.0 0.026563 0.776562 0.051563 0.099219
0.0 0.558594 0.695312 0.039844 0.117188
0.0 0.452344 0.548438 0.045313 0.059375
0.0 0.307813 0.313281 0.061719 0.117188
0.0 0.289844 0.860156 0.029688 0.094531
0.0 0.808594 0.605469 0.038281 0.060938
0.0 0.528906 0.267187 0.033594 0.072656
0.0 0.531250 0.509375 0.027344 0.077344
0.0 0.946875 0.385938 0.038281 0.050000
