0.0 0.574262 0.380243 0.028755 0.134546
0.0 0.522445 0.383818 0.062074 0.116819
0.0 0.609309 0.504096 0.086984 0.086984
0.0 0.537270 0.580942 0.079251 0.102924
0.0 0.954730 0.223929 0.020422 0.033738
0.0 0.931781 0.228999 0.021162 0.032998
0.0 0.939278 0.159763 0.024889 0.044863
0.0 0.916546 0.130423 0.035099 0.061732
0.0 0.937599 0.116649 0.019508 0.046141
0.0 0.906861 0.332536 0.050355 0.085866
0.0 0.896656 0.695776 0.038854 0.089161
0.0 0.859638 0.670390 0.041341 0.062056
0.0 0.939619 0.953812 0.031550 0.083336
0.0 0.930557 0.871984 0.044972 0.042013
0.0 0.711239 0.862191 0.034817 0.056271
0.0 0.601031 0.815022 0.055534 0.080687
0.0 0.694669 0.593005 0.023086 0.040101
0.0 0.744451 0.220862 0.072549 0.063672
0.0 0.637242 0.176196 0.022358 0.026057
0.0 0.598462 0.154630 0.017139 0.030456
0.0 0.602285 0.111019 0.013615 0.022492
0.0 0.567322 0.136589 0.051726 0.067262
0.0 0.487031 0.312359 0.034845 0.071835
0.0 0.391874 0.291786 0.028413 0.052827
0.0 0.178091 0.186770 0.271105 0.373540
0.0 0.242724 0.226172 0.028951 0.048186
0.0 0.144497 0.461250 0.036943 0.067275
0.0 0.093115 0.396006 0.038018 0.057993
0.0 0.077009 0.238712 0.050840 0.095228
0.0 0.045748 0.661098 0.030552 0.049047
0.0 0.251848 0.382321 0.031130 0.045186
0.0 0.789668 0.571326 0.018081 0.033617
0.0 0.747282 0.558961 0.023571 0.049464
0.0 0.724298 0.474065 0.025333 0.053445
0.0 0.848708 0.564214 0.030282 0.028802
0.0 0.871349 0.534877 0.026005 0.036362
0.0 0.975519 0.336092 0.034049 0.041447
0.0 0.978113 0.588126 0.018983 0.035998
0.0 0.215306 0.921778 0.053249 0.111693
0.0 0.873690 0.973084 0.026664 0.034061
0.0 0.762803 0.803059 0.023583 0.034680
0.0 0.680470 0.504652 0.023421 0.031559
0.0 0.698360 0.295141 0.031830 0.043666
0.0 0.647916 0.075832 0.023959 0.026918
0.0 0.639902 0.019092 0.025479 0.026219
0.0 0.902282 0.209478 0.024282 0.033160
0.0 0.830668 0.157267 0.021081 0.031438
0.0 0.804747 0.144191 0.019965 0.039940
0.0 0.772018 0.141713 0.019520 0.031357
0.0 0.754910 0.109536 0.022023 0.034599
0.0 0.869416 0.043494 0.021821 0.030698
0.0 0.844975 0.032059 0.017099 0.029676
0.0 0.612701 0.045846 0.026194 0.055046
0.0 0.346507 0.835480 0.032812 0.047608
0.0 0.157026 0.808456 0.025495 0.056566
0.0 0.405927 0.790837 0.021323 0.036119
0.0 0.798605 0.700868 0.021000 0.029878
0.0 0.423151 0.035247 0.020745 0.039980
0.0 0.382896 0.163024 0.033216 0.055410
0.0 0.348628 0.039211 0.023328 0.044782
0.0 0.800808 0.975568 0.020260 0.030617
0.0 0.834986 0.360888 0.021121 0.032218
