0.0 0.354024 0.738613 0.066983 0.115276
0.0 0.360534 0.960821 0.038434 0.060327
0.0 0.610848 0.831708 0.028676 0.055720
0.0 0.558556 0.841112 0.022282 0.039668
0.0 0.512122 0.876472 0.040366 0.058395
0.0 0.588982 0.915279 0.048600 0.053752
0.0 0.739019 0.903236 0.062475 0.119783
0.0 0.804280 0.895655 0.027787 0.050324
0.0 0.734777 0.569806 0.061832 0.120427
0.0 0.794152 0.617826 0.033446 0.048256
0.0 0.792220 0.687821 0.027415 0.043513
0.0 0.666338 0.044370 0.106669 0.088741
0.0 0.485384 0.020455 0.043857 0.040909
0.0 0.310461 0.079905 0.074048 0.117189
0.0 0.169185 0.077836 0.061297 0.067092
0.0 0.257161 0.280293 0.035314 0.077812
0.0 0.585359 0.258702 0.042533 0.067002
0.0 0.602997 0.437905 0.048174 0.073930
0.0 0.565605 0.513740 0.088739 0.097110
0.0 0.472747 0.579707 0.084531 0.144414
0.0 0.535703 0.702357 0.065622 0.152549
0.0 0.594561 0.617444 0.088840 0.047630
0.0 0.681758 0.824780 0.044737 0.057615
0.0 0.544707 0.963743 0.019707 0.042243
0.0 0.738716 0.257198 0.033546 0.062522
0.0 0.712616 0.137188 0.027533 0.048782
0.0 0.653123 0.218246 0.043322 0.058132
0.0 0.579194 0.000775 0.015635 0.001551
0.0 0.730052 0.690142 0.027814 0.036829
0.0 0.671375 0.680012 0.026780 0.039659
0.0 0.759616 0.744656 0.019090 0.029393
0.0 0.709664 0.739423 0.013440 0.026962
0.0 0.802195 0.777232 0.015979 0.042379
3.0 0.402393 0.162152 0.143823 0.313170
0.0 0.652275 0.862099 0.021920 0.028359
