0.0 0.453906 0.425000 0.080469 0.096094
0.0 0.378906 0.182031 0.055469 0.097656
0.0 0.256250 0.126563 0.027344 0.054688
0.0 0.289062 0.411719 0.022656 0.050781
0.0 0.235156 0.449219 0.017187 0.036719
0.0 0.307031 0.501562 0.029688 0.039062
0.0 0.263281 0.542969 0.017187 0.057812
0.0 0.300781 0.729688 0.035938 0.057031
0.0 0.373438 0.851562 0.028906 0.025781
0.0 0.253125 0.811719 0.079687 0.058594
0.0 0.249219 0.925781 0.015625 0.030469
0.0 0.236719 0.887500 0.020313 0.025000
0.0 0.439844 0.889844 0.064844 0.072656
0.0 0.520312 0.700781 0.041406 0.085938
0.0 0.480469 0.616406 0.060156 0.123438
0.0 0.624219 0.711719 0.027344 0.053125
0.0 0.754688 0.298438 0.053906 0.077344
0.0 0.767969 0.045313 0.039844 0.089844
0.0 0.424219 0.635938 0.028125 0.153125
0.0 0.380469 0.507031 0.089844 0.087500
0.0 0.766406 0.607031 0.032813 0.055469
1.0 0.689844 0.428906 0.164844 0.181250
0.0 0.642188 0.137500 0.034375 0.037500
0.0 0.752344 0.917969 0.067187 0.164062
0.0 0.775781 0.786719 0.015625 0.035156
0.0 0.680469 0.975781 0.020312 0.048437
0.0 0.616406 0.979688 0.032031 0.040625
0.0 0.569531 0.950000 0.013281 0.034375
0.0 0.406250 0.978906 0.018750 0.042187
0.0 0.369531 0.956250 0.011719 0.028906
0.0 0.342188 0.893750 0.019531 0.037500
0.0 0.382812 0.754687 0.028125 0.029688
0.0 0.636719 0.853906 0.040625 0.037500
0.0 0.281250 0.672656 0.015625 0.032812
0.0 0.300781 0.607813 0.022656 0.039062
0.0 0.369531 0.635938 0.017969 0.031250
0.0 0.322656 0.946875 0.010937 0.020313
0.0 0.350000 0.798437 0.010937 0.021094
0.0 0.232813 0.968750 0.022656 0.041406
0.0 0.391406 0.444531 0.016406 0.029688
