0.0 0.729892 0.881099 0.040645 0.048785
0.0 0.709163 0.691498 0.072869 0.100248
0.0 0.548813 0.569795 0.083463 0.139701
0.0 0.368113 0.463470 0.059556 0.068435
0.0 0.419830 0.522463 0.098374 0.096895
0.0 0.278607 0.864079 0.054007 0.111725
0.0 0.406982 0.604722 0.103762 0.050484
0.0 0.235440 0.578664 0.053162 0.095341
0.0 0.369301 0.303944 0.043710 0.062949
1.0 0.565524 0.215498 0.141533 0.254748
0.0 0.824752 0.103703 0.075491 0.105830
0.0 0.300907 0.091412 0.252305 0.182824
0.0 0.448799 0.855647 0.052333 0.064172
0.0 0.545016 0.825407 0.041924 0.043404
0.0 0.197158 0.213707 0.039905 0.049525
0.0 0.336686 0.056623 0.036784 0.049364
0.0 0.514625 0.898939 0.039704 0.045624
0.0 0.332646 0.787073 0.038143 0.045543
0.0 0.215287 0.939041 0.027598 0.037218
0.0 0.748534 0.292214 0.050395 0.071854
