1.0 0.453125 0.169531 0.103125 0.305469
0.0 0.621875 0.283594 0.035938 0.070312
0.0 0.610937 0.456250 0.042969 0.078125
0.0 0.563281 0.527344 0.081250 0.097656
0.0 0.457031 0.575000 0.074219 0.149219
0.0 0.716406 0.603125 0.047656 0.110937
0.0 0.671875 0.936719 0.042187 0.126562
0.0 0.525000 0.918750 0.039062 0.058594
0.0 0.315625 0.717969 0.053906 0.110156
0.0 0.287500 0.936719 0.038281 0.070312
0.0 0.448438 0.874219 0.023438 0.052344
0.0 0.628906 0.860156 0.034375 0.071094
0.0 0.572656 0.634375 0.094531 0.050000
0.0 0.504687 0.712500 0.053906 0.147656
0.0 0.696094 0.727344 0.019531 0.034375
0.0 0.756250 0.733594 0.024219 0.039844
0.0 0.774219 0.294531 0.023438 0.075781
0.0 0.767187 0.178906 0.022656 0.067188
0.0 0.242969 0.030469 0.064844 0.060156
0.0 0.296875 0.247656 0.032812 0.053125
0.0 0.386719 0.045313 0.037500 0.089844
0.0 0.696094 0.250781 0.032031 0.049219
0.0 0.737500 0.050781 0.090625 0.101562
0.0 0.500781 0.843750 0.017969 0.051563
0.0 0.470313 0.966406 0.021875 0.050000
0.0 0.739844 0.945312 0.013281 0.047656
0.0 0.771094 0.665625 0.028906 0.046875
0.0 0.563281 0.028125 0.031250 0.049219
