1.0 0.602344 0.300781 0.170313 0.594531
0.0 0.672656 0.701563 0.046875 0.087500
0.0 0.436719 0.532812 0.067188 0.081250
0.0 0.490625 0.710938 0.052344 0.148438
0.0 0.255469 0.068750 0.076563 0.137500
0.0 0.293750 0.602344 0.032031 0.116406
0.0 0.339063 0.916406 0.035156 0.122656
0.0 0.698438 0.909375 0.032031 0.046094
0.0 0.478125 0.892969 0.033594 0.050781
0.0 0.547656 0.857813 0.025781 0.045313
0.0 0.387500 0.288281 0.026562 0.057813
0.0 0.396094 0.462500 0.039844 0.065625
0.0 0.432813 0.624219 0.078125 0.047656
0.0 0.536719 0.571875 0.054688 0.134375
0.0 0.744531 0.046094 0.060938 0.092188
0.0 0.353125 0.021875 0.022656 0.043750
0.0 0.440625 0.046094 0.026562 0.054687
0.0 0.692969 0.262500 0.020312 0.067187
