0.0 0.081250 0.095312 0.015625 0.032812
0.0 0.035937 0.955469 0.013281 0.020313
0.0 0.035937 0.914844 0.010937 0.036719
0.0 0.174219 0.961719 0.007031 0.017969
0.0 0.224219 0.794531 0.012500 0.020313
0.0 0.028125 0.760938 0.012500 0.040625
0.0 0.007812 0.845312 0.006250 0.017187
0.0 0.205469 0.561719 0.007812 0.019531
0.0 0.187500 0.142188 0.012500 0.021875
0.0 0.179688 0.013281 0.007812 0.022656
0.0 0.265625 0.096875 0.013281 0.019531
0.0 0.249219 0.130469 0.007813 0.012500
0.0 0.375781 0.072656 0.011719 0.019531
0.0 0.410156 0.040625 0.012500 0.037500
0.0 0.503906 0.007812 0.010156 0.013281
0.0 0.607031 0.039844 0.021875 0.026563
0.0 0.672656 0.046875 0.015625 0.024219
0.0 0.678906 0.021094 0.007812 0.013281
0.0 0.566406 0.077344 0.010156 0.012500
0.0 0.349219 0.139062 0.008594 0.010938
0.0 0.298438 0.192969 0.007812 0.027344
0.0 0.328125 0.152344 0.007031 0.013281
0.0 0.332031 0.077344 0.010156 0.011719
0.0 0.360156 0.042969 0.007812 0.008594
0.0 0.103125 0.278906 0.007812 0.010156
0.0 0.043750 0.220313 0.007812 0.014844
0.0 0.015625 0.280469 0.012500 0.021875
0.0 0.063281 0.203906 0.010156 0.015625
0.0 0.189844 0.282031 0.009375 0.012500
0.0 0.173438 0.343750 0.010156 0.014063
0.0 0.304688 0.260938 0.007812 0.011719
0.0 0.308594 0.275781 0.007812 0.008594
0.0 0.357812 0.217969 0.011719 0.014062
0.0 0.389844 0.262500 0.010156 0.012500
0.0 0.359375 0.268750 0.007031 0.014063
0.0 0.397656 0.210156 0.008594 0.012500
0.0 0.325781 0.325781 0.006250 0.011719
0.0 0.294531 0.340625 0.007031 0.014844
0.0 0.303125 0.369531 0.007812 0.011719
0.0 0.307813 0.400000 0.006250 0.012500
0.0 0.320312 0.406250 0.010156 0.012500
0.0 0.318750 0.494531 0.012500 0.019531
0.0 0.123437 0.410937 0.009375 0.017187
0.0 0.057813 0.723437 0.007812 0.022656
0.0 0.143750 0.897656 0.006250 0.013281
0.0 0.132031 0.954687 0.009375 0.019531
0.0 0.167969 0.934375 0.007031 0.027344
0.0 0.085156 0.787500 0.005469 0.013281
0.0 0.109375 0.788281 0.008594 0.014844
0.0 0.109375 0.731250 0.007031 0.014844
0.0 0.132812 0.618750 0.010938 0.027344
0.0 0.067188 0.547656 0.007812 0.018750
0.0 0.096094 0.539062 0.009375 0.011719
0.0 0.225781 0.525781 0.010156 0.021875
0.0 0.220313 0.557813 0.004687 0.011719
0.0 0.203125 0.525000 0.008594 0.014844
0.0 0.421094 0.153125 0.008594 0.018750
0.0 0.253125 0.062500 0.011719 0.018750
0.0 0.441406 0.225781 0.007812 0.016406
0.0 0.463281 0.208594 0.007812 0.019531
0.0 0.491406 0.296875 0.010156 0.010938
0.0 0.469531 0.305469 0.007812 0.013281
0.0 0.452344 0.350000 0.007031 0.014063
0.0 0.610156 0.085938 0.011719 0.011719
0.0 0.632812 0.167969 0.020313 0.028906
0.0 0.960938 0.217969 0.007812 0.014062
0.0 0.942187 0.111719 0.007812 0.016406
0.0 0.968750 0.221094 0.007812 0.010938
0.0 0.992969 0.232812 0.006250 0.010156
0.0 0.191406 0.684375 0.006250 0.015625
0.0 0.189844 0.762500 0.010156 0.014844
0.0 0.215625 0.775781 0.009375 0.009375
0.0 0.036719 0.596094 0.009375 0.016406
0.0 0.037500 0.695312 0.007812 0.017187
0.0 0.071875 0.971094 0.009375 0.009375
0.0 0.076563 0.812500 0.008594 0.016406
0.0 0.229687 0.693750 0.005469 0.015625
0.0 0.224219 0.631250 0.007031 0.017187
0.0 0.825000 0.828125 0.018750 0.056250
