0.0 0.749219 0.868750 0.038281 0.046875
0.0 0.718750 0.680469 0.067969 0.096875
0.0 0.552344 0.567188 0.076563 0.135937
0.0 0.366406 0.470312 0.056250 0.065625
0.0 0.421094 0.526563 0.093750 0.092188
0.0 0.297656 0.875000 0.048437 0.109375
0.0 0.412500 0.609375 0.101562 0.045313
0.0 0.239844 0.592187 0.048437 0.092969
0.0 0.359375 0.310938 0.040625 0.060938
1.0 0.550781 0.212500 0.128906 0.248438
0.0 0.803906 0.087500 0.070312 0.102344
0.0 0.279687 0.093750 0.242969 0.187500
0.0 0.467187 0.857812 0.049219 0.061719
0.0 0.561719 0.822656 0.039844 0.041406
0.0 0.182812 0.229688 0.037500 0.047656
0.0 0.314063 0.065625 0.034375 0.047656
0.0 0.535156 0.897656 0.037500 0.043750
0.0 0.347656 0.795312 0.035937 0.043750
0.0 0.238281 0.953125 0.025781 0.035938
0.0 0.737500 0.279688 0.046875 0.069531
