0.0 0.405779 0.065867 0.053612 0.115314
0.0 0.761423 0.127700 0.045261 0.053055
0.0 0.603296 0.157247 0.033237 0.043629
0.0 0.544058 0.106740 0.047371 0.047371
0.0 0.599229 0.068014 0.042374 0.044323
0.0 0.741595 0.043091 0.021940 0.024537
0.0 0.527572 0.305829 0.063289 0.143177
0.0 0.450501 0.367981 0.078442 0.058308
0.0 0.314358 0.368578 0.054139 0.113893
0.0 0.270398 0.301505 0.034703 0.052889
0.0 0.260789 0.257271 0.028845 0.030145
0.0 0.355782 0.691526 0.037712 0.062393
0.0 0.277619 0.950459 0.034131 0.044523
0.0 0.372825 0.938636 0.036413 0.063692
0.0 0.208716 0.896048 0.133219 0.142961
0.0 0.198165 0.767821 0.039204 0.038555
0.0 0.212384 0.653008 0.029018 0.054998
0.0 0.279988 0.705631 0.032266 0.051750
0.0 0.387689 0.524935 0.049081 0.058174
0.0 0.442016 0.461555 0.084710 0.093154
0.0 0.548032 0.436415 0.070999 0.130103
0.0 0.702574 0.329576 0.058236 0.101752
0.0 0.652203 0.767714 0.024066 0.061737
0.0 0.667792 0.975574 0.076017 0.048852
0.0 0.538130 0.938700 0.048243 0.095657
0.0 0.644161 0.663614 0.017027 0.026769
0.0 0.561802 0.329440 0.015117 0.024210
0.0 0.550408 0.176560 0.022389 0.032132
0.0 0.428816 0.150194 0.040021 0.048464
0.0 0.340800 0.051627 0.020197 0.032537
0.0 0.366032 0.027146 0.012924 0.024615
0.0 0.398097 0.289289 0.022634 0.033675
0.0 0.349978 0.263480 0.016988 0.031277
0.0 0.497286 0.167360 0.021579 0.036517
0.0 0.467165 0.127789 0.017798 0.026891
0.0 0.295886 0.245425 0.021213 0.034202
0.0 0.247587 0.575527 0.018043 0.028434
0.0 0.228626 0.455461 0.023977 0.042163
0.0 0.380983 0.222511 0.019625 0.024171
