3.0 0.576269 0.650809 0.163868 0.466554
0.0 0.358127 0.061638 0.053593 0.123277
0.0 0.717360 0.104744 0.056915 0.065076
0.0 0.497237 0.301968 0.058686 0.148453
0.0 0.495561 0.097732 0.021852 0.048559
0.0 0.290296 0.390334 0.046993 0.132309
0.0 0.385177 0.544406 0.053359 0.071906
0.0 0.439739 0.468873 0.084421 0.117805
0.0 0.375804 0.687087 0.038022 0.076600
0.0 0.244878 0.899654 0.125730 0.182113
0.0 0.320307 0.972202 0.033133 0.040552
0.0 0.719185 0.966612 0.069311 0.066777
0.0 0.684856 0.304168 0.056753 0.125005
