3.0 0.482112 0.152794 0.160773 0.305589
0.0 0.190528 0.113794 0.160382 0.157175
0.0 0.669121 0.026013 0.090347 0.052026
0.0 0.342374 0.306193 0.060047 0.094684
0.0 0.440953 0.539994 0.071996 0.103426
0.0 0.378865 0.476726 0.061826 0.074013
0.0 0.555529 0.552484 0.088431 0.103183
0.0 0.534341 0.709708 0.058929 0.137183
0.0 0.446947 0.641967 0.085192 0.070439
0.0 0.297956 0.636827 0.053617 0.083122
0.0 0.399443 0.955407 0.061221 0.089185
0.0 0.711292 0.668973 0.068393 0.095333
0.0 0.780584 0.898175 0.044084 0.048574
0.0 0.608845 0.875457 0.027250 0.033023
0.0 0.543125 0.922906 0.033923 0.028150
