0.0 0.382093 0.505460 0.097313 0.085127
0.0 0.461370 0.575958 0.089038 0.127031
0.0 0.418192 0.377977 0.037930 0.165528
0.0 0.233576 0.214758 0.083861 0.071675
0.0 0.412548 0.119800 0.061931 0.068383
0.0 0.722586 0.066334 0.080179 0.132669
0.0 0.607041 0.279099 0.034682 0.046869
0.0 0.473575 0.384544 0.059568 0.126235
0.0 0.508470 0.301046 0.037532 0.082693
0.0 0.285724 0.890093 0.041736 0.086897
0.0 0.402003 0.834605 0.070082 0.093021
0.0 0.672695 0.848341 0.032010 0.032727
0.0 0.802088 0.928177 0.049081 0.101411
0.0 0.261956 0.482883 0.035886 0.071728
0.0 0.297257 0.601551 0.025142 0.063135
0.0 0.243132 0.571373 0.026647 0.043134
0.0 0.285533 0.286646 0.044426 0.062347
3.0 0.698432 0.561021 0.175298 0.199670
0.0 0.308170 0.512123 0.025001 0.032169
0.0 0.615139 0.144439 0.030381 0.051170
0.0 0.644822 0.017905 0.024187 0.035811
0.0 0.576076 0.012328 0.038240 0.024655
0.0 0.335819 0.061638 0.018832 0.032452
0.0 0.373370 0.031221 0.033187 0.047524
0.0 0.204115 0.130109 0.008434 0.018470
0.0 0.219673 0.099090 0.021169 0.032638
0.0 0.205859 0.063354 0.024841 0.039895
0.0 0.348607 0.163288 0.019390 0.039462
0.0 0.758329 0.368165 0.035550 0.057772
0.0 0.772885 0.689115 0.058559 0.084366
