1.0 0.514962 0.149961 0.116223 0.299922
0.0 0.721698 0.021641 0.060091 0.043283
0.0 0.739576 0.919679 0.039586 0.045391
0.0 0.699677 0.692979 0.053397 0.110726
0.0 0.366009 0.282917 0.028110 0.047703
0.0 0.387150 0.464706 0.041762 0.065710
0.0 0.434851 0.531898 0.071996 0.087961
0.0 0.438716 0.633435 0.086378 0.037756
0.0 0.511330 0.709874 0.048772 0.156174
0.0 0.466440 0.853926 0.031818 0.056492
0.0 0.520354 0.840813 0.024670 0.042812
0.0 0.577275 0.871347 0.023272 0.045043
0.0 0.507637 0.917651 0.035931 0.037383
0.0 0.563402 0.965493 0.027815 0.032169
0.0 0.362399 0.940546 0.050896 0.118907
0.0 0.293086 0.952013 0.023353 0.034964
0.0 0.290013 0.623322 0.052751 0.123869
0.0 0.546196 0.568079 0.065570 0.141042
0.0 0.230727 0.069838 0.091373 0.110240
0.0 0.405046 0.031200 0.037839 0.053804
0.0 0.282131 0.258939 0.028082 0.058561
0.0 0.213433 0.307527 0.021525 0.053455
0.0 0.212042 0.196422 0.027330 0.047650
0.0 0.685457 0.236627 0.023540 0.071435
0.0 0.581754 0.042030 0.047378 0.084060
0.0 0.241837 0.390145 0.013839 0.031982
0.0 0.243165 0.682151 0.026578 0.036738
0.0 0.263776 0.742595 0.013249 0.023408
0.0 0.317393 0.736551 0.024483 0.028837
0.0 0.393956 0.858921 0.040688 0.050122
0.0 0.272202 0.978512 0.016715 0.039937
0.0 0.304221 0.795409 0.011394 0.030262
0.0 0.349400 0.780549 0.019295 0.032358
0.0 0.375339 0.713764 0.012791 0.028031
0.0 0.433623 0.889078 0.012899 0.029590
0.0 0.306385 0.019988 0.014324 0.016501
