1.0 0.323684 0.395714 0.188132 0.188780
0.0 0.960442 0.081801 0.023621 0.030096
0.0 0.986840 0.092377 0.026319 0.038965
0.0 0.919768 0.088718 0.033234 0.057189
0.0 0.298411 0.027708 0.078149 0.055417
0.0 0.216792 0.105555 0.039597 0.068732
0.0 0.418529 0.120555 0.032366 0.051790
0.0 0.282945 0.260193 0.073881 0.081002
0.0 0.069183 0.231391 0.031471 0.050894
0.0 0.129335 0.457861 0.042462 0.063180
0.0 0.218323 0.563944 0.030328 0.048456
0.0 0.132836 0.740563 0.265672 0.429258
0.0 0.177768 0.722804 0.026995 0.046418
0.0 0.018344 0.675886 0.036687 0.112644
0.0 0.345411 0.684060 0.033757 0.055770
0.0 0.057989 0.512866 0.045768 0.069723
0.0 0.450108 0.687428 0.043550 0.074627
0.0 0.497983 0.615992 0.066108 0.130853
0.0 0.554596 0.633000 0.049894 0.151543
0.0 0.619065 0.522293 0.092861 0.091566
0.0 0.555216 0.432117 0.094912 0.113688
0.0 0.726099 0.442161 0.025604 0.042437
0.0 0.672006 0.197674 0.071207 0.097105
0.0 0.694383 0.531227 0.030012 0.037134
0.0 0.729565 0.573277 0.033054 0.065426
0.0 0.696841 0.841007 0.083936 0.078109
0.0 0.888888 0.758708 0.065008 0.100618
0.0 0.951520 0.772726 0.026471 0.047837
0.0 0.664494 0.756684 0.041044 0.063704
0.0 0.311696 0.957961 0.032574 0.039048
0.0 0.247246 0.940486 0.029529 0.052837
0.0 0.517222 0.978874 0.025672 0.042252
0.0 0.852717 0.964166 0.042035 0.069875
0.0 0.876381 0.960126 0.038383 0.079748
0.0 0.903441 0.874989 0.035204 0.050743
0.0 0.853662 0.884400 0.021155 0.033457
0.0 0.703513 0.927536 0.018346 0.029999
0.0 0.736833 0.936845 0.024805 0.046818
0.0 0.767356 0.929088 0.023221 0.032286
0.0 0.683625 0.952827 0.029241 0.037010
0.0 0.801536 0.164677 0.032283 0.065302
0.0 0.839323 0.234840 0.018469 0.030771
0.0 0.771956 0.486718 0.017738 0.044931
0.0 0.877632 0.503695 0.031954 0.035191
0.0 0.894949 0.543666 0.026127 0.041018
0.0 0.954388 0.385466 0.044637 0.086073
0.0 0.912006 0.407934 0.057447 0.095646
0.0 0.996642 0.338562 0.006716 0.046474
0.0 0.572655 0.865368 0.020412 0.028829
0.0 0.501389 0.890318 0.079900 0.085727
0.0 0.308326 0.821322 0.032146 0.045743
0.0 0.817382 0.479773 0.037298 0.045067
0.0 0.792759 0.770960 0.025811 0.029696
0.0 0.680340 0.633418 0.031279 0.040343
0.0 0.819852 0.331411 0.013593 0.028485
0.0 0.856341 0.355472 0.018070 0.032961
0.0 0.576698 0.766318 0.023194 0.036790
0.0 0.560954 0.972683 0.024708 0.041542
