0.0 0.492969 0.303125 0.053906 0.142969
1.0 0.589063 0.673437 0.150781 0.489063
0.0 0.539844 0.435937 0.060156 0.150000
0.0 0.438281 0.475000 0.070312 0.093750
0.0 0.692187 0.738281 0.022656 0.042187
0.0 0.746875 0.956250 0.053125 0.087500
0.0 0.270312 0.937500 0.104687 0.124219
0.0 0.353906 0.978906 0.021875 0.037500
0.0 0.439062 0.946875 0.019531 0.046875
0.0 0.386719 0.710938 0.025781 0.042969
0.0 0.392969 0.535937 0.036719 0.050000
0.0 0.428125 0.375781 0.071875 0.039844
0.0 0.290625 0.403125 0.033594 0.072656
0.0 0.698438 0.090625 0.026563 0.045312
0.0 0.335156 0.084375 0.030469 0.108594
0.0 0.547656 0.142188 0.017187 0.031250
0.0 0.477344 0.101562 0.029688 0.042187
0.0 0.672656 0.298438 0.042969 0.089063
0.0 0.525781 0.059375 0.022656 0.017187
