0.0 0.410937 0.229687 0.018750 0.034375
0.0 0.292969 0.164844 0.020313 0.026563
0.0 0.246094 0.404687 0.007031 0.010156
0.0 0.203906 0.382812 0.008594 0.011719
0.0 0.248438 0.482031 0.006250 0.011719
0.0 0.680469 0.969531 0.007812 0.021875
0.0 0.335938 0.884375 0.006250 0.016406
0.0 0.257812 0.134375 0.009375 0.012500
0.0 0.243750 0.145313 0.007031 0.015625
0.0 0.225000 0.110156 0.005469 0.012500
0.0 0.286719 0.235156 0.013281 0.014844
0.0 0.334375 0.382031 0.007031 0.012500
0.0 0.368750 0.442187 0.006250 0.014844
0.0 0.215625 0.428125 0.011719 0.014063
0.0 0.391406 0.735156 0.007031 0.014063
0.0 0.391406 0.680469 0.006250 0.019531
0.0 0.373438 0.689844 0.003906 0.014844
