1.0 0.444656 0.839148 0.106834 0.296299
0.0 0.222296 0.958339 0.065899 0.059212
0.0 0.311972 0.049087 0.039254 0.055600
0.0 0.492093 0.027988 0.032040 0.035012
0.0 0.470480 0.120029 0.026213 0.059647
0.0 0.544178 0.083668 0.041965 0.047166
0.0 0.610612 0.117352 0.016915 0.028060
0.0 0.572997 0.151530 0.023087 0.043148
0.0 0.517517 0.150438 0.019596 0.051545
0.0 0.694085 0.072855 0.050607 0.130108
0.0 0.647430 0.148836 0.038329 0.068792
0.0 0.781419 0.045750 0.024311 0.036199
0.0 0.742774 0.036078 0.022269 0.042330
0.0 0.760009 0.068189 0.017251 0.035083
0.0 0.723954 0.396528 0.048004 0.124533
0.0 0.778928 0.342846 0.031111 0.031853
0.0 0.766496 0.275768 0.019961 0.026648
0.0 0.704064 0.289204 0.014835 0.033410
0.0 0.578405 0.365314 0.086557 0.051637
0.0 0.323955 0.272572 0.050711 0.099749
0.0 0.726009 0.206566 0.019970 0.059349
0.0 0.680184 0.232529 0.011153 0.021555
0.0 0.645869 0.295804 0.016246 0.030363
0.0 0.510423 0.282281 0.056854 0.146757
0.0 0.606826 0.539529 0.042264 0.053409
0.0 0.567862 0.471181 0.077907 0.082365
0.0 0.762444 0.719833 0.020862 0.061727
0.0 0.607299 0.725702 0.042380 0.072100
0.0 0.714411 0.948810 0.100508 0.102379
0.0 0.637367 0.992385 0.022116 0.015230
0.0 0.753126 0.832797 0.020003 0.043779
0.0 0.682022 0.749615 0.037847 0.074997
0.0 0.747975 0.629975 0.022452 0.029882
0.0 0.285746 0.743940 0.026698 0.069792
0.0 0.366110 0.944106 0.042239 0.101679
0.0 0.539827 0.973773 0.029110 0.052453
0.0 0.460111 0.418312 0.072237 0.142822
