0.0 0.344919 0.509326 0.078080 0.098089
0.0 0.349618 0.401139 0.050704 0.108729
0.0 0.596083 0.563754 0.094074 0.131423
0.0 0.323300 0.928280 0.043526 0.106218
0.0 0.514050 0.552417 0.060218 0.062219
0.0 0.643678 0.316378 0.032358 0.058369
0.0 0.887152 0.283777 0.042878 0.079560
0.0 0.931816 0.217391 0.078042 0.152740
0.0 0.997233 0.251787 0.005535 0.135601
0.0 0.988945 0.520171 0.022110 0.124414
0.0 0.973602 0.343045 0.039228 0.102588
0.0 0.849142 0.718605 0.120284 0.249671
0.0 0.926884 0.709631 0.059217 0.109905
0.0 0.948186 0.584021 0.037775 0.059118
0.0 0.912278 0.535682 0.024431 0.050441
0.0 0.343964 0.590428 0.045332 0.075344
0.0 0.362965 0.589899 0.027155 0.059168
0.0 0.385099 0.549581 0.025236 0.067253
0.0 0.523849 0.230414 0.029502 0.054179
0.0 0.310244 0.440652 0.031131 0.060477
0.0 0.430188 0.189078 0.045023 0.117053
0.0 0.649048 0.597100 0.027740 0.052417
0.0 0.496089 0.659561 0.029206 0.046547
0.0 0.383141 0.894750 0.024166 0.059514
0.0 0.311487 0.688468 0.031326 0.089350
0.0 0.421310 0.664211 0.046395 0.061068
0.0 0.859414 0.524433 0.025123 0.044464
0.0 0.617685 0.213413 0.029049 0.056393
0.0 0.474622 0.289860 0.028036 0.060049
0.0 0.567459 0.827947 0.021712 0.063730
0.0 0.502377 0.899398 0.040185 0.087538
