0.0 0.578186 0.628033 0.030392 0.146213
0.0 0.523796 0.617843 0.069566 0.133081
0.0 0.537605 0.410034 0.091007 0.142566
0.0 0.615553 0.495851 0.093359 0.088129
0.0 0.640755 0.848222 0.020132 0.033582
0.0 0.572752 0.885530 0.058083 0.064808
1.0 0.306532 0.419112 0.182701 0.191668
0.0 0.158824 0.814050 0.281637 0.371899
0.0 0.226013 0.786159 0.027823 0.049493
0.0 0.050473 0.777229 0.056378 0.116157
0.0 0.384073 0.715294 0.029517 0.052681
0.0 0.485991 0.703126 0.040349 0.087425
0.0 0.762862 0.796094 0.066802 0.068296
0.0 0.922051 0.293538 0.039668 0.089733
0.0 0.884123 0.320961 0.044133 0.066550
0.0 0.710171 0.404234 0.023720 0.044643
0.0 0.763252 0.438721 0.019451 0.035890
0.0 0.735794 0.528255 0.024320 0.058693
0.0 0.962789 0.863413 0.023520 0.039960
0.0 0.995017 0.674999 0.009966 0.033449
0.0 0.894254 0.466756 0.018737 0.037418
0.0 0.869372 0.433411 0.028684 0.033168
0.0 0.938263 0.893392 0.033006 0.061400
0.0 0.606962 0.166230 0.062851 0.085269
0.0 0.727575 0.115730 0.032125 0.059026
0.0 0.967539 0.031462 0.027661 0.062925
0.0 0.959795 0.115205 0.046356 0.045609
0.0 0.205932 0.059011 0.053818 0.092674
0.0 0.020261 0.325763 0.034948 0.052134
0.0 0.124613 0.535567 0.039916 0.077278
0.0 0.929304 0.683427 0.052671 0.084055
0.0 0.898800 0.010089 0.026210 0.020178
0.0 0.340993 0.145519 0.032339 0.045790
0.0 0.923605 0.806438 0.023187 0.032154
0.0 0.707883 0.717116 0.033867 0.045076
0.0 0.820383 0.879655 0.022873 0.043048
0.0 0.781423 0.882882 0.017457 0.025677
0.0 0.767111 0.913989 0.021493 0.028965
0.0 0.141427 0.178275 0.026661 0.058792
0.0 0.412669 0.982146 0.021793 0.035709
0.0 0.338418 0.983109 0.023187 0.032154
