0.0 0.264063 0.928906 0.138281 0.141406
0.0 0.350781 0.971094 0.031250 0.050000
0.0 0.743750 0.954687 0.068750 0.089844
0.0 0.383594 0.707031 0.028906 0.046875
0.0 0.435938 0.473437 0.067969 0.072656
0.0 0.539062 0.431250 0.056250 0.137500
0.0 0.670312 0.295313 0.053125 0.103906
0.0 0.496875 0.296094 0.050781 0.142969
0.0 0.335156 0.079687 0.036719 0.115625
0.0 0.287500 0.408594 0.035156 0.110937
0.0 0.392187 0.528125 0.042187 0.072656
0.0 0.689844 0.079687 0.048437 0.060156
0.0 0.543750 0.140625 0.025000 0.033594
0.0 0.517188 0.048437 0.030469 0.025000
0.0 0.468750 0.103906 0.036719 0.042969
3.0 0.583594 0.660156 0.150781 0.497656
