0.0 0.446144 0.430364 0.090291 0.104154
0.0 0.345571 0.196818 0.065602 0.103032
0.0 0.217682 0.154795 0.033040 0.057300
0.0 0.280826 0.434802 0.027961 0.052914
0.0 0.231243 0.477856 0.021019 0.038347
0.0 0.308307 0.522206 0.033698 0.042015
0.0 0.269240 0.568057 0.023276 0.059320
0.0 0.326508 0.749690 0.041835 0.060550
0.0 0.411791 0.863089 0.031499 0.028727
0.0 0.287905 0.836351 0.085501 0.066786
0.0 0.296229 0.950176 0.018796 0.031966
0.0 0.279704 0.913452 0.022871 0.027030
0.0 0.481913 0.894043 0.072248 0.079179
0.0 0.541685 0.697454 0.050366 0.089875
0.0 0.493040 0.617828 0.073022 0.129167
0.0 0.646165 0.697208 0.032873 0.055746
0.0 0.731652 0.272337 0.061874 0.082669
0.0 0.717766 0.033020 0.049231 0.066040
0.0 0.439203 0.643267 0.044352 0.155256
0.0 0.381908 0.519784 0.098693 0.096613
0.0 0.776331 0.577904 0.038561 0.058662
3.0 0.681144 0.408996 0.183296 0.197852
0.0 0.602573 0.124364 0.038191 0.040964
0.0 0.795628 0.888560 0.084361 0.170311
0.0 0.804884 0.755556 0.019298 0.036627
0.0 0.730354 0.953733 0.025380 0.050333
0.0 0.667077 0.964474 0.036195 0.043820
0.0 0.617294 0.939974 0.016884 0.035599
0.0 0.458044 0.982107 0.023158 0.035787
0.0 0.419112 0.967593 0.014745 0.029994
0.0 0.385236 0.908379 0.023433 0.039375
0.0 0.410744 0.765767 0.031141 0.032527
0.0 0.673811 0.837241 0.044405 0.041633
0.0 0.300985 0.695077 0.019047 0.034296
0.0 0.313464 0.628515 0.026707 0.041263
0.0 0.384830 0.649120 0.021210 0.032994
0.0 0.371503 0.963289 0.013049 0.021366
0.0 0.382802 0.812777 0.013132 0.022143
0.0 0.284516 0.986429 0.026958 0.027143
0.0 0.386093 0.456472 0.019489 0.031273
