3.0 0.300781 0.421094 0.172656 0.188281
0.0 0.616406 0.499219 0.089063 0.091406
0.0 0.572656 0.624219 0.023438 0.156250
0.0 0.513281 0.616406 0.055469 0.131250
0.0 0.475781 0.696094 0.042969 0.078125
0.0 0.138281 0.800781 0.276562 0.398438
0.0 0.215625 0.774219 0.035938 0.062500
0.0 0.376562 0.707031 0.035156 0.052344
0.0 0.036719 0.749219 0.065625 0.127344
0.0 0.125781 0.521875 0.039844 0.075000
0.0 0.060938 0.582812 0.041406 0.071094
0.0 0.029688 0.306250 0.027344 0.076563
0.0 0.223437 0.053125 0.050781 0.105469
0.0 0.154688 0.160937 0.032031 0.065625
0.0 0.358594 0.141406 0.033594 0.049219
0.0 0.241406 0.296875 0.050781 0.079687
0.0 0.970313 0.125000 0.050000 0.050781
0.0 0.742969 0.120313 0.028125 0.060938
0.0 0.619531 0.171875 0.060938 0.087500
0.0 0.542969 0.423437 0.080469 0.109375
0.0 0.736719 0.539844 0.022656 0.055469
0.0 0.710156 0.407812 0.024219 0.041406
0.0 0.762500 0.446875 0.020312 0.039844
0.0 0.871094 0.448438 0.032031 0.035156
0.0 0.891406 0.482813 0.019531 0.039844
0.0 0.927344 0.313281 0.038281 0.094531
0.0 0.887500 0.332812 0.045312 0.067969
0.0 0.967188 0.262500 0.015625 0.035938
0.0 0.792969 0.192969 0.011719 0.027344
0.0 0.845313 0.033594 0.031250 0.067188
0.0 0.921094 0.699219 0.058594 0.092188
0.0 0.932031 0.905469 0.059375 0.099219
0.0 0.943750 0.802344 0.013281 0.043750
0.0 0.964063 0.809375 0.014063 0.022656
0.0 0.904688 0.811719 0.018750 0.042969
0.0 0.989063 0.691406 0.014062 0.051562
0.0 0.830469 0.875781 0.016406 0.028125
0.0 0.803125 0.885938 0.017188 0.035937
0.0 0.745313 0.807812 0.075000 0.069531
0.0 0.764062 0.888281 0.010156 0.019531
0.0 0.745313 0.923437 0.016406 0.023438
0.0 0.700000 0.728125 0.031250 0.060938
0.0 0.560156 0.888281 0.064844 0.081250
0.0 0.630469 0.950781 0.025000 0.044531
0.0 0.594531 0.977344 0.023438 0.045313
0.0 0.382031 0.981250 0.021875 0.033594
0.0 0.319531 0.973437 0.020313 0.046875
0.0 0.228906 0.605469 0.033594 0.050781
0.0 0.864844 0.990625 0.017188 0.018750
0.0 0.691406 0.503906 0.021875 0.044531
0.0 0.827344 0.302344 0.017969 0.029688
0.0 0.359375 0.849219 0.025781 0.057813
0.0 0.624219 0.853906 0.017969 0.050781
0.0 0.954687 0.447656 0.017187 0.041406
