0.0 0.749765 0.118916 0.144076 0.147087
0.0 0.654842 0.087927 0.038093 0.018522
0.0 0.631883 0.319369 0.036456 0.059790
0.0 0.195155 0.131016 0.070453 0.094539
0.0 0.507005 0.673298 0.054230 0.120468
0.0 0.452023 0.557227 0.068615 0.108509
0.0 0.585095 0.605608 0.091384 0.047727
0.0 0.571501 0.531829 0.094184 0.103969
0.0 0.630628 0.458566 0.052403 0.047887
0.0 0.749828 0.577803 0.041925 0.081819
0.0 0.704709 0.845219 0.039283 0.116812
0.0 0.297513 0.673785 0.054137 0.074460
0.0 0.268996 0.859303 0.038069 0.039574
0.0 0.537237 0.840289 0.031407 0.049472
0.0 0.450009 0.805897 0.029256 0.033020
