0.0 0.195230 0.487850 0.076759 0.128683
0.0 0.725409 0.723303 0.044968 0.100448
0.0 0.848430 0.697050 0.066145 0.113089
0.0 0.575481 0.743317 0.047625 0.122310
0.0 0.616983 0.498319 0.050725 0.095536
0.0 0.475905 0.761396 0.035735 0.091927
0.0 0.652572 0.959686 0.051638 0.080627
0.0 0.227442 0.132271 0.049088 0.112392
0.0 0.846717 0.844322 0.039078 0.058994
0.0 0.452320 0.543724 0.027429 0.067261
0.0 0.651399 0.763190 0.048136 0.074454
0.0 0.251695 0.251199 0.041600 0.079298
0.0 0.041407 0.716760 0.082815 0.163468
0.0 0.071307 0.879437 0.065326 0.121517
0.0 0.787584 0.693375 0.032690 0.047627
0.0 0.728272 0.881163 0.027093 0.063369
