0.0 0.714844 0.906250 0.240625 0.187500
0.0 0.673437 0.906250 0.028125 0.035156
0.0 0.207813 0.885937 0.071875 0.072656
0.0 0.375000 0.857031 0.038281 0.084375
0.0 0.285937 0.983594 0.035937 0.031250
0.0 0.273438 0.698438 0.032812 0.050781
0.0 0.569531 0.875781 0.030469 0.037500
0.0 0.631250 0.671875 0.027344 0.044531
0.0 0.806250 0.760937 0.033594 0.039844
0.0 0.721094 0.699219 0.022656 0.042188
0.0 0.807813 0.659375 0.019531 0.036719
0.0 0.778125 0.600000 0.014844 0.027344
0.0 0.625000 0.528906 0.044531 0.040625
0.0 0.574219 0.478125 0.079687 0.064844
0.0 0.581250 0.398438 0.088281 0.039062
0.0 0.742969 0.415625 0.041406 0.093750
0.0 0.824219 0.323438 0.015625 0.028125
0.0 0.801562 0.366406 0.035156 0.019531
0.0 0.785156 0.315625 0.017969 0.028906
0.0 0.741406 0.275000 0.010937 0.017969
0.0 0.720312 0.318750 0.016406 0.028125
0.0 0.294531 0.322656 0.056250 0.082031
0.0 0.266406 0.157031 0.030469 0.031250
0.0 0.453906 0.436719 0.063281 0.110156
0.0 0.501562 0.326563 0.052344 0.111719
0.0 0.444531 0.199219 0.023438 0.042187
0.0 0.522656 0.164062 0.033594 0.038281
0.0 0.694531 0.151563 0.037500 0.103906
0.0 0.646875 0.214844 0.037500 0.057031
0.0 0.744531 0.048437 0.031250 0.068750
0.0 0.769531 0.150000 0.015625 0.027344
0.0 0.825000 0.021094 0.014063 0.031250
0.0 0.465625 0.121875 0.018750 0.026562
0.0 0.304688 0.085938 0.015625 0.021094
0.0 0.377344 0.033594 0.017969 0.031250
0.0 0.603125 0.188281 0.019531 0.030469
0.0 0.658594 0.336719 0.010156 0.029688
0.0 0.642187 0.025781 0.012500 0.036719
0.0 0.606250 0.009375 0.013281 0.017969
0.0 0.471875 0.055469 0.035156 0.024219
0.0 0.565625 0.221094 0.013281 0.039062
0.0 0.502344 0.226562 0.014844 0.046875
0.0 0.203906 0.008594 0.039062 0.016406
0.0 0.301562 0.615625 0.017187 0.032812
0.0 0.461719 0.349219 0.010938 0.029688
