0.0 0.263021 0.192780 0.170836 0.266679
0.0 0.096908 0.435533 0.193816 0.272097
0.0 0.282190 0.779199 0.138609 0.197941
0.0 0.225623 0.941495 0.431069 0.117009
0.0 0.214949 0.687948 0.426634 0.259288
0.0 0.445877 0.462333 0.139960 0.219829
0.0 0.778497 0.096009 0.351818 0.192017
4.0 0.745779 0.724932 0.031719 0.049214
4.0 0.833174 0.839885 0.036881 0.037641
4.0 0.801830 0.776616 0.019536 0.030946
4.0 0.671736 0.702632 0.035115 0.029791
4.0 0.826383 0.729086 0.025662 0.026423
4.0 0.825712 0.703314 0.025967 0.038138
4.0 0.863826 0.666372 0.042835 0.056527
4.0 0.874940 0.612940 0.039000 0.029111
4.0 0.926709 0.620190 0.016290 0.026179
4.0 0.958236 0.900714 0.030795 0.043727
4.0 0.903930 0.856018 0.016778 0.044923
4.0 0.946579 0.843186 0.033675 0.034436
4.0 0.865049 0.773408 0.022062 0.038036
4.0 0.978902 0.793890 0.023360 0.027924
4.0 0.970116 0.756606 0.040005 0.037723
4.0 0.878131 0.735555 0.020814 0.020053
4.0 0.965265 0.690304 0.032529 0.020358
4.0 0.951631 0.646894 0.025439 0.017832
4.0 0.757967 0.652715 0.034375 0.031332
4.0 0.685840 0.613954 0.050694 0.028635
1.0 0.734601 0.505617 0.065353 0.082088
1.0 0.815054 0.534003 0.044966 0.078435
4.0 0.856312 0.497761 0.021920 0.032569
4.0 0.917078 0.520406 0.035644 0.050096
4.0 0.988616 0.956974 0.022437 0.022437
4.0 0.991068 0.893491 0.017864 0.042063
1.0 0.605424 0.316727 0.127173 0.088379
1.0 0.592603 0.514783 0.077475 0.098012
1.0 0.664199 0.473063 0.093387 0.079696
1.0 0.816589 0.412828 0.051101 0.044255
1.0 0.471178 0.173295 0.077414 0.095669
