0.0 0.868624 0.255496 0.262753 0.431570
0.0 0.981101 0.314473 0.037799 0.117590
0.0 0.823087 0.268908 0.040067 0.049876
0.0 0.874288 0.538360 0.046760 0.078804
0.0 0.779122 0.432102 0.033298 0.045069
0.0 0.943506 0.478620 0.046475 0.062170
0.0 0.748523 0.059107 0.035844 0.056771
0.0 0.683648 0.038895 0.034313 0.036929
0.0 0.635615 0.068685 0.017679 0.036643
0.0 0.498016 0.105306 0.077170 0.090249
0.0 0.480255 0.019662 0.024086 0.039324
0.0 0.146158 0.038764 0.041229 0.077528
0.0 0.119428 0.040126 0.034808 0.080252
0.0 0.429313 0.135882 0.018103 0.024642
0.0 0.304237 0.157823 0.084781 0.080857
0.0 0.144195 0.119083 0.021004 0.038661
0.0 0.107795 0.134848 0.015063 0.039259
0.0 0.316455 0.041931 0.023683 0.031530
0.0 0.257667 0.064541 0.025631 0.049173
0.0 0.336308 0.242562 0.041069 0.061342
0.0 0.446153 0.361343 0.039706 0.141070
0.0 0.111487 0.239741 0.070693 0.092274
0.0 0.045074 0.229569 0.023084 0.037471
0.0 0.269308 0.421986 0.030967 0.064319
0.0 0.178906 0.511677 0.018687 0.038306
0.0 0.123534 0.491340 0.030807 0.038654
0.0 0.108187 0.457375 0.022611 0.034382
0.0 0.274858 0.550875 0.027829 0.048756
0.0 0.383920 0.473526 0.088399 0.089707
0.0 0.306104 0.465559 0.025338 0.042342
0.0 0.445754 0.565195 0.094027 0.111684
0.0 0.229985 0.508435 0.023377 0.044303
0.0 0.091703 0.590793 0.052034 0.098465
0.0 0.046043 0.615413 0.047345 0.092468
0.0 0.000382 0.786169 0.000764 0.053432
0.0 0.654660 0.305549 0.040596 0.058253
0.0 0.549885 0.308470 0.041466 0.088551
0.0 0.497845 0.385068 0.065434 0.136716
0.0 0.934312 0.765693 0.037388 0.057007
0.0 0.786317 0.890823 0.028936 0.080599
0.0 0.702927 0.968357 0.061955 0.063286
0.0 0.329615 0.807435 0.070220 0.089185
0.0 0.202938 0.834664 0.039176 0.048986
0.0 0.164877 0.763234 0.021721 0.033492
0.0 0.422605 0.231278 0.019049 0.030820
0.0 0.718264 0.736554 0.065656 0.074157
0.0 0.586375 0.875215 0.036324 0.050057
0.0 0.076814 0.708647 0.017922 0.028385
0.0 0.041670 0.917452 0.015487 0.027258
0.0 0.013017 0.907433 0.026034 0.030577
0.0 0.084846 0.909048 0.036018 0.062830
0.0 0.308194 0.302275 0.016851 0.031238
0.0 0.438985 0.031455 0.016969 0.032010
0.0 0.002169 0.667299 0.004338 0.041221
0.0 0.691758 0.176870 0.033472 0.051129
0.0 0.091035 0.120425 0.016197 0.031892
0.0 0.210078 0.225598 0.024455 0.031648
0.0 0.118269 0.345107 0.016433 0.033436
0.0 0.230172 0.073765 0.021067 0.034146
0.0 0.075855 0.069888 0.024379 0.055769
0.0 0.319818 0.365703 0.026827 0.037291
0.0 0.395250 0.182828 0.019293 0.022562
0.0 0.037578 0.479755 0.012815 0.024587
0.0 0.510905 0.284321 0.041924 0.027537
3.0 0.679327 0.598599 0.178391 0.194740
0.0 0.145551 0.641720 0.014889 0.033200
