0.0 0.429230 0.533505 0.075017 0.082752
0.0 0.498554 0.671897 0.051135 0.116889
0.0 0.709466 0.668274 0.051511 0.075493
0.0 0.549796 0.558891 0.062034 0.113090
0.0 0.375505 0.472309 0.047453 0.059830
0.0 0.281168 0.092743 0.238470 0.182773
0.0 0.323384 0.095456 0.027709 0.037765
0.0 0.367032 0.324728 0.026185 0.041656
0.0 0.725341 0.293883 0.026943 0.039320
0.0 0.790694 0.105735 0.066347 0.074856
0.0 0.712430 0.013091 0.032305 0.026182
0.0 0.428287 0.117089 0.027755 0.042453
0.0 0.418980 0.603921 0.092534 0.036836
0.0 0.257551 0.874261 0.015118 0.028269
0.0 0.309663 0.850314 0.040842 0.102728
0.0 0.477463 0.832267 0.035567 0.042529
0.0 0.560702 0.795515 0.023044 0.040063
0.0 0.536474 0.874662 0.025266 0.027587
0.0 0.701653 0.908206 0.017492 0.031416
0.0 0.740065 0.841421 0.030834 0.037796
0.0 0.180608 0.675785 0.019851 0.033002
0.0 0.217432 0.686363 0.015853 0.023589
0.0 0.187257 0.636655 0.015080 0.024363
0.0 0.202055 0.631823 0.015049 0.021238
0.0 0.238734 0.627558 0.018978 0.023620
0.0 0.256994 0.577377 0.041340 0.073831
0.0 0.259999 0.725011 0.015087 0.025144
0.0 0.283016 0.681816 0.015876 0.025933
0.0 0.198277 0.245123 0.019851 0.033002
0.0 0.280877 0.302912 0.027755 0.042453
0.0 0.198526 0.350594 0.015876 0.025933
0.0 0.362895 0.781040 0.026223 0.045562
0.0 0.500289 0.769541 0.018243 0.028299
0.0 0.266294 0.969493 0.021398 0.031455
0.0 0.236214 0.849468 0.015952 0.033745
0.0 0.257311 0.929735 0.022892 0.024439
0.0 0.181233 0.979699 0.016718 0.032190
0.0 0.697260 0.378536 0.017423 0.024385
0.0 0.544874 0.934739 0.016696 0.029846
0.0 0.628731 0.961264 0.016680 0.028284
0.0 0.185790 0.326499 0.013494 0.022004
0.0 0.359986 0.963109 0.014291 0.023574
