0.0 0.550375 0.636965 0.044536 0.142941
0.0 0.610213 0.532244 0.085512 0.089346
0.0 0.553246 0.443291 0.083252 0.102422
0.0 0.711704 0.452845 0.024911 0.040886
0.0 0.785454 0.191993 0.035499 0.059141
0.0 0.663715 0.222771 0.063965 0.090163
0.0 0.319287 0.039034 0.057444 0.078067
0.0 0.425608 0.145762 0.027844 0.036151
0.0 0.235066 0.129159 0.020946 0.043950
0.0 0.092342 0.245916 0.037217 0.038495
0.0 0.295550 0.276563 0.058768 0.072826
0.0 0.609548 0.466353 0.014307 0.018141
0.0 0.145135 0.461750 0.043382 0.074692
0.0 0.138301 0.741009 0.276602 0.432839
0.0 0.082515 0.517655 0.040742 0.054799
0.0 0.231728 0.562881 0.036053 0.036053
0.0 0.002445 0.701783 0.004890 0.020337
0.0 0.033798 0.673405 0.064163 0.108892
0.0 0.190615 0.711209 0.032253 0.048867
0.0 0.350257 0.676584 0.030747 0.057584
0.0 0.449396 0.680789 0.042743 0.075331
0.0 0.493925 0.619425 0.065428 0.138273
0.0 0.495341 0.871682 0.073173 0.082758
0.0 0.562086 0.847387 0.025385 0.030497
0.0 0.004443 0.810328 0.008886 0.027645
0.0 0.890452 0.427021 0.052069 0.099354
0.0 0.930995 0.403019 0.044072 0.087523
0.0 0.989664 0.233604 0.020673 0.040577
0.0 0.975211 0.357452 0.018094 0.035986
0.0 0.990661 0.383066 0.016143 0.028923
0.0 0.999363 0.332400 0.001274 0.048571
0.0 0.900740 0.133963 0.016046 0.037133
0.0 0.900088 0.100567 0.015225 0.023532
0.0 0.941004 0.116253 0.012652 0.021598
0.0 0.967059 0.121483 0.022042 0.028432
0.0 0.821039 0.262246 0.014324 0.022631
0.0 0.837857 0.372891 0.020337 0.018420
0.0 0.755976 0.500010 0.020028 0.038559
0.0 0.668687 0.630963 0.029139 0.039363
0.0 0.714723 0.579366 0.027831 0.066809
0.0 0.683527 0.539183 0.025665 0.036527
0.0 0.650928 0.749191 0.046052 0.068417
0.0 0.989550 0.515224 0.014620 0.033151
0.0 0.871153 0.544987 0.020650 0.033430
0.0 0.801267 0.513271 0.025749 0.058976
0.0 0.853786 0.516669 0.029482 0.028204
0.0 0.903705 0.311988 0.015208 0.019042
0.0 0.315671 0.940143 0.039134 0.036578
0.0 0.250715 0.930665 0.035926 0.070431
0.0 0.314226 0.804379 0.032367 0.045147
0.0 0.512078 0.968840 0.026468 0.045638
0.0 0.534443 0.993667 0.017159 0.012666
0.0 0.664116 0.941637 0.026926 0.030760
0.0 0.723799 0.916932 0.023502 0.041394
0.0 0.747593 0.907512 0.021044 0.035740
0.0 0.826818 0.949536 0.038630 0.073135
0.0 0.828891 0.872224 0.019897 0.037788
0.0 0.856793 0.754931 0.060359 0.086558
0.0 0.926878 0.766868 0.024403 0.042295
0.0 0.902009 0.861695 0.019275 0.042917
0.0 0.940754 0.801724 0.023583 0.028695
0.0 0.916652 0.933929 0.029206 0.057322
0.0 0.845235 0.971693 0.020422 0.040869
0.0 0.854645 0.925745 0.035448 0.045672
0.0 0.863992 0.861560 0.020405 0.036379
0.0 0.881181 0.867657 0.017455 0.036625
0.0 0.570388 0.752116 0.017667 0.024696
0.0 0.593963 0.804474 0.016799 0.032774
0.0 0.678909 0.826867 0.079283 0.070338
0.0 0.549540 0.944313 0.015225 0.023532
0.0 0.677841 0.693545 0.020650 0.033430
0.0 0.474108 0.196025 0.021551 0.034331
