1.0 0.580828 0.221575 0.173429 0.261439
0.0 0.844558 0.129729 0.100550 0.104043
0.0 0.320196 0.105270 0.277698 0.210539
0.0 0.353434 0.055614 0.041247 0.042644
0.0 0.380472 0.300212 0.048117 0.064881
0.0 0.369156 0.450618 0.060128 0.039173
0.0 0.400747 0.603803 0.104915 0.056020
0.0 0.420834 0.521817 0.083881 0.076198
0.0 0.545402 0.555643 0.074281 0.102919
0.0 0.704360 0.684043 0.060201 0.093030
0.0 0.711546 0.892077 0.049335 0.046541
0.0 0.481872 0.686623 0.069512 0.139362
0.0 0.232426 0.560046 0.043090 0.083603
0.0 0.268030 0.851842 0.075688 0.109216
0.0 0.444008 0.866535 0.049876 0.044288
