0.0 0.150293 0.215047 0.300585 0.407809
0.0 0.533354 0.103202 0.068113 0.082906
0.0 0.207448 0.229666 0.035354 0.066419
0.0 0.035432 0.256654 0.070865 0.115836
0.0 0.038485 0.726606 0.029194 0.067655
0.0 0.245812 0.959988 0.071102 0.080023
0.0 0.637436 0.811254 0.064395 0.116170
0.0 0.763668 0.861801 0.041352 0.062062
0.0 0.898980 0.650586 0.047940 0.098975
0.0 0.942134 0.653036 0.035547 0.085103
0.0 0.988918 0.835510 0.022164 0.048840
0.0 0.566576 0.351031 0.035043 0.165220
0.0 0.625287 0.487229 0.109260 0.081154
0.0 0.550381 0.566224 0.089767 0.125270
0.0 0.464854 0.305468 0.046348 0.083330
0.0 0.507302 0.384622 0.062501 0.124631
0.0 0.373722 0.267961 0.049510 0.084273
0.0 0.732954 0.165582 0.063057 0.090424
0.0 0.918122 0.070685 0.066583 0.098388
0.0 0.734047 0.442461 0.025333 0.068232
1.0 0.307821 0.580397 0.178702 0.204589
0.0 0.905098 0.271632 0.069127 0.102410
