0.0 0.325249 0.854993 0.166384 0.220580
0.0 0.696500 0.842946 0.439916 0.314109
0.0 0.859571 0.543606 0.254842 0.243280
0.0 0.548585 0.208999 0.267466 0.235671
0.0 0.342321 0.129979 0.249514 0.255295
0.0 0.128693 0.325445 0.257386 0.412040
0.0 0.428442 0.614859 0.485950 0.277113
0.0 0.325457 0.415543 0.175387 0.163102
0.0 0.769379 0.337096 0.109895 0.125793
0.0 0.756783 0.228347 0.118955 0.069094
0.0 0.772230 0.070742 0.236874 0.141485
0.0 0.555474 0.061887 0.208301 0.123773
0.0 0.945866 0.275716 0.102700 0.346947
