0.0 0.275557 0.802333 0.069395 0.072380
0.0 0.435277 0.628747 0.025515 0.137444
0.0 0.487837 0.614707 0.054145 0.115333
0.0 0.628128 0.692998 0.024083 0.051693
0.0 0.530832 0.685544 0.035122 0.072431
0.0 0.386288 0.510471 0.086497 0.071573
0.0 0.455718 0.435476 0.077585 0.099225
0.0 0.739952 0.055338 0.050311 0.110676
0.0 0.938144 0.291501 0.034873 0.049051
0.0 0.854925 0.782346 0.269867 0.415376
0.0 0.945369 0.722850 0.048372 0.108068
0.0 0.779912 0.748107 0.026082 0.043991
0.0 0.855169 0.503160 0.037223 0.067071
0.0 0.914855 0.562316 0.042824 0.070433
0.0 0.759209 0.597308 0.026725 0.040903
0.0 0.019466 0.259928 0.021278 0.076497
0.0 0.087376 0.346092 0.037909 0.082681
0.0 0.125766 0.365519 0.043364 0.065004
0.0 0.017418 0.088759 0.022642 0.089800
0.0 0.035780 0.168498 0.040165 0.045389
0.0 0.117031 0.700600 0.061770 0.093856
0.0 0.277781 0.550430 0.034770 0.046709
0.0 0.296523 0.425267 0.019358 0.032789
0.0 0.248998 0.464892 0.024178 0.036117
0.0 0.139668 0.486119 0.053442 0.063889
0.0 0.461520 0.870015 0.052833 0.067757
0.0 0.112338 0.896308 0.053459 0.099723
0.0 0.374772 0.195048 0.060132 0.074309
0.0 0.257304 0.155635 0.031073 0.051221
0.0 0.038004 0.717367 0.052533 0.078650
0.0 0.809809 0.164982 0.025610 0.050981
0.0 0.085210 0.065448 0.032763 0.036494
0.0 0.321435 0.725244 0.039796 0.054720
0.0 0.204188 0.868811 0.021193 0.039102
0.0 0.232972 0.883186 0.013765 0.047344
0.0 0.283549 0.913026 0.022034 0.022780
0.0 0.619257 0.153024 0.032840 0.055972
1.0 0.588327 0.338936 0.294407 0.282468
0.0 0.694622 0.942664 0.025842 0.038527
0.0 0.015312 0.450137 0.016819 0.045921
