1.0 0.387402 0.364330 0.341864 0.230516
0.0 0.184342 0.137013 0.076146 0.084536
0.0 0.625149 0.239171 0.061086 0.074814
0.0 0.764108 0.199954 0.030856 0.050685
0.0 0.632068 0.500018 0.097142 0.081127
0.0 0.544500 0.431747 0.095158 0.063126
0.0 0.518644 0.594900 0.057043 0.102040
0.0 0.580585 0.603602 0.040246 0.118037
0.0 0.761674 0.528227 0.031379 0.039768
0.0 0.779317 0.746622 0.082955 0.075329
0.0 0.570542 0.807801 0.059809 0.053708
0.0 0.478830 0.663043 0.038308 0.068814
0.0 0.360462 0.680676 0.038666 0.050868
0.0 0.205919 0.854673 0.120583 0.181595
0.0 0.185740 0.727768 0.040007 0.041533
0.0 0.730386 0.427373 0.034871 0.055463
