3.0 0.703051 0.570044 0.174845 0.187085
0.0 0.480447 0.385535 0.061322 0.133993
0.0 0.460818 0.570355 0.084528 0.123542
0.0 0.381162 0.496983 0.082812 0.078223
0.0 0.423121 0.371871 0.025585 0.142625
0.0 0.486959 0.284598 0.011354 0.020534
0.0 0.517792 0.301934 0.030399 0.073237
0.0 0.621418 0.287293 0.027492 0.045851
0.0 0.856901 0.192202 0.280626 0.384403
0.0 0.765607 0.382776 0.028208 0.042743
0.0 0.781000 0.219924 0.024126 0.034070
0.0 0.955536 0.233513 0.048083 0.097805
0.0 0.960985 0.081024 0.012087 0.018207
0.0 0.983549 0.189957 0.009711 0.016596
0.0 0.598641 0.016612 0.012248 0.026018
0.0 0.613256 0.006663 0.014382 0.013326
0.0 0.357866 0.049712 0.014543 0.023723
0.0 0.392990 0.009916 0.014382 0.015912
0.0 0.398893 0.030893 0.022386 0.025446
0.0 0.404756 0.087815 0.013810 0.026050
0.0 0.408816 0.133053 0.009124 0.025953
0.0 0.439656 0.112881 0.054355 0.061240
0.0 0.333557 0.121322 0.012184 0.022893
0.0 0.367024 0.152670 0.018465 0.024584
0.0 0.242830 0.079435 0.017732 0.026911
0.0 0.189661 0.115696 0.015550 0.034674
0.0 0.225623 0.116517 0.014479 0.020598
0.0 0.161751 0.126431 0.020011 0.023836
0.0 0.249154 0.196517 0.071571 0.063156
0.0 0.261728 0.465065 0.026123 0.055192
0.0 0.164879 0.277961 0.013649 0.018239
0.0 0.152890 0.340722 0.010493 0.016612
0.0 0.237009 0.554657 0.014068 0.038547
0.0 0.290961 0.594177 0.022644 0.037943
0.0 0.288603 0.252747 0.015227 0.019052
0.0 0.298573 0.281453 0.032879 0.042058
0.0 0.189718 0.572824 0.013698 0.020582
0.0 0.176820 0.705149 0.012103 0.018988
0.0 0.306976 0.499295 0.021557 0.023087
0.0 0.385622 0.826648 0.057882 0.080831
0.0 0.264007 0.878387 0.030664 0.048259
0.0 0.215836 0.816087 0.014543 0.023723
0.0 0.650402 0.858692 0.031462 0.049056
0.0 0.587745 0.813881 0.019423 0.033192
0.0 0.785169 0.952025 0.054855 0.085453
0.0 0.976586 0.685518 0.025913 0.045038
0.0 0.877738 0.477357 0.037332 0.068696
0.0 0.851534 0.835787 0.020736 0.058984
0.0 0.377663 0.251690 0.015324 0.023739
0.0 0.559515 0.051802 0.016121 0.024536
0.0 0.673673 0.017408 0.021017 0.034787
0.0 0.634952 0.147922 0.028990 0.042759
0.0 0.277879 0.338924 0.013794 0.025269
0.0 0.293929 0.397199 0.014446 0.019036
0.0 0.132206 0.928774 0.015340 0.024520
0.0 0.075038 0.695529 0.030641 0.084953
0.0 0.112078 0.672885 0.042671 0.062560
0.0 0.107534 0.528416 0.022644 0.037943
0.0 0.130114 0.562333 0.027999 0.032589
0.0 0.031929 0.878488 0.042074 0.033660
0.0 0.088861 0.986712 0.020776 0.023071
0.0 0.120950 0.987477 0.016202 0.025046
0.0 0.163322 0.994275 0.014430 0.011450
0.0 0.017742 0.948327 0.017402 0.048766
0.0 0.017879 0.990502 0.014543 0.018996
0.0 0.036218 0.745559 0.011612 0.033031
0.0 0.098119 0.412961 0.016041 0.020631
0.0 0.075699 0.311058 0.053341 0.087764
0.0 0.045450 0.132738 0.025181 0.047365
0.0 0.083290 0.186656 0.017796 0.030036
0.0 0.031215 0.200234 0.015405 0.027644
0.0 0.049277 0.204549 0.021017 0.034787
0.0 0.008223 0.314836 0.016445 0.044144
0.0 0.046601 0.074890 0.012280 0.027580
0.0 0.049363 0.095149 0.011274 0.016628
0.0 0.072176 0.102493 0.031019 0.065443
0.0 0.124297 0.015461 0.018287 0.015992
0.0 0.044782 0.554717 0.014591 0.026066
0.0 0.008467 0.612510 0.013045 0.026815
0.0 0.219225 0.715214 0.016154 0.026098
0.0 0.066472 0.810574 0.019197 0.022257
0.0 0.308885 0.137460 0.012216 0.024455
