0.0 0.243501 0.919379 0.064939 0.160976
0.0 0.233080 0.048365 0.043807 0.096729
0.0 0.358807 0.139760 0.039098 0.060179
0.0 0.244648 0.302973 0.048484 0.078154
0.0 0.618943 0.175071 0.060988 0.084411
0.0 0.743973 0.124363 0.026603 0.068766
0.0 0.693747 0.505584 0.019558 0.044543
0.0 0.736697 0.536859 0.032077 0.076581
0.0 0.713332 0.414189 0.027371 0.045329
0.0 0.763310 0.450937 0.014088 0.042196
0.0 0.621091 0.504759 0.083643 0.082862
0.0 0.543014 0.424244 0.081317 0.113329
0.0 0.516336 0.618760 0.052424 0.135969
0.0 0.477226 0.698424 0.032857 0.075019
0.0 0.373311 0.713987 0.031283 0.055487
0.0 0.289574 0.953781 0.033618 0.041426
0.0 0.316905 0.975673 0.015650 0.042197
0.0 0.382527 0.981962 0.026583 0.035172
0.0 0.596591 0.978932 0.021900 0.042137
0.0 0.630983 0.950859 0.011739 0.033601
0.0 0.627139 0.845388 0.013303 0.036727
0.0 0.561488 0.888318 0.067238 0.084415
0.0 0.747403 0.926709 0.021894 0.032825
0.0 0.744350 0.804833 0.072701 0.075824
0.0 0.683483 0.686046 0.019545 0.022668
0.0 0.699081 0.732149 0.028166 0.068767
0.0 0.573359 0.632856 0.028215 0.151579
0.0 0.231968 0.606091 0.023469 0.052358
0.0 0.615477 0.750069 0.019551 0.032824
0.0 0.653727 0.801654 0.014859 0.025790
0.0 0.670870 0.876664 0.032053 0.036738
0.0 0.676296 0.948542 0.023454 0.028139
0.0 0.762222 0.968124 0.026578 0.026578
0.0 0.766175 0.890002 0.015642 0.028134
0.0 0.359169 0.846792 0.034407 0.053145
0.0 0.419718 0.185890 0.017989 0.034386
1.0 0.310199 0.427231 0.173534 0.163384
0.0 0.695250 0.604803 0.023459 0.036733
0.0 0.720994 0.668881 0.025019 0.032827
0.0 0.508465 0.716411 0.014861 0.029696
0.0 0.427861 0.945270 0.016423 0.028135
