0.0 0.382031 0.496094 0.091406 0.078125
0.0 0.455469 0.572656 0.079687 0.121094
0.0 0.428125 0.371875 0.025000 0.164062
0.0 0.257031 0.194531 0.078906 0.065625
0.0 0.442969 0.114063 0.057031 0.064063
0.0 0.757031 0.075781 0.068750 0.146875
0.0 0.624219 0.288281 0.031250 0.044531
0.0 0.482813 0.382812 0.050000 0.122656
0.0 0.524219 0.302344 0.031250 0.080469
0.0 0.255469 0.871875 0.035156 0.084375
0.0 0.375781 0.825781 0.063281 0.088281
0.0 0.644531 0.860937 0.029688 0.030469
0.0 0.767187 0.950781 0.041406 0.098438
0.0 0.264063 0.464063 0.030469 0.069531
0.0 0.289844 0.585156 0.020313 0.061719
0.0 0.238281 0.550781 0.023438 0.041406
0.0 0.303125 0.270312 0.039844 0.059375
3.0 0.692969 0.576563 0.160937 0.187500
0.0 0.307813 0.496875 0.022656 0.030469
0.0 0.642969 0.154687 0.026563 0.049219
0.0 0.682813 0.028125 0.021094 0.039844
0.0 0.614844 0.015625 0.035937 0.030469
0.0 0.371094 0.050000 0.016406 0.031250
0.0 0.410937 0.022656 0.029688 0.045313
0.0 0.234375 0.107813 0.007031 0.017969
0.0 0.252344 0.078125 0.018750 0.031250
0.0 0.241406 0.041406 0.021875 0.038281
0.0 0.375781 0.152344 0.016406 0.038281
0.0 0.767969 0.389062 0.031250 0.055469
0.0 0.757031 0.710156 0.052344 0.080469
