0.0 0.765625 0.065625 0.056250 0.110156
0.0 0.825000 0.177344 0.024219 0.072656
0.0 0.943750 0.316406 0.029687 0.060156
0.0 0.832031 0.804688 0.253906 0.390625
0.0 0.911719 0.582031 0.035938 0.055469
0.0 0.857031 0.518750 0.036719 0.072656
0.0 0.960938 0.783594 0.021875 0.039062
0.0 0.932812 0.742188 0.047656 0.110156
0.0 0.773438 0.757812 0.027344 0.053906
0.0 0.752344 0.605469 0.028125 0.042969
0.0 0.620313 0.699219 0.030469 0.064844
0.0 0.520312 0.692969 0.035937 0.080469
0.0 0.483594 0.614062 0.046094 0.115625
0.0 0.430469 0.626562 0.020313 0.140625
0.0 0.385938 0.508594 0.074219 0.064844
0.0 0.317187 0.600781 0.022656 0.041406
0.0 0.275781 0.546094 0.020313 0.063281
0.0 0.302344 0.412500 0.022656 0.042188
0.0 0.252344 0.452344 0.013281 0.038281
0.0 0.205469 0.458594 0.017187 0.067187
0.0 0.140625 0.475000 0.042969 0.068750
0.0 0.104688 0.887500 0.028125 0.082813
0.0 0.110937 0.810156 0.021094 0.047656
0.0 0.078906 0.883594 0.021094 0.087500
0.0 0.102344 0.685156 0.051563 0.099219
0.0 0.035937 0.690625 0.019531 0.050000
0.0 0.013281 0.729688 0.014844 0.052344
0.0 0.067187 0.451562 0.012500 0.037500
0.0 0.016406 0.433594 0.013281 0.032812
0.0 0.132031 0.350781 0.036719 0.092969
0.0 0.094531 0.332031 0.037500 0.107813
0.0 0.049219 0.154687 0.045313 0.040625
0.0 0.269531 0.149219 0.029688 0.051562
0.0 0.383594 0.191406 0.051563 0.086719
0.0 0.460156 0.431250 0.074219 0.093750
0.0 0.742188 0.312500 0.052344 0.065625
0.0 0.634375 0.164844 0.029688 0.047656
0.0 0.171875 0.056250 0.030469 0.059375
0.0 0.132812 0.050000 0.016406 0.035937
0.0 0.102344 0.056250 0.020313 0.045313
0.0 0.035937 0.071094 0.022656 0.085156
0.0 0.059375 0.276563 0.015625 0.038281
0.0 0.025781 0.249219 0.010937 0.060156
0.0 0.193750 0.309375 0.012500 0.028125
0.0 0.310938 0.717188 0.030469 0.051563
0.0 0.264844 0.790625 0.065625 0.063281
0.0 0.438281 0.869531 0.062500 0.071875
0.0 0.412500 0.960156 0.012500 0.052344
0.0 0.386719 0.983594 0.017187 0.032812
0.0 0.180469 0.982813 0.014844 0.034375
0.0 0.153125 0.971875 0.015625 0.033594
0.0 0.499219 0.978906 0.034375 0.041406
0.0 0.610938 0.966406 0.030469 0.053125
0.0 0.675000 0.963281 0.025000 0.056250
0.0 0.700781 0.925781 0.010938 0.027344
0.0 0.265625 0.904688 0.011719 0.036719
0.0 0.251562 0.866406 0.013281 0.032031
0.0 0.211719 0.877344 0.014844 0.041406
0.0 0.189062 0.860156 0.012500 0.043750
0.0 0.014844 0.958594 0.017969 0.064844
0.0 0.377344 0.930469 0.014063 0.032812
0.0 0.382031 0.829687 0.017187 0.023438
0.0 0.316406 0.503906 0.021875 0.032031
0.0 0.942969 0.889063 0.015625 0.028125
0.0 0.481250 0.773438 0.008594 0.027344
0.0 0.357813 0.786719 0.016406 0.025781
0.0 0.081250 0.796875 0.010156 0.044531
0.0 0.063281 0.797656 0.014844 0.026562
0.0 0.223437 0.213281 0.024219 0.036719
0.0 0.191406 0.712500 0.008594 0.032031
0.0 0.175000 0.655469 0.014063 0.035156
0.0 0.631250 0.829687 0.032031 0.044531
0.0 0.135938 0.247656 0.016406 0.022656
0.0 0.029688 0.361719 0.008594 0.025000
0.0 0.007031 0.153125 0.014063 0.034375
