0.0 0.520651 0.716990 0.063736 0.146414
0.0 0.368859 0.948455 0.059503 0.103091
0.0 0.587632 0.870523 0.035630 0.048943
0.0 0.518938 0.914207 0.051573 0.046668
0.0 0.750143 0.902357 0.046419 0.064636
0.0 0.703442 0.691866 0.060578 0.122236
0.0 0.549519 0.564193 0.071665 0.148737
0.0 0.437304 0.532885 0.078239 0.113972
0.0 0.286622 0.620781 0.042466 0.118137
0.0 0.441060 0.642422 0.106869 0.037503
0.0 0.378830 0.481353 0.049068 0.060279
0.0 0.353572 0.281305 0.044787 0.063705
0.0 0.707889 0.041989 0.063860 0.083979
0.0 0.221734 0.083150 0.099998 0.123821
3.0 0.510281 0.159056 0.165559 0.304290
