0.0 0.496094 0.285937 0.047656 0.150781
0.0 0.753125 0.974219 0.056250 0.051563
0.0 0.260938 0.947656 0.096094 0.103906
0.0 0.343750 0.991406 0.028906 0.016406
0.0 0.435937 0.973437 0.033594 0.053125
0.0 0.380469 0.724219 0.030469 0.060938
0.0 0.307813 0.751562 0.029688 0.034375
0.0 0.233594 0.830469 0.024219 0.038281
0.0 0.245312 0.878125 0.008594 0.032031
0.0 0.611719 0.955469 0.035938 0.089062
0.0 0.541406 0.425781 0.057812 0.133594
0.0 0.434375 0.471875 0.070312 0.081250
0.0 0.386719 0.539062 0.041406 0.055469
0.0 0.286719 0.396875 0.044531 0.112500
0.0 0.428906 0.371875 0.079687 0.034375
0.0 0.682031 0.285156 0.046875 0.096875
0.0 0.710938 0.067969 0.032812 0.046094
0.0 0.441406 0.153125 0.018750 0.043750
0.0 0.500000 0.158594 0.017969 0.042188
0.0 0.550000 0.127344 0.018750 0.038281
0.0 0.478125 0.082031 0.035937 0.039844
0.0 0.529688 0.031250 0.019531 0.040625
0.0 0.371094 0.144531 0.028125 0.060937
0.0 0.328125 0.060937 0.038281 0.118750
0.0 0.263281 0.062500 0.014063 0.044531
0.0 0.239844 0.036719 0.016406 0.042187
0.0 0.278906 0.023438 0.011719 0.028125
0.0 0.228125 0.330469 0.025000 0.039844
0.0 0.242188 0.267188 0.009375 0.030469
0.0 0.303125 0.277344 0.010156 0.027344
0.0 0.403125 0.117187 0.023438 0.020312
0.0 0.225781 0.705469 0.015625 0.050000
0.0 0.251563 0.624219 0.014844 0.037500
0.0 0.361719 0.300000 0.021094 0.041406
0.0 0.283594 0.221094 0.014844 0.021875
0.0 0.332031 0.226562 0.013281 0.042188
0.0 0.292188 0.176563 0.016406 0.028906
1.0 0.542188 0.850000 0.091406 0.285156
