0.0 0.688051 0.067494 0.077878 0.093238
0.0 0.854196 0.195434 0.049177 0.060697
0.0 0.800389 0.138791 0.024328 0.028808
0.0 0.671315 0.189854 0.019434 0.021994
0.0 0.649896 0.283689 0.019813 0.019813
0.0 0.990063 0.393177 0.019874 0.037921
0.0 0.682574 0.526129 0.019315 0.025715
0.0 0.765829 0.567944 0.015843 0.022883
0.0 0.883456 0.981452 0.035488 0.037097
0.0 0.782718 0.594572 0.029801 0.061161
0.0 0.706005 0.396978 0.069569 0.106050
0.0 0.604290 0.234773 0.007987 0.011827
0.0 0.584688 0.214818 0.009018 0.013498
0.0 0.651195 0.224483 0.009539 0.016579
0.0 0.635149 0.220976 0.006967 0.014647
0.0 0.688135 0.244994 0.015452 0.020572
0.0 0.709650 0.164644 0.009788 0.013628
0.0 0.728482 0.184469 0.007726 0.010286
0.0 0.699717 0.129685 0.006185 0.010025
0.0 0.737780 0.110769 0.009006 0.009006
0.0 0.646512 0.036697 0.006185 0.010025
0.0 0.591199 0.124799 0.017384 0.023144
0.0 0.588988 0.030136 0.007477 0.013237
0.0 0.404340 0.018159 0.027076 0.036317
0.0 0.372286 0.041813 0.015322 0.019802
0.0 0.470065 0.025866 0.027279 0.028559
0.0 0.505408 0.069877 0.013402 0.021722
0.0 0.460577 0.072594 0.009658 0.012858
0.0 0.422625 0.151748 0.026662 0.038182
0.0 0.576828 0.013024 0.010558 0.013758
0.0 0.310512 0.093167 0.016092 0.019932
0.0 0.363890 0.114873 0.007856 0.011056
0.0 0.374992 0.091396 0.008769 0.016449
0.0 0.296723 0.006401 0.009018 0.012802
0.0 0.235965 0.009698 0.009420 0.019395
0.0 0.257859 0.090599 0.009918 0.014398
0.0 0.359946 0.152239 0.009278 0.015038
0.0 0.366718 0.219942 0.008638 0.015678
0.0 0.459963 0.272955 0.008117 0.012597
0.0 0.491511 0.292554 0.011719 0.016199
0.0 0.506308 0.228499 0.010309 0.016709
0.0 0.542233 0.297172 0.010048 0.015169
0.0 0.565449 0.309815 0.009918 0.014398
0.0 0.571248 0.355167 0.010060 0.019660
0.0 0.448788 0.432703 0.015832 0.018392
0.0 0.466980 0.451628 0.011850 0.016970
0.0 0.397254 0.498467 0.009527 0.012087
0.0 0.382503 0.543513 0.011328 0.013889
0.0 0.299440 0.528670 0.012241 0.019281
0.0 0.310328 0.487725 0.010558 0.013758
0.0 0.114456 0.277898 0.013141 0.020181
0.0 0.123599 0.692259 0.008627 0.011187
0.0 0.127493 0.622398 0.006185 0.010025
0.0 0.097405 0.636325 0.006435 0.007075
0.0 0.258890 0.726236 0.007975 0.007335
0.0 0.304714 0.684862 0.006565 0.007845
0.0 0.289308 0.682256 0.005699 0.020419
0.0 0.184074 0.222325 0.011459 0.014659
0.0 0.206973 0.260270 0.011340 0.018380
0.0 0.431822 0.809368 0.023331 0.040612
0.0 0.413315 0.867249 0.008128 0.017089
0.0 0.739837 0.999034 0.018936 0.001931
0.0 0.864141 0.862688 0.030927 0.050127
0.0 0.925758 0.770106 0.013662 0.023263
0.0 0.928981 0.924367 0.012501 0.020821
0.0 0.843707 0.337074 0.011589 0.015429
0.0 0.887016 0.273089 0.016495 0.026735
