3.0 0.302216 0.415173 0.182882 0.189416
0.0 0.511359 0.619808 0.067010 0.128717
0.0 0.547893 0.429675 0.098806 0.128570
0.0 0.620008 0.519978 0.100992 0.103896
0.0 0.467714 0.696689 0.055389 0.083702
0.0 0.559905 0.642715 0.059551 0.166993
0.0 0.043483 0.271349 0.037257 0.056858
0.0 0.136165 0.779969 0.272330 0.407512
0.0 0.058691 0.551953 0.043920 0.063521
0.0 0.131771 0.491187 0.062159 0.091924
0.0 0.223616 0.590674 0.034384 0.048904
0.0 0.196961 0.750944 0.038464 0.063147
0.0 0.025990 0.728164 0.051979 0.106144
0.0 0.359246 0.702562 0.036830 0.050623
0.0 0.718257 0.423350 0.033841 0.063606
0.0 0.733437 0.555949 0.035668 0.067610
0.0 0.640498 0.187006 0.061006 0.086414
0.0 0.769727 0.141054 0.032955 0.061993
0.0 0.986502 0.159164 0.026997 0.048628
0.0 0.901043 0.361495 0.049101 0.082495
0.0 0.943636 0.345622 0.040113 0.109805
0.0 0.874746 0.470889 0.037181 0.044441
0.0 0.895829 0.506008 0.026942 0.042187
0.0 0.904915 0.727461 0.047626 0.072309
0.0 0.723513 0.826216 0.079124 0.079124
0.0 0.889295 0.932341 0.032947 0.084490
0.0 0.912014 0.955043 0.025383 0.042080
0.0 0.919600 0.901530 0.028439 0.064011
0.0 0.527209 0.891060 0.052922 0.070345
0.0 0.559306 0.982533 0.015496 0.033644
0.0 0.382066 0.130125 0.034331 0.048124
0.0 0.951267 0.051705 0.032964 0.039497
0.0 0.688405 0.516056 0.025490 0.043639
0.0 0.767293 0.461952 0.031748 0.055705
0.0 0.975009 0.733052 0.023067 0.053558
0.0 0.884776 0.849807 0.025490 0.043639
0.0 0.717992 0.940951 0.025223 0.039742
0.0 0.774017 0.911905 0.024443 0.039688
0.0 0.683248 0.739664 0.034919 0.056698
0.0 0.559036 0.906555 0.024626 0.053665
0.0 0.255254 0.036358 0.064498 0.072715
0.0 0.179640 0.135817 0.031503 0.063445
0.0 0.282880 0.959657 0.029632 0.036166
0.0 0.352225 0.976160 0.033988 0.031810
0.0 0.337580 0.835766 0.040001 0.051616
0.0 0.603094 0.857894 0.030679 0.040116
0.0 0.925031 0.833774 0.026185 0.053771
0.0 0.813453 0.211399 0.026323 0.044472
0.0 0.986563 0.290618 0.021188 0.048774
