0.0 0.508594 0.304688 0.053906 0.144531
0.0 0.603906 0.538281 0.035156 0.079687
0.0 0.560156 0.471875 0.068750 0.095312
0.0 0.331250 0.304688 0.050781 0.096875
0.0 0.660937 0.085938 0.042187 0.116406
0.0 0.300781 0.092969 0.028125 0.050781
0.0 0.521875 0.103906 0.033594 0.052344
0.0 0.253125 0.960156 0.060156 0.079687
0.0 0.306250 0.742969 0.021094 0.053125
3.0 0.411719 0.673437 0.154687 0.497656
0.0 0.463281 0.421094 0.054688 0.132031
0.0 0.704687 0.407031 0.039062 0.083594
0.0 0.727344 0.934375 0.103125 0.130469
0.0 0.646875 0.972656 0.028906 0.053906
0.0 0.567969 0.378906 0.078125 0.035937
0.0 0.613281 0.710938 0.028906 0.048437
0.0 0.450781 0.146094 0.028125 0.050000
0.0 0.558594 0.949219 0.025000 0.057031
