0.0 0.432031 0.376563 0.021875 0.133594
0.0 0.483594 0.382812 0.056250 0.114062
0.0 0.390625 0.498437 0.082812 0.082812
0.0 0.458594 0.578906 0.074219 0.099219
0.0 0.060156 0.200781 0.018750 0.032813
0.0 0.082813 0.207031 0.019531 0.032031
0.0 0.078906 0.137500 0.022656 0.043750
0.0 0.103125 0.109375 0.032031 0.060156
0.0 0.082813 0.094531 0.017188 0.045312
0.0 0.102344 0.311719 0.046094 0.083594
0.0 0.093750 0.675000 0.034375 0.087500
0.0 0.132031 0.651563 0.038281 0.060156
0.0 0.037500 0.930469 0.027344 0.082031
0.0 0.050781 0.849219 0.042969 0.039844
0.0 0.270312 0.850781 0.032031 0.054688
0.0 0.382812 0.809375 0.051562 0.078125
0.0 0.300781 0.582812 0.021094 0.039062
0.0 0.270312 0.208594 0.069531 0.060156
0.0 0.379687 0.169531 0.021094 0.025000
0.0 0.419531 0.150000 0.015625 0.029687
0.0 0.417969 0.106250 0.012500 0.021875
0.0 0.451562 0.133594 0.048437 0.064844
0.0 0.522656 0.313281 0.031250 0.070312
0.0 0.618750 0.297656 0.025781 0.051562
0.0 0.838281 0.192188 0.251562 0.384375
0.0 0.771094 0.239844 0.026562 0.046875
0.0 0.857031 0.479687 0.033594 0.065625
0.0 0.911719 0.417188 0.035156 0.056250
0.0 0.935938 0.260938 0.046094 0.092969
0.0 0.945312 0.684375 0.028125 0.047656
0.0 0.753906 0.395312 0.028906 0.043750
0.0 0.207031 0.556250 0.016406 0.032812
0.0 0.250000 0.546094 0.021094 0.048437
0.0 0.277344 0.462500 0.022656 0.052344
0.0 0.148438 0.546094 0.028906 0.027344
0.0 0.127344 0.515625 0.024219 0.035156
0.0 0.033594 0.311719 0.032031 0.039844
0.0 0.017969 0.563281 0.017188 0.035156
0.0 0.762500 0.935938 0.047656 0.109375
0.0 0.102344 0.953125 0.025000 0.032812
0.0 0.221875 0.789062 0.021875 0.033594
0.0 0.319531 0.495312 0.021875 0.030469
0.0 0.312500 0.285156 0.029688 0.042188
0.0 0.374219 0.068750 0.022656 0.025781
0.0 0.385156 0.012500 0.024219 0.025000
0.0 0.113281 0.189063 0.022656 0.032031
0.0 0.187500 0.140625 0.019531 0.030469
0.0 0.214062 0.128906 0.017969 0.039062
0.0 0.246875 0.128125 0.017969 0.030469
0.0 0.265625 0.096875 0.020312 0.033594
0.0 0.154687 0.025000 0.020312 0.029687
0.0 0.179688 0.014844 0.015625 0.028906
0.0 0.410937 0.040625 0.023438 0.053906
0.0 0.635938 0.842969 0.030469 0.046094
0.0 0.826563 0.825781 0.022656 0.055469
0.0 0.578906 0.795313 0.019531 0.035156
0.0 0.191406 0.685156 0.019531 0.028906
0.0 0.600781 0.039844 0.018750 0.039062
0.0 0.634375 0.169531 0.030469 0.053906
0.0 0.675000 0.047656 0.021094 0.043750
0.0 0.175000 0.959375 0.018750 0.029688
0.0 0.172656 0.343750 0.019531 0.031250
