0.0 0.373190 0.194354 0.089261 0.084793
0.0 0.647506 0.069735 0.029538 0.037198
0.0 0.734444 0.096073 0.101891 0.154230
0.0 0.322127 0.118284 0.026541 0.054625
0.0 0.278732 0.151866 0.023337 0.027166
0.0 0.168117 0.292857 0.095248 0.076100
0.0 0.148959 0.199437 0.026701 0.033722
0.0 0.392224 0.407479 0.050936 0.144762
0.0 0.270128 0.536960 0.025272 0.029740
0.0 0.215705 0.515362 0.043280 0.069449
0.0 0.262889 0.615082 0.033430 0.046834
0.0 0.196652 0.593920 0.027776 0.044371
0.0 0.270386 0.862678 0.041324 0.062387
0.0 0.403024 0.794801 0.072410 0.073687
0.0 0.457540 0.571467 0.106548 0.107187
0.0 0.615231 0.297981 0.039084 0.049296
0.0 0.497343 0.331629 0.045236 0.076512
0.0 0.461966 0.407433 0.067379 0.122909
0.0 0.873253 0.828466 0.054518 0.087070
0.0 0.715811 0.774563 0.043086 0.055214
0.0 0.796850 0.358843 0.034332 0.047735
0.0 0.823528 0.616630 0.073992 0.082928
0.0 0.257390 0.383789 0.015768 0.026618
0.0 0.233333 0.345105 0.041567 0.059439
0.0 0.302468 0.234991 0.018757 0.035353
0.0 0.259353 0.214628 0.015088 0.018280
0.0 0.326448 0.314904 0.018827 0.022657
0.0 0.616499 0.175702 0.030399 0.029122
0.0 0.563792 0.076135 0.036073 0.036073
0.0 0.515028 0.115392 0.020825 0.038696
0.0 0.246503 0.449853 0.014907 0.034694
0.0 0.220073 0.397309 0.020207 0.043823
0.0 0.311672 0.816775 0.034352 0.052224
0.0 0.291066 0.330470 0.014207 0.021866
0.0 0.279552 0.281713 0.014957 0.017510
0.0 0.262188 0.453510 0.016011 0.023670
0.0 0.132516 0.228407 0.016163 0.028929
0.0 0.456468 0.324357 0.016517 0.022262
0.0 0.356465 0.513467 0.115332 0.092992
0.0 0.385357 0.571138 0.018827 0.022657
0.0 0.784264 0.211194 0.019355 0.025737
3.0 0.733331 0.520308 0.209942 0.169731
