1.0 0.310855 0.585457 0.163542 0.209357
0.0 0.196890 0.921320 0.079430 0.104555
0.0 0.019203 0.663010 0.038406 0.092559
0.0 0.607277 0.824077 0.062146 0.116090
0.0 0.723964 0.881091 0.039016 0.046406
0.0 0.963353 0.881216 0.036184 0.051702
0.0 0.883031 0.683737 0.045837 0.072439
0.0 0.925157 0.700826 0.050683 0.075807
0.0 0.628235 0.501296 0.097289 0.089160
0.0 0.536036 0.587960 0.082136 0.082136
0.0 0.494123 0.300193 0.039436 0.098553
0.0 0.528107 0.382569 0.064115 0.109192
0.0 0.583336 0.373750 0.040999 0.113417
0.0 0.769047 0.205185 0.068423 0.087636
0.0 0.957659 0.115006 0.065344 0.088251
0.0 0.590079 0.097941 0.054666 0.077574
0.0 0.162696 0.188758 0.284213 0.377516
0.0 0.226169 0.218761 0.023948 0.055724
0.0 0.057778 0.207522 0.081864 0.165367
0.0 0.387081 0.267941 0.054746 0.064352
0.0 0.744485 0.477706 0.040332 0.056589
