0.0 0.478906 0.386719 0.137500 0.216406
0.0 0.403125 0.360938 0.056250 0.105469
0.0 0.186719 0.207813 0.094531 0.107031
0.0 0.286719 0.459375 0.048437 0.126563
0.0 0.413281 0.086719 0.062500 0.081250
0.0 0.812500 0.755469 0.054688 0.117969
0.0 0.671094 0.677344 0.073437 0.117188
0.0 0.715625 0.828125 0.052344 0.124219
0.0 0.578906 0.750000 0.045313 0.133594
0.0 0.656250 0.530469 0.040625 0.086719
0.0 0.519531 0.559375 0.107031 0.084375
0.0 0.141406 0.285156 0.049219 0.078125
0.0 0.032031 0.081250 0.032812 0.033594
