0.0 0.432031 0.378125 0.082031 0.042188
0.0 0.294531 0.407031 0.036719 0.082031
0.0 0.396094 0.537500 0.038281 0.062500
0.0 0.336719 0.081250 0.033594 0.113281
0.0 0.497656 0.298438 0.041406 0.134375
1.0 0.592187 0.669531 0.156250 0.490625
0.0 0.539844 0.424219 0.054688 0.130469
0.0 0.671875 0.294531 0.045313 0.089063
0.0 0.697656 0.092969 0.023438 0.050000
0.0 0.496875 0.181250 0.011719 0.022656
0.0 0.547656 0.146094 0.018750 0.035937
0.0 0.478125 0.106250 0.029688 0.046094
0.0 0.526563 0.057031 0.016406 0.026562
0.0 0.386719 0.710938 0.023438 0.042969
0.0 0.380469 0.163281 0.025000 0.056250
0.0 0.260156 0.278125 0.010937 0.028125
0.0 0.314844 0.289062 0.012500 0.026563
0.0 0.243750 0.344531 0.026562 0.032812
0.0 0.746094 0.954687 0.057813 0.089844
0.0 0.441406 0.950000 0.034375 0.050000
0.0 0.353906 0.977344 0.029688 0.045313
0.0 0.271875 0.933594 0.103125 0.132812
0.0 0.246094 0.801562 0.021094 0.041406
0.0 0.271875 0.082031 0.020313 0.024219
0.0 0.435938 0.470313 0.070312 0.067969
0.0 0.690625 0.738281 0.020312 0.048437
0.0 0.241406 0.691406 0.017969 0.054688
0.0 0.531250 0.324219 0.007031 0.022656
