0.0 0.437763 0.634998 0.032451 0.146521
0.0 0.491176 0.616680 0.072624 0.135757
0.0 0.863397 0.776274 0.273206 0.409967
0.0 0.385573 0.509806 0.097510 0.088184
0.0 0.452377 0.412849 0.095210 0.137538
1.0 0.687523 0.393524 0.187927 0.194384
0.0 0.282041 0.826738 0.079148 0.071256
0.0 0.269667 0.560481 0.030143 0.068166
0.0 0.283432 0.426954 0.031988 0.062120
0.0 0.016080 0.306190 0.023566 0.043654
0.0 0.058706 0.349850 0.040080 0.096039
0.0 0.097810 0.368709 0.049614 0.069701
0.0 0.108761 0.517528 0.023976 0.039042
0.0 0.128050 0.483876 0.032973 0.045169
0.0 0.182959 0.464656 0.021743 0.030352
0.0 0.232886 0.471691 0.025431 0.047671
0.0 0.097899 0.727625 0.057114 0.076485
0.0 0.028295 0.739383 0.025983 0.054680
0.0 0.641973 0.700397 0.037482 0.053265
0.0 0.540644 0.697416 0.034712 0.077040
0.0 0.404519 0.859399 0.022706 0.032750
0.0 0.477561 0.891256 0.057218 0.067979
0.0 0.445442 0.921217 0.017132 0.030762
0.0 0.083254 0.840062 0.022726 0.042813
0.0 0.115041 0.855580 0.023976 0.039042
0.0 0.201363 0.906765 0.022583 0.031192
0.0 0.229482 0.915519 0.019058 0.035558
0.0 0.264468 0.911977 0.022215 0.026519
0.0 0.287359 0.943870 0.018935 0.034001
0.0 0.086752 0.914235 0.024775 0.049167
0.0 0.116940 0.939283 0.036189 0.066321
0.0 0.093675 0.962277 0.021536 0.047364
0.0 0.322979 0.739657 0.030986 0.039595
0.0 0.808761 0.748373 0.029858 0.044924
0.0 0.975729 0.719880 0.048543 0.108417
0.0 0.778730 0.586169 0.034305 0.052240
0.0 0.879269 0.489686 0.042973 0.073822
0.0 0.955902 0.268916 0.037071 0.057876
0.0 0.939479 0.547632 0.050189 0.057363
0.0 0.816444 0.130231 0.032153 0.054393
0.0 0.739309 0.037590 0.064163 0.075181
0.0 0.615527 0.126482 0.035371 0.046133
0.0 0.356849 0.185279 0.060802 0.093803
0.0 0.227342 0.142985 0.034961 0.050744
0.0 0.560082 0.178658 0.021455 0.036521
0.0 0.187697 0.216641 0.026785 0.035394
0.0 0.009864 0.173685 0.019729 0.046152
0.0 0.043588 0.058731 0.029961 0.036418
0.0 0.309370 0.517383 0.023424 0.032033
0.0 0.158849 0.327847 0.023485 0.032811
0.0 0.404775 0.962040 0.022583 0.031192
0.0 0.651847 0.974689 0.031929 0.031929
0.0 0.720610 0.962214 0.028834 0.041747
0.0 0.192810 0.758541 0.021517 0.037300
0.0 0.445210 0.984491 0.026969 0.031017
0.0 0.668359 0.836244 0.035494 0.047690
0.0 0.074434 0.052380 0.022890 0.035087
0.0 0.119115 0.042588 0.021620 0.028794
0.0 0.091091 0.114544 0.023013 0.036644
