0.0 0.631218 0.924418 0.044481 0.113259
0.0 0.271573 0.893408 0.041559 0.050247
0.0 0.426572 0.850368 0.030096 0.041680
0.0 0.489936 0.895593 0.044234 0.044234
0.0 0.438301 0.938921 0.039392 0.041564
0.0 0.298606 0.975998 0.020252 0.023148
0.0 0.489234 0.695823 0.051872 0.140921
0.0 0.560673 0.627271 0.075069 0.052625
0.0 0.696259 0.614965 0.045150 0.111756
0.0 0.745826 0.678007 0.030760 0.051031
0.0 0.759205 0.721251 0.026818 0.028266
0.0 0.627207 0.296778 0.032982 0.060493
0.0 0.682806 0.032081 0.030931 0.042514
0.0 0.588969 0.052050 0.031534 0.061941
0.0 0.756134 0.080362 0.123516 0.134376
0.0 0.777677 0.207206 0.036667 0.035943
0.0 0.773387 0.322817 0.024747 0.053706
0.0 0.701507 0.276205 0.028367 0.050086
0.0 0.609750 0.465496 0.045008 0.055144
0.0 0.561076 0.533314 0.078337 0.087749
0.0 0.457616 0.567481 0.060952 0.126834
0.0 0.312838 0.687219 0.050444 0.098950
0.0 0.325331 0.246372 0.019066 0.061056
0.0 0.290331 0.031359 0.070102 0.062718
0.0 0.424273 0.066206 0.040760 0.093611
0.0 0.342298 0.349394 0.015018 0.025878
0.0 0.453100 0.675244 0.013293 0.023429
0.0 0.477603 0.826578 0.020026 0.030885
0.0 0.601013 0.842386 0.036607 0.046019
0.0 0.697181 0.933016 0.017743 0.031499
0.0 0.674149 0.959577 0.011011 0.024042
0.0 0.619652 0.701164 0.020136 0.032444
0.0 0.669813 0.722738 0.014571 0.030498
0.0 0.531319 0.831173 0.018799 0.035450
0.0 0.564733 0.868007 0.015797 0.025933
0.0 0.725258 0.736072 0.018633 0.033112
0.0 0.744980 0.403039 0.015908 0.027491
0.0 0.774199 0.521029 0.020745 0.041016
0.0 0.642446 0.766222 0.017914 0.022982
