0.0 0.559218 0.464177 0.075269 0.088609
0.0 0.454462 0.434229 0.060682 0.123680
0.0 0.316609 0.305814 0.054632 0.096136
0.0 0.613261 0.527958 0.046666 0.045925
0.0 0.627525 0.703244 0.026575 0.048809
0.0 0.644449 0.073482 0.051513 0.111546
0.0 0.277295 0.966910 0.059935 0.066179
3.0 0.417978 0.673856 0.175550 0.505362
0.0 0.491546 0.300173 0.048746 0.133978
0.0 0.563263 0.373236 0.073545 0.038711
0.0 0.435345 0.146544 0.021228 0.035310
0.0 0.450471 0.058176 0.022319 0.026025
0.0 0.501156 0.101786 0.029226 0.039602
0.0 0.280611 0.102675 0.028602 0.042684
0.0 0.751306 0.925450 0.106914 0.129890
0.0 0.669189 0.972590 0.026144 0.040226
0.0 0.582692 0.947984 0.023101 0.041630
0.0 0.320804 0.748347 0.024312 0.050252
0.0 0.701140 0.392919 0.039063 0.080568
0.0 0.602677 0.160839 0.022556 0.046273
0.0 0.485639 0.182352 0.011161 0.020796
0.0 0.729370 0.269476 0.013697 0.024814
0.0 0.744360 0.334432 0.012019 0.022395
0.0 0.310016 0.018284 0.014866 0.017090
0.0 0.703906 0.073630 0.013736 0.025595
