0.0 0.436672 0.396396 0.100193 0.154836
0.0 0.247036 0.264263 0.088330 0.161666
0.0 0.222058 0.120515 0.077002 0.115108
0.0 0.064608 0.822219 0.125897 0.126616
0.0 0.671124 0.587612 0.096956 0.132905
0.0 0.922231 0.816938 0.057770 0.136858
0.0 0.715625 0.895060 0.074307 0.130387
0.0 0.517574 0.210652 0.051774 0.069029
0.0 0.819592 0.776127 0.079764 0.201271
0.0 0.824792 0.983050 0.029783 0.033900
0.0 0.578839 0.748190 0.064658 0.095574
0.0 0.389442 0.612941 0.040091 0.098329
0.0 0.417749 0.194348 0.036917 0.117443
0.0 0.190524 0.387633 0.035356 0.066991
0.0 0.505628 0.579573 0.037393 0.063276
0.0 0.341930 0.548166 0.046742 0.094195
0.0 0.383606 0.020582 0.044762 0.041163
0.0 0.613905 0.516604 0.053931 0.076939
0.0 0.684958 0.703077 0.081794 0.086827
