0.0 0.299175 0.897185 0.043877 0.051320
0.0 0.305704 0.706566 0.079621 0.104659
0.0 0.456529 0.573241 0.093063 0.144493
0.0 0.628795 0.453734 0.064062 0.072183
0.0 0.581622 0.516420 0.104608 0.103254
0.0 0.747934 0.846550 0.061819 0.114602
0.0 0.600571 0.597492 0.106458 0.057735
0.0 0.769690 0.558710 0.059754 0.098326
0.0 0.615711 0.294741 0.047972 0.065566
0.0 0.413437 0.221178 0.159150 0.262686
0.0 0.146592 0.129031 0.082635 0.110380
0.0 0.667428 0.088773 0.264636 0.177546
0.0 0.577587 0.850837 0.056596 0.067423
0.0 0.479383 0.827858 0.044738 0.046092
0.0 0.780643 0.191915 0.043200 0.051997
0.0 0.629787 0.045677 0.040100 0.051604
0.0 0.515174 0.898919 0.042708 0.048122
0.0 0.688301 0.773789 0.041158 0.047925
0.0 0.816669 0.916581 0.030099 0.038897
0.0 0.236659 0.311332 0.055254 0.074878
