0.0 0.140625 0.193750 0.281250 0.377344
0.0 0.518750 0.378125 0.064844 0.131250
0.0 0.540625 0.589063 0.086719 0.132812
0.0 0.614062 0.497656 0.090625 0.088281
3.0 0.307031 0.591406 0.178906 0.185156
0.0 0.573438 0.375000 0.026563 0.138281
0.0 0.623437 0.150000 0.023438 0.034375
0.0 0.584375 0.129688 0.014063 0.026563
0.0 0.586719 0.084375 0.014063 0.025781
0.0 0.553125 0.109375 0.050781 0.061719
0.0 0.476562 0.300000 0.032812 0.071875
0.0 0.375000 0.282031 0.032812 0.056250
0.0 0.211719 0.221875 0.029688 0.050000
0.0 0.039062 0.238281 0.046875 0.100781
0.0 0.230469 0.385938 0.032031 0.042188
0.0 0.123438 0.478906 0.035938 0.072656
0.0 0.745313 0.192188 0.078906 0.061719
0.0 0.831250 0.120312 0.022656 0.041406
0.0 0.801563 0.102344 0.025781 0.045312
0.0 0.766406 0.107031 0.015625 0.025781
0.0 0.746875 0.067188 0.026563 0.033594
0.0 0.735156 0.456250 0.024219 0.066406
0.0 0.709375 0.585156 0.025781 0.051563
0.0 0.871094 0.549219 0.037500 0.039062
0.0 0.894531 0.508594 0.031250 0.039844
0.0 0.967969 0.736719 0.021094 0.040625
0.0 0.932812 0.685938 0.038281 0.085938
0.0 0.889844 0.660156 0.044531 0.070312
0.0 0.810156 0.563281 0.021875 0.027344
0.0 0.761719 0.550000 0.023438 0.043750
0.0 0.696875 0.273438 0.029688 0.042188
0.0 0.942969 0.189844 0.021094 0.046094
0.0 0.945312 0.117187 0.027344 0.047656
0.0 0.917187 0.087500 0.030469 0.064062
0.0 0.989063 0.294531 0.021875 0.060156
0.0 0.917969 0.296875 0.047656 0.080469
0.0 0.908594 0.178125 0.025781 0.038281
0.0 0.629687 0.042969 0.020312 0.033594
0.0 0.825000 0.268750 0.024219 0.036719
0.0 0.826562 0.698438 0.021094 0.032031
0.0 0.790625 0.805469 0.021875 0.034375
0.0 0.989063 0.953125 0.021875 0.088281
0.0 0.917969 0.974219 0.029687 0.035156
0.0 0.975000 0.864844 0.039844 0.039062
0.0 0.742188 0.871875 0.031250 0.057031
0.0 0.620313 0.827344 0.053125 0.082813
0.0 0.222656 0.953906 0.053906 0.082813
0.0 0.026563 0.692187 0.030469 0.046094
0.0 0.062500 0.411719 0.041406 0.060938
0.0 0.151563 0.837500 0.025000 0.056250
0.0 0.357031 0.860156 0.034375 0.053125
0.0 0.689844 0.494531 0.022656 0.028125
0.0 0.385938 0.014062 0.035156 0.028125
0.0 0.317969 0.021875 0.027344 0.039063
0.0 0.593750 0.017188 0.025000 0.034375
0.0 0.891406 0.978125 0.026562 0.035156
0.0 0.878125 0.916406 0.024219 0.034375
0.0 0.943750 0.068750 0.025000 0.042187
0.0 0.842969 0.985937 0.021094 0.027344
