0.0 0.361261 0.656664 0.103479 0.245538
0.0 0.510164 0.709899 0.042583 0.096700
0.0 0.431965 0.626462 0.034194 0.080795
0.0 0.469320 0.505112 0.049842 0.103208
0.0 0.566149 0.403176 0.064015 0.127904
0.0 0.769365 0.551467 0.046574 0.099188
0.0 0.723387 0.421541 0.058430 0.103527
0.0 0.802801 0.220451 0.053135 0.086958
0.0 0.712626 0.164712 0.040482 0.144959
0.0 0.754951 0.056838 0.062620 0.090430
0.0 0.956839 0.298266 0.086323 0.131380
0.0 0.940690 0.401490 0.043791 0.066340
0.0 0.868601 0.279972 0.069368 0.146035
0.0 0.964629 0.059514 0.070741 0.086734
0.0 0.256208 0.391633 0.056403 0.090978
0.0 0.172522 0.413533 0.058629 0.087942
0.0 0.078082 0.850165 0.061125 0.134033
0.0 0.333293 0.966775 0.080858 0.056806
0.0 0.221447 0.695237 0.041939 0.058475
0.0 0.333049 0.469547 0.037832 0.052864
0.0 0.643778 0.166057 0.048450 0.086784
0.0 0.805808 0.643512 0.060240 0.047462
0.0 0.623967 0.467091 0.052155 0.102514
