3.0 0.447656 0.214844 0.149219 0.247656
0.0 0.194531 0.096875 0.091406 0.095313
0.0 0.720312 0.109375 0.257031 0.217969
0.0 0.690625 0.072656 0.037500 0.039062
0.0 0.639063 0.313281 0.042187 0.060938
0.0 0.635156 0.464063 0.057031 0.033594
0.0 0.588281 0.613281 0.100781 0.046094
0.0 0.576563 0.529688 0.077344 0.068750
0.0 0.449219 0.550781 0.064844 0.096875
0.0 0.278125 0.662500 0.051562 0.088281
0.0 0.250000 0.868750 0.045313 0.042187
0.0 0.499219 0.687500 0.056250 0.134375
0.0 0.760156 0.586719 0.035156 0.080469
0.0 0.695312 0.873438 0.065625 0.103125
0.0 0.518750 0.870313 0.046094 0.039844
