1.0 0.701863 0.574603 0.174976 0.183420
0.0 0.455011 0.571106 0.092777 0.126552
0.0 0.482516 0.381711 0.059997 0.127545
0.0 0.425764 0.365100 0.025898 0.142572
0.0 0.379128 0.486185 0.095469 0.101610
0.0 0.521405 0.301904 0.053784 0.084488
0.0 0.967571 0.707352 0.036717 0.045928
0.0 0.770191 0.957765 0.065583 0.084469
0.0 0.372484 0.824402 0.059225 0.083021
0.0 0.249007 0.870706 0.032906 0.051329
0.0 0.635912 0.863347 0.030495 0.047382
0.0 0.285907 0.590054 0.028098 0.044217
0.0 0.260842 0.458349 0.032382 0.066157
0.0 0.019288 0.861204 0.038575 0.044502
0.0 0.108099 0.660421 0.046565 0.073431
0.0 0.064771 0.680767 0.037570 0.095140
0.0 0.259264 0.188750 0.076853 0.063804
0.0 0.629485 0.287368 0.029917 0.059086
0.0 0.857503 0.205369 0.267789 0.402118
0.0 0.789838 0.232326 0.025849 0.049645
0.0 0.935785 0.422384 0.039277 0.058467
0.0 0.962171 0.252503 0.043941 0.102278
0.0 0.875255 0.488532 0.041097 0.073336
0.0 0.452076 0.109267 0.054268 0.067317
0.0 0.088380 0.084992 0.033069 0.060702
0.0 0.059843 0.063401 0.017175 0.044809
0.0 0.059758 0.113407 0.023411 0.044136
0.0 0.125725 0.545084 0.033349 0.031814
0.0 0.105162 0.514254 0.020783 0.027692
0.0 0.235043 0.549322 0.019289 0.031570
0.0 0.069917 0.969962 0.022481 0.035530
0.0 0.258951 0.071540 0.019140 0.022978
0.0 0.203689 0.104181 0.017108 0.040903
0.0 0.080805 0.296612 0.057126 0.097041
0.0 0.012847 0.295434 0.019478 0.042506
0.0 0.305491 0.271595 0.029606 0.041120
0.0 0.381030 0.151011 0.015261 0.024472
0.0 0.415249 0.025023 0.018264 0.017496
0.0 0.690221 0.029007 0.019370 0.036257
0.0 0.615300 0.023802 0.020837 0.030816
0.0 0.201660 0.807376 0.015302 0.026816
0.0 0.009702 0.950091 0.019404 0.083260
0.0 0.172255 0.114575 0.023289 0.037106
0.0 0.095442 0.173409 0.018697 0.042492
0.0 0.061569 0.189231 0.017902 0.041698
0.0 0.102439 0.400908 0.016945 0.031530
0.0 0.027151 0.732466 0.023303 0.037887
0.0 0.375073 0.043860 0.025551 0.032460
