0.0 0.427344 0.368750 0.024219 0.145312
0.0 0.481250 0.381250 0.064062 0.130469
0.0 0.458594 0.588281 0.085156 0.139063
0.0 0.384375 0.499219 0.089844 0.084375
0.0 0.374219 0.146094 0.018750 0.032813
0.0 0.443750 0.111719 0.055469 0.062500
3.0 0.689844 0.589063 0.175000 0.184375
0.0 0.854688 0.190625 0.265625 0.381250
0.0 0.785937 0.225781 0.025781 0.048438
0.0 0.960938 0.242188 0.051563 0.114062
0.0 0.625000 0.289844 0.027344 0.051562
0.0 0.522656 0.297656 0.036719 0.085938
0.0 0.250000 0.192969 0.064062 0.065625
0.0 0.069531 0.688281 0.035938 0.088281
0.0 0.108594 0.662500 0.041406 0.064844
0.0 0.285937 0.586719 0.021875 0.043750
0.0 0.234375 0.550000 0.017969 0.035156
0.0 0.265625 0.461719 0.021875 0.057813
0.0 0.053125 0.117188 0.021875 0.039062
0.0 0.009375 0.303906 0.015625 0.032812
0.0 0.104687 0.516406 0.017188 0.036719
0.0 0.128125 0.550781 0.027344 0.032031
0.0 0.078906 0.088281 0.030469 0.060156
0.0 0.378906 0.828906 0.059375 0.082813
0.0 0.256250 0.874219 0.029688 0.057812
0.0 0.012500 0.957812 0.024219 0.081250
0.0 0.024219 0.864844 0.044531 0.043750
0.0 0.775000 0.953125 0.050000 0.090625
0.0 0.971875 0.694531 0.032812 0.050781
0.0 0.876562 0.480469 0.036719 0.075781
0.0 0.078906 0.298438 0.049219 0.082031
0.0 0.080469 0.977344 0.025000 0.028906
0.0 0.643750 0.860937 0.030469 0.044531
0.0 0.089844 0.175781 0.021875 0.031250
0.0 0.301562 0.274219 0.032031 0.043750
0.0 0.196094 0.107031 0.021094 0.042187
0.0 0.235156 0.105469 0.016406 0.025000
0.0 0.250781 0.075000 0.020312 0.028125
0.0 0.844531 0.836719 0.024219 0.057812
0.0 0.607813 0.021875 0.020313 0.035156
0.0 0.682031 0.024219 0.021875 0.031250
