3.0 0.308594 0.435937 0.161719 0.172656
0.0 0.224219 0.046875 0.049219 0.092969
0.0 0.028125 0.309375 0.035156 0.053906
0.0 0.920313 0.910156 0.022656 0.097656
0.0 0.942969 0.904688 0.028125 0.098438
0.0 0.861719 0.988281 0.027344 0.023438
0.0 0.595313 0.976562 0.026563 0.046875
0.0 0.632812 0.954687 0.016406 0.027344
0.0 0.316406 0.981250 0.023438 0.037500
0.0 0.383594 0.982031 0.035938 0.035938
0.0 0.429688 0.950000 0.014844 0.034375
0.0 0.992188 0.053906 0.015625 0.098438
0.0 0.978125 0.132031 0.043750 0.042188
0.0 0.891406 0.347656 0.036719 0.082812
0.0 0.932031 0.320312 0.030469 0.108594
0.0 0.744531 0.126563 0.035156 0.060937
0.0 0.619531 0.181250 0.058594 0.095313
0.0 0.621875 0.507812 0.076563 0.074219
0.0 0.542188 0.428125 0.080469 0.092969
0.0 0.515625 0.616406 0.046094 0.125781
0.0 0.572656 0.632812 0.018750 0.137500
0.0 0.697656 0.606250 0.026563 0.044531
0.0 0.738281 0.542969 0.026563 0.060938
0.0 0.478906 0.703125 0.026562 0.076563
0.0 0.564063 0.894531 0.068750 0.078125
0.0 0.149219 0.804688 0.250781 0.390625
0.0 0.043750 0.760156 0.043750 0.121875
0.0 0.210156 0.775781 0.033594 0.057812
0.0 0.372656 0.712500 0.029688 0.053906
0.0 0.230469 0.612500 0.025000 0.051563
0.0 0.122656 0.521094 0.030469 0.071875
0.0 0.064844 0.587500 0.032812 0.060156
0.0 0.712500 0.410937 0.022656 0.043750
0.0 0.764844 0.453906 0.019531 0.045313
0.0 0.815625 0.457031 0.013281 0.056250
0.0 0.871094 0.447656 0.031250 0.035937
0.0 0.890625 0.480469 0.027344 0.041406
0.0 0.924219 0.705469 0.053125 0.095312
0.0 0.988281 0.695312 0.023438 0.050000
0.0 0.746094 0.808594 0.065625 0.067188
0.0 0.703125 0.736719 0.032031 0.059375
0.0 0.694531 0.505469 0.021094 0.047656
0.0 0.629687 0.848437 0.021094 0.035938
0.0 0.747656 0.922656 0.020312 0.036719
0.0 0.805469 0.896094 0.018750 0.047656
0.0 0.832813 0.884375 0.017188 0.036719
0.0 0.910156 0.826563 0.015625 0.032031
0.0 0.944531 0.806250 0.011719 0.037500
0.0 0.961719 0.813281 0.017187 0.039062
0.0 0.359375 0.139844 0.035156 0.050781
0.0 0.154688 0.159375 0.019531 0.053125
0.0 0.889844 0.021875 0.012500 0.039844
0.0 0.923437 0.025781 0.024219 0.035156
0.0 0.844531 0.032031 0.030469 0.064062
0.0 0.796094 0.202344 0.021094 0.046094
0.0 0.360937 0.852344 0.027344 0.043750
0.0 0.827344 0.308594 0.012500 0.045313
0.0 0.888281 0.230469 0.014844 0.022656
0.0 0.969531 0.264062 0.008594 0.052344
0.0 0.246875 0.300781 0.050000 0.075781
0.0 0.989844 0.288281 0.020312 0.035937
