0.0 0.267969 0.209375 0.066406 0.069531
0.0 0.441406 0.130469 0.071875 0.071875
0.0 0.749219 0.093750 0.073438 0.182813
0.0 0.770313 0.240625 0.021875 0.032812
0.0 0.620313 0.301562 0.038281 0.053125
0.0 0.607812 0.046094 0.025000 0.035937
0.0 0.672656 0.048437 0.018750 0.025781
0.0 0.412500 0.045313 0.014063 0.046875
0.0 0.384375 0.019531 0.021094 0.029688
0.0 0.328906 0.150781 0.010156 0.019531
0.0 0.267187 0.096094 0.010937 0.021875
0.0 0.521094 0.317187 0.028906 0.071875
0.0 0.483594 0.388281 0.040625 0.125000
0.0 0.428906 0.375781 0.025781 0.146875
0.0 0.386719 0.496094 0.070312 0.071875
0.0 0.316406 0.494531 0.019531 0.032031
0.0 0.275781 0.466406 0.026562 0.061719
0.0 0.457812 0.570312 0.067969 0.089844
0.0 0.386719 0.808594 0.047656 0.082031
0.0 0.267969 0.859375 0.021094 0.054688
0.0 0.228125 0.797656 0.014844 0.035156
0.0 0.759375 0.935938 0.045313 0.096875
0.0 0.634375 0.839063 0.023438 0.048437
0.0 0.577344 0.800781 0.015625 0.033594
0.0 0.632812 0.173438 0.024219 0.042969
0.0 0.383594 0.166406 0.014844 0.035156
0.0 0.376562 0.071094 0.010156 0.021094
0.0 0.301562 0.579687 0.021875 0.038281
0.0 0.249219 0.550781 0.013281 0.032812
0.0 0.739844 0.691406 0.050000 0.054688
0.0 0.314062 0.285937 0.021875 0.046875
0.0 0.251562 0.129688 0.014844 0.021094
0.0 0.349219 0.135937 0.014844 0.018750
0.0 0.757031 0.393750 0.031250 0.042188
0.0 0.314062 0.406250 0.021094 0.025000
0.0 0.391406 0.264062 0.015625 0.021875
0.0 0.356250 0.218750 0.013281 0.021094
0.0 0.499219 0.017969 0.025781 0.035156
0.0 0.296094 0.337500 0.010937 0.032031
