0.0 0.463526 0.419804 0.065296 0.152009
0.0 0.599363 0.728109 0.039861 0.057926
0.0 0.606315 0.546103 0.041193 0.054923
0.0 0.568382 0.475201 0.072117 0.085847
0.0 0.333400 0.270141 0.051714 0.103742
0.0 0.318743 0.051317 0.031403 0.058862
0.0 0.722202 0.406475 0.041515 0.091375
0.0 0.701442 0.077544 0.049899 0.121437
0.0 0.650420 0.154519 0.029235 0.061030
0.0 0.552986 0.083212 0.033162 0.040388
0.0 0.477295 0.122363 0.023868 0.040488
0.0 0.504401 0.029552 0.026136 0.029026
0.0 0.277798 0.733737 0.027677 0.060917
0.0 0.210186 0.952853 0.057669 0.057669
0.0 0.710318 0.289682 0.015849 0.036805
0.0 0.768183 0.075342 0.018570 0.031577
0.0 0.526571 0.155708 0.014813 0.054557
0.0 0.518013 0.284332 0.059132 0.163188
0.0 0.581746 0.377474 0.084728 0.067385
0.0 0.697211 0.956776 0.107647 0.086448
0.0 0.524699 0.978345 0.033558 0.043310
0.0 0.311704 0.633587 0.021926 0.045772
0.0 0.780820 0.354334 0.028782 0.054796
0.0 0.741782 0.837933 0.024377 0.047501
0.0 0.676464 0.766608 0.030907 0.062701
1.0 0.431422 0.829492 0.119753 0.314857
0.0 0.354534 0.939054 0.042024 0.098388
