0.0 0.503906 0.342969 0.034375 0.135156
0.0 0.692187 0.150000 0.035156 0.077344
0.0 0.264844 0.156250 0.046875 0.057031
0.0 0.290625 0.339063 0.047656 0.088281
0.0 0.439844 0.202344 0.020312 0.038281
0.0 0.525000 0.164062 0.042187 0.040625
0.0 0.616406 0.535937 0.050000 0.057031
0.0 0.572656 0.478125 0.070312 0.057031
0.0 0.575781 0.396875 0.100781 0.028125
0.0 0.746094 0.432813 0.041406 0.092188
0.0 0.628125 0.681250 0.032812 0.051563
0.0 0.717969 0.887500 0.235937 0.225000
0.0 0.214062 0.889063 0.071094 0.134375
0.0 0.675781 0.887500 0.036719 0.060938
