3.0 0.442564 0.658938 0.217500 0.477487
0.0 0.587670 0.055692 0.067662 0.111384
0.0 0.236354 0.133989 0.063738 0.070747
0.0 0.478751 0.303092 0.075625 0.152728
0.0 0.455670 0.100158 0.027341 0.050281
0.0 0.694873 0.365736 0.062192 0.135473
0.0 0.619357 0.530168 0.061082 0.077013
0.0 0.556046 0.461802 0.097131 0.125806
0.0 0.645947 0.670662 0.046613 0.079748
0.0 0.801662 0.865801 0.145471 0.193900
0.0 0.735578 0.946953 0.037430 0.043802
0.0 0.339744 0.976422 0.077674 0.047156
0.0 0.292780 0.328006 0.070874 0.129499
