0.0 0.283213 0.085209 0.069872 0.133490
0.0 0.215308 0.089507 0.017787 0.050288
0.0 0.405862 0.164508 0.022606 0.059256
0.0 0.435831 0.086561 0.041351 0.048266
0.0 0.478183 0.035550 0.034340 0.061309
0.0 0.460235 0.151476 0.025883 0.061149
0.0 0.508597 0.119455 0.031074 0.052511
0.0 0.662184 0.050753 0.036585 0.060788
0.0 0.475214 0.288158 0.070181 0.157309
0.0 0.535064 0.418351 0.074511 0.147809
0.0 0.411840 0.376839 0.094160 0.054053
0.0 0.393967 0.557989 0.052362 0.071724
0.0 0.432212 0.483851 0.089170 0.099543
0.0 0.271924 0.419679 0.059074 0.139979
0.0 0.402584 0.737022 0.042553 0.052234
0.0 0.657544 0.266606 0.071638 0.107596
0.0 0.336756 0.165008 0.038542 0.078649
0.0 0.209286 0.364455 0.025298 0.048809
0.0 0.224137 0.299168 0.033851 0.042841
0.0 0.279180 0.299423 0.015649 0.037777
0.0 0.251253 0.740245 0.029819 0.083064
0.0 0.310103 0.947437 0.113628 0.105126
0.0 0.270923 0.855193 0.035021 0.067522
0.0 0.807170 0.936323 0.059096 0.070160
0.0 0.489881 0.974237 0.030734 0.049404
0.0 0.658861 0.938429 0.060691 0.098724
0.0 0.729745 0.731822 0.025106 0.061064
1.0 0.577042 0.844439 0.128808 0.307214
0.0 0.256744 0.245295 0.025319 0.035000
0.0 0.260170 0.204838 0.021096 0.031468
0.0 0.307723 0.251498 0.021362 0.026894
0.0 0.336191 0.310466 0.020394 0.039064
0.0 0.364075 0.127433 0.025670 0.031202
0.0 0.331530 0.769958 0.039787 0.055000
0.0 0.262774 0.651745 0.019191 0.035096
