0.0 0.427426 0.529394 0.078037 0.085469
0.0 0.488703 0.671532 0.055480 0.118653
0.0 0.699476 0.680005 0.054291 0.077331
0.0 0.546339 0.561649 0.066220 0.115271
0.0 0.377297 0.465218 0.049646 0.061537
0.0 0.304872 0.088316 0.245035 0.176631
0.0 0.346863 0.085997 0.029097 0.038758
0.0 0.377297 0.317394 0.027722 0.042586
0.0 0.736786 0.307139 0.028390 0.040282
0.0 0.812816 0.123047 0.069081 0.077256
0.0 0.740056 0.024943 0.033333 0.029617
0.0 0.450354 0.113607 0.029320 0.043440
0.0 0.413156 0.599106 0.093793 0.040282
0.0 0.236496 0.859748 0.016165 0.028799
0.0 0.289895 0.838827 0.044667 0.104123
0.0 0.458454 0.830429 0.037123 0.043812
0.0 0.543663 0.798509 0.024526 0.040876
0.0 0.514938 0.876136 0.026272 0.028502
0.0 0.677923 0.919094 0.018654 0.032032
0.0 0.720100 0.854621 0.032218 0.038907
0.0 0.171057 0.657188 0.021070 0.033704
0.0 0.207214 0.669859 0.016722 0.024154
0.0 0.179938 0.618504 0.015979 0.024897
0.0 0.194988 0.614528 0.015830 0.021776
0.0 0.231851 0.612372 0.019844 0.024303
0.0 0.252958 0.563321 0.044072 0.075287
0.0 0.247496 0.710884 0.016016 0.025678
0.0 0.272951 0.669079 0.016834 0.026495
0.0 0.213383 0.228247 0.021070 0.033704
0.0 0.292534 0.290676 0.029320 0.043440
0.0 0.207586 0.333559 0.016834 0.026495
0.0 0.347011 0.772719 0.027907 0.046488
0.0 0.484838 0.769115 0.019286 0.028948
0.0 0.239766 0.955325 0.022556 0.032218
0.0 0.216615 0.833773 0.017205 0.034299
0.0 0.233077 0.915117 0.023783 0.025269
0.0 0.154260 0.960638 0.017911 0.032775
0.0 0.703899 0.390043 0.018320 0.025009
0.0 0.519880 0.936596 0.017800 0.030434
0.0 0.602079 0.967885 0.017726 0.028874
0.0 0.196252 0.308773 0.014307 0.022482
0.0 0.333670 0.954321 0.015161 0.024080
