0.0 0.150000 0.805469 0.275000 0.389062
0.0 0.557813 0.893750 0.064844 0.059375
0.0 0.702344 0.735156 0.027344 0.059375
0.0 0.746875 0.812500 0.077344 0.082812
0.0 0.826563 0.307031 0.017187 0.019531
0.0 0.892969 0.338281 0.049219 0.079687
0.0 0.928906 0.314062 0.027344 0.100000
0.0 0.980469 0.134375 0.039062 0.049219
0.0 0.621875 0.179688 0.067188 0.075781
0.0 0.747656 0.123438 0.046875 0.053125
0.0 0.224219 0.052344 0.064062 0.104687
0.0 0.545313 0.424219 0.085938 0.113281
0.0 0.518750 0.616406 0.054688 0.136719
0.0 0.482031 0.705469 0.046094 0.103125
0.0 0.573438 0.633594 0.028906 0.163281
0.0 0.378906 0.720313 0.038281 0.052344
0.0 0.124219 0.517969 0.047656 0.085937
0.0 0.300781 0.426562 0.162500 0.181250
0.0 0.696094 0.503906 0.025000 0.033594
0.0 0.738281 0.557031 0.032812 0.059375
0.0 0.920313 0.699219 0.067188 0.107031
0.0 0.215625 0.774219 0.032031 0.062500
0.0 0.041406 0.748437 0.061719 0.134375
0.0 0.035156 0.307813 0.046094 0.054688
0.0 0.155469 0.157031 0.022656 0.054688
0.0 0.712500 0.409375 0.025781 0.046094
0.0 0.750000 0.927344 0.015625 0.028125
0.0 0.804688 0.894531 0.025781 0.053125
0.0 0.992188 0.696875 0.015625 0.040625
0.0 0.321094 0.981250 0.021094 0.037500
0.0 0.919531 0.024219 0.032031 0.029688
0.0 0.766406 0.446875 0.022656 0.047656
0.0 0.989844 0.044531 0.020313 0.089062
0.0 0.357812 0.139844 0.040625 0.052344
0.0 0.619531 0.503906 0.085938 0.082031
0.0 0.909375 0.823437 0.019531 0.042188
0.0 0.955469 0.811719 0.050000 0.047656
0.0 0.064844 0.586719 0.046094 0.067969
0.0 0.595312 0.980469 0.021875 0.039062
0.0 0.624219 0.851562 0.018750 0.026563
0.0 0.630469 0.953125 0.009375 0.021094
0.0 0.832812 0.883594 0.016406 0.030469
0.0 0.917188 0.908594 0.032812 0.059375
0.0 0.946875 0.886719 0.020313 0.054688
0.0 0.946094 0.934375 0.019531 0.032031
0.0 0.867188 0.452344 0.035938 0.035938
0.0 0.892187 0.486719 0.028125 0.034375
0.0 0.791406 0.191406 0.016406 0.025781
0.0 0.392969 0.982812 0.018750 0.030469
0.0 0.428906 0.951563 0.017187 0.028125
