0.0 0.443212 0.459879 0.083986 0.096250
0.0 0.524336 0.306869 0.072335 0.149148
0.0 0.552046 0.438030 0.080727 0.140756
0.0 0.451219 0.366989 0.080322 0.046112
0.0 0.702045 0.328693 0.058773 0.098148
0.0 0.760400 0.130813 0.033376 0.048223
0.0 0.605603 0.157840 0.029538 0.043094
0.0 0.542862 0.105668 0.035205 0.041014
0.0 0.598457 0.065648 0.024176 0.033213
0.0 0.404660 0.069699 0.051711 0.128524
0.0 0.311272 0.380604 0.047887 0.086616
0.0 0.305019 0.321803 0.015334 0.025017
0.0 0.329443 0.327364 0.019476 0.018185
0.0 0.350269 0.262684 0.019675 0.033230
0.0 0.391542 0.519536 0.044657 0.057566
0.0 0.356467 0.691129 0.031960 0.048742
0.0 0.643426 0.664259 0.019316 0.026416
0.0 0.650875 0.769165 0.032337 0.051056
0.0 0.671081 0.971152 0.071128 0.057697
0.0 0.369174 0.933829 0.032462 0.051827
0.0 0.279959 0.947000 0.032354 0.046555
0.0 0.200397 0.896046 0.125879 0.136852
0.0 0.182585 0.767289 0.012268 0.020013
0.0 0.201576 0.762467 0.023405 0.033087
0.0 0.208006 0.659821 0.014455 0.019619
0.0 0.218965 0.636277 0.022651 0.028460
0.0 0.741454 0.043031 0.015872 0.019099
0.0 0.452583 0.178823 0.017522 0.024622
0.0 0.499584 0.176981 0.016500 0.022955
0.0 0.551086 0.176663 0.018258 0.033750
0.0 0.436679 0.150112 0.025809 0.043237
0.0 0.423393 0.134491 0.013558 0.018722
0.0 0.385959 0.223379 0.015334 0.025017
0.0 0.341790 0.052334 0.018025 0.027707
0.0 0.367131 0.027966 0.013541 0.023223
0.0 0.262508 0.252346 0.022525 0.027689
0.0 0.297406 0.242199 0.015209 0.024246
0.0 0.263580 0.299221 0.013290 0.021681
0.0 0.275809 0.306754 0.014581 0.020390
0.0 0.340161 0.203254 0.015729 0.022829
0.0 0.355443 0.167749 0.012536 0.017055
0.0 0.399797 0.284208 0.017253 0.027581
0.0 0.278423 0.703745 0.027871 0.042071
0.0 0.246623 0.578250 0.015603 0.022058
0.0 0.237509 0.439828 0.013684 0.019493
0.0 0.389037 0.466885 0.016106 0.025142
0.0 0.470628 0.126355 0.016123 0.020641
0.0 0.496412 0.152718 0.015872 0.019099
