0.0 0.868761 0.143141 0.072124 0.089348
0.0 0.684724 0.901856 0.039208 0.045587
0.0 0.462937 0.896314 0.028493 0.031044
0.0 0.504129 0.822528 0.026360 0.040394
0.0 0.394631 0.592107 0.108553 0.066450
0.0 0.232686 0.833833 0.062293 0.123535
0.0 0.172645 0.846522 0.023873 0.030252
0.0 0.165182 0.903899 0.030055 0.035797
0.0 0.154541 0.818052 0.016591 0.035729
0.0 0.227124 0.542766 0.067748 0.111765
0.0 0.296340 0.763108 0.045919 0.054212
0.0 0.446623 0.788092 0.026360 0.040394
0.0 0.409503 0.842760 0.049131 0.055510
0.0 0.461457 0.965021 0.019253 0.029460
0.0 0.533192 0.569899 0.086891 0.144943
0.0 0.416463 0.511037 0.102000 0.089241
0.0 0.376318 0.444702 0.058767 0.059405
0.0 0.683685 0.713817 0.072916 0.093968
0.0 0.354155 0.076832 0.265161 0.153664
0.0 0.393735 0.047396 0.039363 0.050845
0.0 0.493437 0.094618 0.039759 0.053155
0.0 0.228983 0.176084 0.033048 0.044531
0.0 0.208096 0.274755 0.028847 0.050536
0.0 0.302744 0.249770 0.034501 0.053001
0.0 0.392194 0.292064 0.042178 0.049834
0.0 0.697817 0.141564 0.054172 0.089258
3.0 0.594825 0.219810 0.147555 0.250262
0.0 0.773878 0.326617 0.034369 0.052231
0.0 0.220234 0.342627 0.026447 0.032188
0.0 0.157445 0.583923 0.038702 0.046995
0.0 0.167559 0.645107 0.022861 0.033068
0.0 0.235519 0.641703 0.028229 0.029504
0.0 0.626659 0.958480 0.024688 0.039360
0.0 0.548114 0.992106 0.024269 0.015787
0.0 0.163089 0.939209 0.025632 0.023080
0.0 0.261276 0.953673 0.020264 0.026644
0.0 0.512724 0.661507 0.020506 0.023696
0.0 0.301785 0.643557 0.022597 0.031528
0.0 0.263302 0.687687 0.016546 0.026753
0.0 0.382867 0.771608 0.022400 0.043452
0.0 0.333671 0.799632 0.015864 0.018415
