0.0 0.564844 0.535937 0.071875 0.089844
0.0 0.508594 0.718750 0.052344 0.157812
0.0 0.311719 0.710938 0.053125 0.099219
0.0 0.611719 0.464063 0.048437 0.062500
0.0 0.570312 0.639844 0.085938 0.065625
0.0 0.736719 0.050000 0.084375 0.100000
0.0 0.617969 0.275781 0.021875 0.046094
0.0 0.658594 0.007813 0.017969 0.014844
1.0 0.458594 0.155469 0.091406 0.273438
0.0 0.243750 0.025781 0.046094 0.049219
0.0 0.767188 0.308594 0.011719 0.028906
0.0 0.452344 0.575781 0.068750 0.136719
0.0 0.286719 0.929688 0.028125 0.046094
0.0 0.447656 0.879687 0.028125 0.042187
0.0 0.468750 0.967188 0.021875 0.035938
0.0 0.521094 0.916406 0.032031 0.052344
0.0 0.671875 0.935156 0.036719 0.129688
0.0 0.694531 0.723437 0.014844 0.029688
0.0 0.753906 0.733594 0.013281 0.029688
0.0 0.625781 0.853125 0.025000 0.046875
0.0 0.500000 0.846094 0.016406 0.037500
0.0 0.716406 0.598437 0.032812 0.087500
0.0 0.775781 0.667969 0.010156 0.032812
0.0 0.764062 0.662500 0.015625 0.026562
0.0 0.732031 0.653906 0.017969 0.021875
0.0 0.706250 0.649219 0.017187 0.014844
0.0 0.639844 0.708594 0.014844 0.027344
0.0 0.767969 0.173438 0.021875 0.035156
0.0 0.294531 0.246875 0.027344 0.051563
0.0 0.323438 0.354688 0.018750 0.032812
0.0 0.714844 0.779688 0.014063 0.026562
0.0 0.737500 0.942969 0.015625 0.033594
0.0 0.718750 0.972656 0.016406 0.028125
0.0 0.592969 0.886719 0.014063 0.026562
0.0 0.559375 0.861719 0.020312 0.028906
0.0 0.602344 0.828906 0.015625 0.030469
0.0 0.705469 0.824219 0.017969 0.032031
0.0 0.621094 0.516406 0.017969 0.022656
0.0 0.694531 0.250000 0.025000 0.048437
0.0 0.749219 0.374219 0.017969 0.030469
0.0 0.777344 0.278906 0.010156 0.025000
0.0 0.727344 0.137500 0.018750 0.025000
0.0 0.560937 0.023438 0.030469 0.046875
0.0 0.665625 0.770312 0.015625 0.028125
