1.0 0.589063 0.331250 0.157031 0.498438
0.0 0.537500 0.571875 0.059375 0.133594
0.0 0.497656 0.698438 0.049219 0.142187
0.0 0.439844 0.528125 0.072656 0.085156
0.0 0.428125 0.626563 0.075000 0.052344
0.0 0.335938 0.911719 0.035938 0.121094
0.0 0.695312 0.907812 0.027344 0.044531
0.0 0.290625 0.600000 0.033594 0.104688
0.0 0.382812 0.290625 0.027344 0.060938
0.0 0.397656 0.462500 0.043750 0.061719
0.0 0.746094 0.046094 0.057031 0.091406
0.0 0.690625 0.257031 0.020312 0.060156
0.0 0.670312 0.701562 0.045313 0.107813
0.0 0.546094 0.856250 0.023438 0.039844
0.0 0.475781 0.898438 0.035156 0.050781
0.0 0.353125 0.017969 0.035938 0.035156
0.0 0.440625 0.049219 0.027344 0.049219
0.0 0.271875 0.063281 0.105469 0.126562
0.0 0.524219 0.941406 0.021094 0.030469
0.0 0.376562 0.830469 0.024219 0.063281
