0.0 0.383668 0.132600 0.094366 0.109886
0.0 0.207545 0.242565 0.082394 0.086921
0.0 0.024694 0.171083 0.049388 0.104084
0.0 0.056007 0.367550 0.073317 0.100477
0.0 0.001842 0.384287 0.003684 0.070837
0.0 0.130903 0.596030 0.057293 0.089626
0.0 0.107156 0.747854 0.048115 0.097908
0.0 0.141210 0.718612 0.056700 0.104552
0.0 0.087296 0.985237 0.034583 0.029527
0.0 0.091306 0.938763 0.051366 0.066886
0.0 0.233217 0.993353 0.033627 0.013293
0.0 0.193520 0.968942 0.020611 0.043890
0.0 0.845412 0.903991 0.070879 0.099332
0.0 0.893424 0.779902 0.030020 0.064940
0.0 0.983915 0.622037 0.032170 0.074474
0.0 0.317757 0.910094 0.041316 0.069769
0.0 0.434850 0.841321 0.069633 0.091619
0.0 0.470563 0.582311 0.093797 0.120310
0.0 0.381773 0.512768 0.090528 0.081474
0.0 0.409134 0.383310 0.047083 0.147315
0.0 0.493010 0.304867 0.049432 0.092111
0.0 0.461656 0.385113 0.073923 0.132122
0.0 0.590656 0.272474 0.032132 0.054765
0.0 0.740064 0.188193 0.033324 0.048197
0.0 0.915441 0.176480 0.068696 0.123015
0.0 0.261824 0.304229 0.039922 0.065788
0.0 0.301887 0.228907 0.019412 0.027172
0.0 0.322200 0.173394 0.017846 0.031426
0.0 0.348026 0.274475 0.018516 0.026276
0.0 0.114104 0.178522 0.017223 0.027569
0.0 0.139852 0.166449 0.026858 0.054664
0.0 0.186839 0.119289 0.021133 0.042472
0.0 0.013004 0.271648 0.026007 0.047076
0.0 0.042865 0.247010 0.020510 0.038616
0.0 0.304275 0.625793 0.035965 0.059891
0.0 0.868231 0.423103 0.056866 0.073032
0.0 0.920859 0.352082 0.058539 0.097338
0.0 0.784344 0.658241 0.062264 0.073904
0.0 0.750804 0.352647 0.036237 0.056930
0.0 0.939687 0.130620 0.021607 0.050060
0.0 0.603029 0.014424 0.029866 0.028847
0.0 0.500684 0.053552 0.022800 0.043493
0.0 0.539335 0.010955 0.029142 0.021910
0.0 0.585297 0.136431 0.028222 0.039862
0.0 0.259559 0.500856 0.035769 0.072628
0.0 0.200245 0.599073 0.033152 0.056432
0.0 0.247167 0.590701 0.024467 0.044513
0.0 0.312983 0.527838 0.034321 0.054367
0.0 0.058708 0.624312 0.025683 0.033443
0.0 0.077416 0.813595 0.025090 0.048369
0.0 0.049941 0.785587 0.016303 0.031176
0.0 0.257705 0.846988 0.028673 0.051953
0.0 0.133340 0.390669 0.023174 0.045807
0.0 0.137777 0.325060 0.012494 0.021548
0.0 0.095045 0.472037 0.025386 0.040906
0.0 0.094046 0.260109 0.011326 0.023612
0.0 0.297394 0.073731 0.024615 0.040782
0.0 0.332492 0.041154 0.022675 0.042722
0.0 0.285844 0.149195 0.012868 0.023861
0.0 0.063622 0.076675 0.015431 0.025778
0.0 0.272794 0.396631 0.040224 0.081610
0.0 0.161067 0.831736 0.028495 0.036902
3.0 0.703107 0.542370 0.191391 0.203677
