0.0 0.185938 0.467187 0.075781 0.190625
0.0 0.423437 0.689062 0.121094 0.428125
0.0 0.250000 0.815625 0.064844 0.131250
0.0 0.468750 0.434375 0.093750 0.075000
0.0 0.637500 0.510938 0.043750 0.152344
0.0 0.722656 0.840625 0.042188 0.053906
0.0 0.897656 0.915625 0.051562 0.084375
0.0 0.550000 0.818750 0.067969 0.106250
0.0 0.506250 0.123438 0.069531 0.072656
0.0 0.392187 0.180469 0.030469 0.082813
0.0 0.443750 0.281250 0.085156 0.088281
0.0 0.616406 0.302344 0.048437 0.123438
0.0 0.519531 0.562500 0.051563 0.091406
0.0 0.572656 0.696875 0.029688 0.069531
0.0 0.555469 0.020312 0.070312 0.040625
0.0 0.509375 0.471875 0.050000 0.072656
0.0 0.507813 0.642187 0.046094 0.071875
0.0 0.602344 0.768750 0.032812 0.080469
