1.0 0.315622 0.596725 0.184842 0.184159
0.0 0.351962 0.307578 0.035084 0.056949
0.0 0.133461 0.240125 0.266923 0.420689
0.0 0.183704 0.262334 0.027804 0.040787
0.0 0.516688 0.105406 0.073174 0.081373
0.0 0.534848 0.017908 0.033605 0.035817
0.0 0.579976 0.035706 0.015706 0.035521
0.0 0.329956 0.037188 0.025662 0.042061
0.0 0.381068 0.063352 0.016795 0.031827
0.0 0.322775 0.174944 0.032700 0.049782
0.0 0.242614 0.076711 0.024516 0.038865
0.0 0.265532 0.051162 0.026402 0.048267
0.0 0.021283 0.301205 0.042566 0.117977
0.0 0.126691 0.523261 0.047168 0.081332
0.0 0.222391 0.428453 0.028914 0.050096
0.0 0.061702 0.466493 0.048200 0.070748
0.0 0.054065 0.752218 0.035675 0.055490
0.0 0.198676 0.882893 0.032500 0.067347
0.0 0.278523 0.968960 0.060191 0.062080
0.0 0.402186 0.880662 0.036045 0.058593
0.0 0.269854 0.720985 0.064085 0.075701
0.0 0.657811 0.813995 0.063700 0.091715
0.0 0.787666 0.847295 0.030394 0.062508
0.0 0.553965 0.569884 0.091890 0.116488
0.0 0.559121 0.362346 0.044631 0.149855
0.0 0.505522 0.381324 0.069563 0.134474
0.0 0.454788 0.305547 0.041054 0.081367
0.0 0.690466 0.474146 0.026751 0.038367
0.0 0.732167 0.434557 0.029546 0.074642
0.0 0.723506 0.559901 0.028195 0.056892
0.0 0.619097 0.482655 0.093215 0.089115
0.0 0.876823 0.506218 0.031128 0.036594
0.0 0.891649 0.472192 0.029541 0.042523
0.0 0.907649 0.606398 0.053466 0.082847
0.0 0.949453 0.633673 0.042570 0.087666
0.0 0.895105 0.256989 0.064440 0.097921
0.0 0.960988 0.242053 0.028822 0.049320
0.0 0.994586 0.809060 0.010828 0.052279
0.0 0.709939 0.168914 0.085935 0.072953
0.0 0.696971 0.046935 0.027378 0.030794
0.0 0.718605 0.076614 0.021613 0.020930
0.0 0.752554 0.070993 0.025790 0.036723
0.0 0.784252 0.086097 0.028210 0.037776
0.0 0.870942 0.126903 0.019620 0.029869
0.0 0.902918 0.144334 0.022282 0.039363
0.0 0.920796 0.135909 0.025770 0.023720
0.0 0.881088 0.049322 0.064312 0.098645
0.0 0.850860 0.658015 0.022580 0.054694
0.0 0.770452 0.518112 0.020694 0.045292
0.0 0.818477 0.524975 0.021300 0.024716
0.0 0.831816 0.768861 0.033533 0.056764
0.0 0.900002 0.944839 0.016461 0.022610
0.0 0.943111 0.930259 0.018773 0.042004
0.0 0.979386 0.924360 0.029911 0.045626
0.0 0.992340 0.676370 0.015319 0.038901
0.0 0.671034 0.245149 0.037227 0.055675
0.0 0.582597 0.136888 0.020453 0.036851
0.0 0.588321 0.237701 0.017848 0.034246
0.0 0.614393 0.185812 0.023997 0.028097
0.0 0.903100 0.911425 0.015079 0.043093
0.0 0.824460 0.291375 0.023926 0.040324
0.0 0.891520 0.358911 0.014097 0.028446
0.0 0.802784 0.234950 0.020653 0.019286
0.0 0.962064 0.495269 0.019677 0.036759
0.0 0.692017 0.355157 0.021434 0.051498
