0.0 0.556250 0.881250 0.079687 0.098438
0.0 0.747656 0.800781 0.071094 0.076562
0.0 0.928125 0.902344 0.057812 0.096094
0.0 0.917188 0.701562 0.059375 0.092188
0.0 0.988281 0.696094 0.023438 0.067969
0.0 0.879687 0.464063 0.044531 0.083594
0.0 0.927344 0.317969 0.033594 0.093750
0.0 0.889063 0.341406 0.041406 0.099219
0.0 0.990625 0.050781 0.018750 0.100781
0.0 0.973437 0.132031 0.042187 0.060938
0.0 0.921875 0.020312 0.020313 0.040625
0.0 0.883594 0.017187 0.010156 0.032031
0.0 0.846094 0.030469 0.024219 0.060938
0.0 0.877344 0.085938 0.014063 0.042187
0.0 0.223438 0.046094 0.057031 0.091406
0.0 0.156250 0.160937 0.020312 0.062500
0.0 0.032031 0.300781 0.041406 0.068750
0.0 0.745313 0.124219 0.031250 0.065625
0.0 0.618750 0.173437 0.057031 0.083594
0.0 0.542188 0.423437 0.077344 0.109375
0.0 0.618750 0.506250 0.080469 0.069531
0.0 0.571094 0.629687 0.024219 0.145312
0.0 0.475781 0.693750 0.035937 0.087500
0.0 0.519531 0.619531 0.054688 0.125000
0.0 0.374219 0.710156 0.024219 0.051562
0.0 0.213281 0.769531 0.026563 0.044531
0.0 0.038281 0.753125 0.050781 0.116406
0.0 0.703906 0.731250 0.030469 0.061719
0.0 0.652344 0.799219 0.015625 0.025000
0.0 0.623438 0.850781 0.013281 0.029687
0.0 0.614062 0.746875 0.014844 0.024219
0.0 0.829687 0.878906 0.013281 0.025781
0.0 0.802344 0.886719 0.018750 0.052344
0.0 0.748438 0.925781 0.014844 0.040625
0.0 0.981250 0.798438 0.016406 0.025781
0.0 0.944531 0.803125 0.019531 0.044531
0.0 0.910937 0.822656 0.014844 0.036719
0.0 0.713281 0.407031 0.027344 0.056250
0.0 0.124219 0.517187 0.046875 0.066406
0.0 0.060937 0.578906 0.044531 0.091406
0.0 0.244531 0.298437 0.052344 0.066406
0.0 0.228906 0.605469 0.028125 0.053125
0.0 0.007031 0.794531 0.014062 0.048438
0.0 0.319531 0.971094 0.023438 0.042188
0.0 0.428125 0.940625 0.016406 0.041406
0.0 0.382031 0.983594 0.024219 0.032812
0.0 0.357812 0.845313 0.022656 0.036719
0.0 0.737500 0.537500 0.025000 0.069531
0.0 0.811719 0.450000 0.025000 0.053125
0.0 0.764063 0.450781 0.017969 0.042187
0.0 0.689062 0.502344 0.026562 0.050781
0.0 0.955469 0.447656 0.021094 0.030469
0.0 0.967188 0.257812 0.017969 0.046094
0.0 0.989844 0.289844 0.011719 0.029688
0.0 0.794531 0.196094 0.021094 0.049219
0.0 0.844531 0.666406 0.016406 0.043750
0.0 0.829687 0.730469 0.009375 0.020312
0.0 0.895312 0.592187 0.019531 0.038281
0.0 0.862500 0.801563 0.007812 0.022656
0.0 0.632031 0.953125 0.018750 0.038281
0.0 0.592188 0.979688 0.016406 0.040625
0.0 0.655469 0.880469 0.009375 0.022656
0.0 0.863281 0.987500 0.011719 0.024219
0.0 0.707812 0.638281 0.028125 0.078125
0.0 0.887500 0.226562 0.023438 0.033594
3.0 0.306250 0.425781 0.164844 0.179688
