0.0 0.259085 0.123201 0.042394 0.072440
0.0 0.396706 0.171980 0.072273 0.086911
0.0 0.793620 0.058699 0.087439 0.110551
0.0 0.978335 0.318304 0.033020 0.072310
0.0 0.461217 0.422895 0.087633 0.124612
0.0 0.378821 0.505359 0.084912 0.097239
0.0 0.426972 0.639630 0.038069 0.155169
0.0 0.485894 0.616223 0.058751 0.125775
0.0 0.527021 0.693360 0.041624 0.073210
0.0 0.625767 0.728320 0.033279 0.091059
0.0 0.868415 0.806375 0.260055 0.387249
0.0 0.435303 0.885081 0.066751 0.082929
0.0 0.251254 0.803627 0.066729 0.081367
0.0 0.061621 0.900237 0.058320 0.094528
0.0 0.074299 0.321450 0.036576 0.103600
0.0 0.118729 0.329096 0.047179 0.079535
0.0 0.261800 0.549060 0.023027 0.083888
0.0 0.280895 0.411030 0.034792 0.030940
0.0 0.116093 0.463447 0.070377 0.062673
0.0 0.033955 0.131032 0.051822 0.076475
0.0 0.776819 0.766347 0.033661 0.062166
0.0 0.954189 0.765670 0.055929 0.147605
3.0 0.704184 0.424686 0.160509 0.142020
0.0 0.937888 0.588084 0.048024 0.084233
