0.0 0.762500 0.953125 0.042969 0.093750
0.0 0.636719 0.857031 0.042969 0.056250
0.0 0.380469 0.822656 0.057813 0.083594
0.0 0.456250 0.571875 0.081250 0.103125
0.0 0.379687 0.490625 0.075781 0.085156
0.0 0.423438 0.368750 0.021875 0.146875
0.0 0.483594 0.382812 0.042969 0.129687
0.0 0.521094 0.300781 0.031250 0.079687
0.0 0.621875 0.285937 0.025000 0.058594
0.0 0.438281 0.107031 0.067187 0.092188
0.0 0.320312 0.053125 0.019531 0.025781
0.0 0.367188 0.045313 0.023438 0.059375
0.0 0.403906 0.018750 0.018750 0.036719
0.0 0.567969 0.048437 0.015625 0.022656
0.0 0.616406 0.014844 0.026562 0.028906
0.0 0.678906 0.021094 0.024219 0.032813
0.0 0.255469 0.075781 0.028125 0.030469
0.0 0.257031 0.190625 0.083594 0.068750
0.0 0.345313 0.196875 0.014844 0.035156
0.0 0.375781 0.146875 0.018750 0.039844
0.0 0.299219 0.266406 0.030469 0.057031
0.0 0.260938 0.459375 0.028125 0.063281
0.0 0.286719 0.589063 0.029688 0.057031
0.0 0.235156 0.550000 0.018750 0.043750
0.0 0.252344 0.877344 0.026563 0.056250
0.0 0.763281 0.389062 0.036719 0.061719
0.0 0.754687 0.701563 0.050781 0.075781
0.0 0.751562 0.079687 0.078906 0.159375
0.0 0.641406 0.153906 0.025781 0.057031
0.0 0.285937 0.358594 0.024219 0.096875
0.0 0.383594 0.246875 0.014063 0.029687
0.0 0.302344 0.495313 0.028125 0.033594
0.0 0.453125 0.338281 0.014844 0.043750
0.0 0.492969 0.285156 0.007812 0.026563
0.0 0.238281 0.032812 0.028125 0.025000
0.0 0.461719 0.191406 0.019531 0.027344
0.0 0.338281 0.110937 0.018750 0.033594
1.0 0.689844 0.574219 0.164844 0.190625
