0.0 0.859375 0.803125 0.281250 0.393750
0.0 0.960156 0.745313 0.046094 0.122656
0.0 0.789844 0.770313 0.033594 0.061719
0.0 0.876562 0.517969 0.039062 0.082812
0.0 0.939844 0.571875 0.042969 0.085938
0.0 0.771875 0.601562 0.029688 0.057813
0.0 0.629687 0.709375 0.031250 0.060156
0.0 0.480469 0.614062 0.055469 0.128906
0.0 0.525781 0.688281 0.038281 0.071094
0.0 0.425000 0.630469 0.019531 0.146875
0.0 0.457031 0.421094 0.072656 0.102344
0.0 0.251563 0.801563 0.068750 0.078906
0.0 0.443750 0.878906 0.063281 0.094531
0.0 0.778125 0.043750 0.055469 0.086719
0.0 0.844531 0.153125 0.027344 0.065625
0.0 0.972656 0.303906 0.037500 0.061719
0.0 0.011719 0.046875 0.023438 0.090625
0.0 0.024219 0.127344 0.047656 0.049219
0.0 0.080469 0.017969 0.023438 0.035938
0.0 0.114844 0.021094 0.020313 0.042187
0.0 0.153906 0.029688 0.023438 0.059375
0.0 0.257813 0.126562 0.025781 0.050781
0.0 0.381250 0.170313 0.058594 0.083594
0.0 0.265625 0.535937 0.021875 0.062500
0.0 0.385156 0.500000 0.078906 0.074219
0.0 0.030469 0.261719 0.009375 0.044531
0.0 0.069531 0.313281 0.035938 0.073437
0.0 0.112500 0.339063 0.043750 0.085938
0.0 0.010156 0.700781 0.020312 0.042969
0.0 0.080469 0.693750 0.050781 0.087500
0.0 0.053125 0.896875 0.020313 0.100000
0.0 0.078125 0.910156 0.034375 0.074219
0.0 0.056250 0.806250 0.015625 0.028906
0.0 0.089844 0.825000 0.014844 0.034375
0.0 0.168750 0.878125 0.011719 0.032813
0.0 0.195312 0.891406 0.011719 0.043750
0.0 0.251563 0.926563 0.016406 0.032813
0.0 0.301562 0.734375 0.027344 0.055469
0.0 0.754687 0.301562 0.053906 0.072656
0.0 0.619531 0.978906 0.032812 0.042188
0.0 0.683594 0.978125 0.010937 0.036719
0.0 0.289062 0.410156 0.024219 0.034375
0.0 0.188281 0.447656 0.010156 0.060938
0.0 0.236719 0.447656 0.020312 0.035938
0.0 0.108594 0.484375 0.037500 0.037500
0.0 0.128906 0.455469 0.032813 0.039062
0.0 0.641406 0.139063 0.042187 0.053906
0.0 0.352344 0.795312 0.018750 0.032031
0.0 0.375781 0.846875 0.022656 0.021875
0.0 0.368750 0.950000 0.023438 0.032031
0.0 0.405469 0.981250 0.014844 0.036719
0.0 0.167969 0.730469 0.014844 0.019531
0.0 0.135937 0.990625 0.021875 0.018750
0.0 0.105469 0.585156 0.025000 0.032031
0.0 0.175000 0.302344 0.009375 0.036719
0.0 0.209375 0.188281 0.023438 0.021875
0.0 0.286719 0.656250 0.017969 0.057813
0.0 0.306250 0.598437 0.027344 0.031250
0.0 0.382812 0.749219 0.021094 0.023438
0.0 0.638281 0.850781 0.025000 0.044531
1.0 0.694531 0.426562 0.162500 0.176563
