0.0 0.564844 0.465625 0.070312 0.090625
0.0 0.509375 0.282031 0.053125 0.155469
0.0 0.313281 0.292188 0.053906 0.093750
0.0 0.457031 0.429688 0.069531 0.123438
0.0 0.574219 0.360937 0.085156 0.067188
0.0 0.614062 0.532812 0.053906 0.066406
0.0 0.618750 0.714063 0.036719 0.059375
0.0 0.451563 0.121875 0.030469 0.057031
0.0 0.285156 0.057031 0.040625 0.064062
0.0 0.738281 0.940625 0.087500 0.117969
0.0 0.772656 0.702344 0.017969 0.070312
0.0 0.716406 0.389844 0.039062 0.139844
0.0 0.771094 0.334375 0.026563 0.039844
0.0 0.752344 0.267187 0.021094 0.039062
0.0 0.750000 0.180469 0.020312 0.027344
0.0 0.716406 0.217969 0.011719 0.035938
0.0 0.696875 0.277344 0.021094 0.046094
0.0 0.718750 0.029688 0.012500 0.038281
0.0 0.675000 0.067187 0.034375 0.127344
0.0 0.628906 0.140625 0.034375 0.067188
0.0 0.521875 0.076563 0.034375 0.050000
0.0 0.471094 0.029688 0.023438 0.025781
0.0 0.563281 0.971875 0.028906 0.056250
0.0 0.245313 0.968750 0.052344 0.058594
0.0 0.740625 0.064844 0.016406 0.048437
0.0 0.595313 0.109375 0.023438 0.042187
0.0 0.385156 0.951563 0.039844 0.096875
0.0 0.299219 0.753125 0.036719 0.058594
0.0 0.693750 0.743750 0.038281 0.060938
0.0 0.768750 0.820312 0.024219 0.032031
0.0 0.666406 0.229688 0.020312 0.039844
0.0 0.642969 0.295313 0.016406 0.032812
0.0 0.559375 0.147656 0.017187 0.046875
0.0 0.502344 0.153906 0.025000 0.036719
0.0 0.749219 0.618750 0.017969 0.046875
3.0 0.459375 0.840625 0.095312 0.286719
0.0 0.323438 0.649219 0.015625 0.040625
0.0 0.660156 0.992188 0.022656 0.015625
0.0 0.620313 0.482031 0.007812 0.023438
0.0 0.664062 0.391406 0.009375 0.025000
