1.0 0.434885 0.154689 0.118006 0.302461
0.0 0.210736 0.049310 0.060423 0.061864
0.0 0.323035 0.949678 0.039835 0.045599
0.0 0.330037 0.719600 0.054041 0.110963
0.0 0.601502 0.265957 0.028383 0.047837
0.0 0.606628 0.448899 0.042135 0.065913
0.0 0.569047 0.522233 0.072482 0.088334
0.0 0.579772 0.623276 0.086538 0.038262
0.0 0.518860 0.709332 0.049704 0.156342
0.0 0.583929 0.845464 0.032143 0.056641
0.0 0.528693 0.840213 0.024916 0.042929
0.0 0.476735 0.878588 0.023533 0.045149
0.0 0.552289 0.914435 0.036133 0.037574
0.0 0.503955 0.969774 0.027991 0.032315
0.0 0.700156 0.922129 0.051668 0.130925
0.0 0.769550 0.917699 0.023551 0.035080
0.0 0.725492 0.591959 0.053478 0.124090
0.0 0.464036 0.573996 0.066393 0.141328
0.0 0.704854 0.045525 0.091981 0.091049
0.0 0.526798 0.024714 0.038141 0.049428
0.0 0.681078 0.230207 0.028423 0.058685
0.0 0.756029 0.268450 0.021840 0.053543
0.0 0.741485 0.158292 0.027604 0.047779
0.0 0.278717 0.265920 0.023965 0.071520
0.0 0.352973 0.055077 0.047904 0.091135
0.0 0.739757 0.354285 0.014027 0.032040
0.0 0.780286 0.643468 0.026784 0.036872
0.0 0.768549 0.706242 0.013383 0.023471
0.0 0.714619 0.707943 0.024641 0.028964
0.0 0.656381 0.840021 0.040965 0.050332
0.0 0.794016 0.940931 0.016949 0.040006
0.0 0.736089 0.764306 0.011573 0.030306
0.0 0.689247 0.756073 0.019480 0.032450
0.0 0.654006 0.693694 0.012955 0.028086
0.0 0.621445 0.875551 0.013072 0.029644
0.0 0.622833 0.002743 0.014414 0.005485
