3.0 0.324288 0.394700 0.188917 0.189559
0.0 0.962844 0.084460 0.023758 0.030181
0.0 0.987973 0.095245 0.024053 0.039170
0.0 0.922130 0.091143 0.033517 0.057281
0.0 0.301258 0.027203 0.078595 0.054406
0.0 0.219069 0.103930 0.039938 0.068840
0.0 0.420716 0.120092 0.032618 0.051887
0.0 0.284330 0.258946 0.074230 0.081295
0.0 0.070737 0.228914 0.031720 0.050988
0.0 0.129584 0.455727 0.042764 0.063317
0.0 0.217959 0.562320 0.030564 0.048548
0.0 0.132644 0.738290 0.265289 0.430372
0.0 0.176490 0.720944 0.027225 0.046493
0.0 0.017985 0.673054 0.035971 0.112765
0.0 0.344353 0.683167 0.034031 0.055868
0.0 0.057922 0.510320 0.046103 0.069867
0.0 0.449030 0.687137 0.043919 0.074748
0.0 0.497315 0.615979 0.066775 0.131003
0.0 0.553828 0.633312 0.050718 0.151555
0.0 0.618935 0.522978 0.093238 0.091954
0.0 0.555606 0.432437 0.095420 0.114046
0.0 0.726428 0.443465 0.025812 0.042511
0.0 0.673744 0.198670 0.071660 0.097351
0.0 0.694200 0.532346 0.030180 0.037245
0.0 0.729139 0.574599 0.033388 0.065501
0.0 0.694873 0.842136 0.084249 0.078469
0.0 0.887392 0.760944 0.065494 0.100819
0.0 0.949942 0.775323 0.026711 0.047906
0.0 0.663012 0.757628 0.041351 0.063831
0.0 0.309061 0.956869 0.032748 0.039171
0.0 0.244712 0.939022 0.029793 0.052915
0.0 0.514434 0.978906 0.025940 0.042188
0.0 0.850037 0.965596 0.042378 0.068808
0.0 0.873670 0.961195 0.038907 0.077609
0.0 0.901274 0.877306 0.035444 0.050859
0.0 0.851442 0.886431 0.021318 0.033521
0.0 0.701047 0.928701 0.018492 0.030053
0.0 0.734313 0.938202 0.025041 0.046878
0.0 0.764880 0.930621 0.023373 0.032365
0.0 0.681013 0.953877 0.029409 0.037116
0.0 0.803462 0.166419 0.032617 0.065373
0.0 0.840844 0.236799 0.018621 0.030824
0.0 0.772028 0.488285 0.017977 0.044953
0.0 0.877605 0.505870 0.032107 0.035318
0.0 0.894691 0.545940 0.026326 0.041098
0.0 0.955040 0.388086 0.045074 0.086179
0.0 0.912530 0.410309 0.057917 0.095811
0.0 0.997041 0.341458 0.005918 0.046494
0.0 0.570549 0.865781 0.020548 0.028897
0.0 0.499140 0.890319 0.080267 0.086047
0.0 0.306478 0.820212 0.032362 0.045850
0.0 0.817494 0.481601 0.037500 0.045207
0.0 0.791194 0.772642 0.025942 0.029796
0.0 0.679568 0.634455 0.031464 0.040456
0.0 0.820818 0.333257 0.013740 0.028512
0.0 0.857168 0.357528 0.018235 0.033007
0.0 0.575162 0.766755 0.023372 0.036860
0.0 0.558230 0.973027 0.024913 0.041612
