0.0 0.588281 0.441406 0.155469 0.184375
0.0 0.863281 0.239844 0.130469 0.163281
0.0 0.928125 0.107813 0.100000 0.096094
0.0 0.118750 0.205469 0.236719 0.353906
0.0 0.277344 0.439063 0.115625 0.159375
0.0 0.403125 0.486719 0.082812 0.107031
0.0 0.235938 0.576563 0.059375 0.048437
0.0 0.308594 0.574219 0.041406 0.039844
0.0 0.325781 0.721094 0.121094 0.113281
0.0 0.228906 0.858594 0.094531 0.111719
0.0 0.427344 0.892187 0.121094 0.069531
0.0 0.672656 0.800781 0.103125 0.119531
0.0 0.815625 0.801562 0.087500 0.080469
0.0 0.798437 0.932031 0.089844 0.103125
0.0 0.497656 0.589063 0.049219 0.049219
0.0 0.057813 0.692187 0.096094 0.141406
0.0 0.576563 0.814844 0.050000 0.044531
0.0 0.413281 0.572656 0.047656 0.046094
0.0 0.264063 0.945312 0.084375 0.053125
