0.0 0.970579 0.346839 0.058842 0.138411
0.0 0.518317 0.175502 0.047976 0.080009
0.0 0.173896 0.032161 0.046637 0.059741
0.0 0.126476 0.263913 0.225988 0.248556
0.0 0.248905 0.342471 0.085966 0.173329
0.0 0.413332 0.342378 0.050199 0.101888
0.0 0.528163 0.310821 0.037237 0.046701
0.0 0.303979 0.504268 0.031149 0.060270
0.0 0.242081 0.587868 0.031310 0.050967
0.0 0.156061 0.657346 0.054999 0.068831
0.0 0.594887 0.580653 0.060067 0.204215
0.0 0.569475 0.396544 0.033532 0.072845
0.0 0.451435 0.452945 0.062156 0.094917
0.0 0.530389 0.478520 0.031890 0.036258
0.0 0.547624 0.537598 0.021852 0.048789
0.0 0.511617 0.549311 0.015062 0.016518
0.0 0.538567 0.603550 0.027889 0.034441
0.0 0.644080 0.452368 0.025094 0.015629
0.0 0.654080 0.490610 0.027522 0.040626
0.0 0.736983 0.515664 0.031406 0.064167
0.0 0.687157 0.535076 0.013445 0.027278
0.0 0.709965 0.616445 0.014431 0.030447
0.0 0.699709 0.676838 0.048498 0.076163
0.0 0.790928 0.611618 0.015938 0.029771
0.0 0.779065 0.494957 0.017652 0.032212
0.0 0.788549 0.540995 0.020822 0.033198
0.0 0.823647 0.483811 0.039892 0.039892
0.0 0.766174 0.855830 0.028907 0.073316
0.0 0.903939 0.761586 0.023430 0.107880
0.0 0.971529 0.816946 0.022612 0.083766
0.0 0.953006 0.777356 0.026279 0.033559
0.0 0.837593 0.699262 0.038223 0.049871
0.0 0.198998 0.126209 0.048879 0.046695
0.0 0.083162 0.220336 0.029229 0.054710
0.0 0.053500 0.147910 0.027206 0.047591
0.0 0.047652 0.283758 0.025665 0.106476
0.0 0.025027 0.341767 0.021028 0.036316
