0.0 0.564186 0.526735 0.076031 0.089975
0.0 0.518475 0.693780 0.058332 0.145665
0.0 0.462760 0.571849 0.067873 0.136125
0.0 0.576680 0.619129 0.077674 0.038778
0.0 0.340293 0.711334 0.049883 0.094650
0.0 0.326610 0.917185 0.029139 0.046018
0.0 0.471754 0.856970 0.025743 0.041155
0.0 0.544382 0.894164 0.031798 0.038403
0.0 0.498881 0.945370 0.021292 0.031566
0.0 0.687105 0.899049 0.039337 0.126669
0.0 0.710265 0.575248 0.039926 0.083959
0.0 0.729221 0.631261 0.013079 0.024087
0.0 0.704173 0.631173 0.018078 0.016610
0.0 0.697991 0.698842 0.016658 0.032070
0.0 0.601564 0.457226 0.039737 0.054415
0.0 0.598277 0.282116 0.027625 0.046706
0.0 0.324134 0.371070 0.017024 0.025097
0.0 0.293930 0.270330 0.027763 0.049046
0.0 0.225906 0.059126 0.062865 0.090753
0.0 0.532818 0.048064 0.027809 0.049826
0.0 0.616996 0.018957 0.028267 0.037914
0.0 0.705773 0.055826 0.114756 0.111652
0.0 0.751303 0.169784 0.010463 0.019269
0.0 0.733825 0.178642 0.020512 0.031520
0.0 0.749991 0.280210 0.012757 0.018628
0.0 0.744444 0.305580 0.020236 0.026841
0.0 0.364288 0.994866 0.014270 0.010269
0.0 0.616485 0.803041 0.015372 0.023445
0.0 0.571023 0.815114 0.014500 0.021839
0.0 0.520836 0.826684 0.015144 0.032758
0.0 0.638281 0.827582 0.021890 0.041705
0.0 0.654661 0.839920 0.011931 0.017802
0.0 0.671757 0.744998 0.013079 0.024087
0.0 0.752250 0.902250 0.015556 0.026565
0.0 0.732850 0.931568 0.011427 0.022435
0.0 0.785889 0.689744 0.020190 0.026061
0.0 0.754053 0.707274 0.013033 0.023307
0.0 0.774595 0.644236 0.011335 0.020875
0.0 0.761015 0.639559 0.012803 0.019408
0.0 0.720846 0.754624 0.013721 0.021793
0.0 0.713696 0.792611 0.011059 0.016196
0.0 0.644955 0.688666 0.014776 0.026519
0.0 0.671675 0.252743 0.024137 0.040283
0.0 0.730141 0.368250 0.013675 0.021013
0.0 0.769296 0.501332 0.011977 0.018582
0.0 0.615519 0.508055 0.013859 0.024133
0.0 0.610347 0.858186 0.014362 0.019500
0.0 0.579423 0.838097 0.014270 0.017940
