3.0 0.554605 0.163355 0.119095 0.294935
0.0 0.781553 0.043944 0.058119 0.054425
0.0 0.672626 0.726638 0.051361 0.103079
0.0 0.686840 0.945665 0.036156 0.065709
0.0 0.528448 0.878598 0.034756 0.053965
0.0 0.477748 0.846183 0.030891 0.039757
0.0 0.504764 0.971224 0.020294 0.030638
0.0 0.455960 0.917786 0.033603 0.046902
0.0 0.381241 0.880969 0.024934 0.030106
0.0 0.349962 0.851148 0.031062 0.057659
0.0 0.303742 0.926151 0.043446 0.129888
0.0 0.257413 0.958902 0.012984 0.024805
0.0 0.234675 0.930316 0.020418 0.032978
0.0 0.414136 0.629232 0.098150 0.046432
0.0 0.484857 0.711996 0.049160 0.149640
0.0 0.536476 0.579385 0.058641 0.137695
0.0 0.431212 0.528432 0.080346 0.092167
0.0 0.392721 0.457546 0.045394 0.063864
0.0 0.390607 0.275930 0.033113 0.052322
0.0 0.250422 0.160539 0.026866 0.037210
0.0 0.284914 0.048081 0.096078 0.096161
0.0 0.274907 0.599168 0.051898 0.113221
0.0 0.225246 0.650519 0.012451 0.029444
0.0 0.319526 0.761130 0.015371 0.040491
0.0 0.266021 0.766901 0.013149 0.027925
0.0 0.231503 0.724391 0.022433 0.041643
0.0 0.293223 0.711231 0.026582 0.046530
0.0 0.686261 0.365916 0.016559 0.033552
0.0 0.713809 0.259412 0.022604 0.059545
0.0 0.318270 0.238457 0.027285 0.059793
0.0 0.236214 0.281050 0.020754 0.054001
0.0 0.418699 0.853225 0.023833 0.053386
0.0 0.375718 0.822783 0.013190 0.028706
0.0 0.637136 0.052723 0.047786 0.094332
0.0 0.461979 0.023202 0.028308 0.046404
0.0 0.256224 0.361127 0.015365 0.025709
0.0 0.348784 0.696181 0.017918 0.044515
0.0 0.523627 0.689015 0.023043 0.023782
0.0 0.367667 0.004225 0.021111 0.008450
0.0 0.265917 0.119114 0.015288 0.038930
0.0 0.330298 0.602102 0.012203 0.024764
0.0 0.233445 0.805858 0.014094 0.031087
