0.0 0.733975 0.074455 0.077929 0.079926
0.0 0.724977 0.636580 0.058319 0.091599
0.0 0.779484 0.806452 0.035116 0.050425
0.0 0.750529 0.881495 0.015516 0.024168
0.0 0.595345 0.792746 0.025666 0.031656
0.0 0.518158 0.669430 0.067071 0.121649
0.0 0.531767 0.772444 0.019459 0.036099
0.0 0.519203 0.834941 0.044310 0.045641
0.0 0.581416 0.868055 0.023436 0.037413
0.0 0.425746 0.538776 0.091390 0.089393
0.0 0.428174 0.612588 0.090625 0.051355
0.0 0.265741 0.618725 0.065283 0.092572
0.0 0.214649 0.670829 0.030882 0.025557
0.0 0.242336 0.722179 0.020915 0.030233
0.0 0.199148 0.717960 0.018668 0.041299
0.0 0.307624 0.907109 0.022679 0.031997
0.0 0.311217 0.961037 0.026905 0.024243
0.0 0.326358 0.992316 0.016073 0.015368
0.0 0.352709 0.868466 0.055914 0.117814
0.0 0.390806 0.802400 0.043935 0.059244
0.0 0.551531 0.558272 0.074409 0.109020
0.0 0.556030 0.641261 0.025790 0.027122
0.0 0.697256 0.268909 0.033569 0.050209
0.0 0.571516 0.125559 0.053086 0.103005
0.0 0.642527 0.003370 0.035724 0.006739
0.0 0.376370 0.134690 0.029808 0.050442
0.0 0.231641 0.132041 0.264012 0.228070
0.0 0.270003 0.124313 0.026531 0.037846
0.0 0.164773 0.285745 0.019800 0.033112
0.0 0.170120 0.380448 0.022213 0.039518
0.0 0.339942 0.342514 0.032271 0.040924
0.0 0.370547 0.488117 0.051365 0.052696
0.0 0.252918 0.329433 0.026713 0.050009
0.0 0.686808 0.944831 0.015624 0.024942
0.0 0.472281 0.787069 0.021763 0.041731
0.0 0.365966 0.686757 0.019026 0.033004
0.0 0.337312 0.735725 0.024118 0.031440
0.0 0.305707 0.701489 0.017479 0.032788
0.0 0.857178 0.944685 0.040616 0.024642
0.0 0.462251 0.994591 0.010674 0.010818
0.0 0.416344 0.979476 0.020374 0.026365
0.0 0.281060 0.886368 0.015175 0.027155
0.0 0.434068 0.818441 0.016364 0.035666
0.0 0.597463 0.932075 0.014201 0.020192
0.0 0.678418 0.359893 0.018827 0.026148
