0.0 0.859375 0.806250 0.281250 0.377344
0.0 0.481250 0.621875 0.064844 0.131250
0.0 0.459375 0.410937 0.086719 0.132812
0.0 0.385938 0.502344 0.090625 0.088281
1.0 0.692969 0.408594 0.178906 0.185156
0.0 0.426562 0.625000 0.026562 0.138281
0.0 0.376562 0.850000 0.023438 0.034375
0.0 0.415625 0.870312 0.014063 0.026563
0.0 0.413281 0.915625 0.014063 0.025781
0.0 0.446875 0.890625 0.050781 0.061719
0.0 0.523438 0.700000 0.032812 0.071875
0.0 0.625000 0.717969 0.032812 0.056250
0.0 0.788281 0.778125 0.029687 0.050000
0.0 0.960938 0.761719 0.046875 0.100781
0.0 0.769531 0.614062 0.032031 0.042188
0.0 0.876562 0.521094 0.035938 0.072656
0.0 0.254687 0.807812 0.078906 0.061719
0.0 0.168750 0.879688 0.022656 0.041406
0.0 0.198438 0.897656 0.025781 0.045312
0.0 0.233594 0.892969 0.015625 0.025781
0.0 0.253125 0.932812 0.026562 0.033594
0.0 0.264844 0.543750 0.024219 0.066406
0.0 0.290625 0.414844 0.025781 0.051563
0.0 0.128906 0.450781 0.037500 0.039062
0.0 0.105469 0.491406 0.031250 0.039844
0.0 0.032031 0.263281 0.021094 0.040625
0.0 0.067187 0.314062 0.038281 0.085938
0.0 0.110156 0.339844 0.044531 0.070312
0.0 0.189844 0.436719 0.021875 0.027344
0.0 0.238281 0.450000 0.023438 0.043750
0.0 0.303125 0.726562 0.029688 0.042188
0.0 0.057031 0.810156 0.021094 0.046094
0.0 0.054688 0.882813 0.027344 0.047656
0.0 0.082812 0.912500 0.030469 0.064062
0.0 0.010938 0.705469 0.021875 0.060156
0.0 0.082031 0.703125 0.047656 0.080469
0.0 0.091406 0.821875 0.025781 0.038281
0.0 0.370313 0.957031 0.020313 0.033594
0.0 0.175000 0.731250 0.024219 0.036719
0.0 0.173437 0.301562 0.021094 0.032031
0.0 0.209375 0.194531 0.021875 0.034375
0.0 0.010938 0.046875 0.021875 0.088281
0.0 0.082031 0.025781 0.029688 0.035156
0.0 0.025000 0.135156 0.039844 0.039062
0.0 0.257812 0.128125 0.031250 0.057031
0.0 0.379687 0.172656 0.053125 0.082813
0.0 0.777344 0.046094 0.053906 0.082813
0.0 0.973437 0.307813 0.030469 0.046094
0.0 0.937500 0.588281 0.041406 0.060938
0.0 0.848438 0.162500 0.025000 0.056250
0.0 0.642969 0.139844 0.034375 0.053125
0.0 0.310156 0.505469 0.022656 0.028125
0.0 0.614062 0.985938 0.035156 0.028125
0.0 0.682031 0.978125 0.027344 0.039063
0.0 0.406250 0.982812 0.025000 0.034375
0.0 0.108594 0.021875 0.026562 0.035156
0.0 0.121875 0.083594 0.024219 0.034375
0.0 0.056250 0.931250 0.025000 0.042187
0.0 0.157031 0.014063 0.021094 0.027344
