0.0 0.236116 0.106758 0.336072 0.195771
0.0 0.765356 0.067745 0.086084 0.112608
0.0 0.270759 0.092234 0.041267 0.042663
0.0 0.248516 0.621434 0.061084 0.123905
0.0 0.355471 0.491955 0.075445 0.076143
0.0 0.338947 0.345218 0.050653 0.074386
0.0 0.424575 0.530460 0.087292 0.094272
0.0 0.418297 0.622979 0.109886 0.044272
0.0 0.550242 0.553777 0.076138 0.113133
0.0 0.732256 0.652238 0.070143 0.107138
0.0 0.510222 0.685073 0.072678 0.132009
0.0 0.333767 0.895453 0.044336 0.102970
0.0 0.507440 0.858122 0.042584 0.040490
0.0 0.596444 0.814499 0.031430 0.059351
0.0 0.777023 0.852638 0.056950 0.075797
3.0 0.514313 0.216620 0.170444 0.298880
