0.0 0.323334 0.880290 0.042525 0.071173
0.0 0.432844 0.816953 0.060499 0.113132
0.0 0.817378 0.893645 0.083179 0.139809
0.0 0.968435 0.624186 0.044159 0.077471
0.0 0.787564 0.185901 0.293407 0.371802
0.0 0.893280 0.191349 0.066776 0.120076
0.0 0.898911 0.368038 0.053077 0.059739
0.0 0.730714 0.202116 0.040824 0.053483
0.0 0.583805 0.280117 0.055485 0.066145
0.0 0.495851 0.311274 0.046307 0.065628
0.0 0.475418 0.572828 0.075607 0.096261
0.0 0.409621 0.383206 0.048444 0.141052
0.0 0.384421 0.502657 0.090868 0.096865
0.0 0.465852 0.384855 0.060134 0.121429
0.0 0.152857 0.703642 0.045276 0.074591
0.0 0.117092 0.724389 0.037989 0.071301
0.0 0.092652 0.906047 0.066683 0.059354
0.0 0.220920 0.234332 0.078939 0.092930
0.0 0.270109 0.491730 0.025306 0.061950
0.0 0.314639 0.607798 0.021736 0.041723
0.0 0.385388 0.129439 0.063462 0.090778
0.0 0.036907 0.160605 0.073815 0.102236
