0.0 0.482813 0.375781 0.054688 0.124219
0.0 0.525781 0.307031 0.035156 0.085156
0.0 0.624219 0.291406 0.031250 0.061719
0.0 0.435156 0.110938 0.065625 0.085938
0.0 0.367969 0.042969 0.015625 0.025781
0.0 0.404688 0.017969 0.017187 0.035937
0.0 0.255469 0.192969 0.075781 0.067969
0.0 0.073438 0.099219 0.058594 0.099219
0.0 0.132812 0.010156 0.032031 0.020312
0.0 0.010156 0.302344 0.020313 0.055469
0.0 0.080469 0.301562 0.063281 0.091406
0.0 0.120313 0.537500 0.050000 0.081250
0.0 0.261719 0.452344 0.025000 0.070312
0.0 0.379687 0.493750 0.089844 0.073438
0.0 0.458594 0.575000 0.092188 0.093750
0.0 0.776562 0.951563 0.071094 0.096875
0.0 0.842187 0.843750 0.021875 0.067969
0.0 0.973437 0.698438 0.030469 0.067188
0.0 0.854688 0.193750 0.261719 0.387500
0.0 0.957813 0.243750 0.047656 0.128906
0.0 0.989063 0.200781 0.021875 0.029687
0.0 0.875781 0.483594 0.034375 0.081250
0.0 0.935938 0.419531 0.035156 0.068750
0.0 0.769531 0.388281 0.022656 0.045313
0.0 0.789062 0.231250 0.026563 0.064844
0.0 0.642969 0.858594 0.034375 0.049219
0.0 0.754687 0.700781 0.059375 0.078906
0.0 0.255469 0.874219 0.031250 0.050000
0.0 0.380469 0.822656 0.060938 0.078906
0.0 0.010156 0.955469 0.020313 0.089062
0.0 0.023438 0.868750 0.038281 0.039062
0.0 0.076563 0.975781 0.030469 0.032031
0.0 0.151563 0.970312 0.017969 0.059375
0.0 0.287500 0.586719 0.022656 0.032031
0.0 0.188281 0.564844 0.014063 0.021094
0.0 0.234375 0.550000 0.019531 0.038281
0.0 0.033594 0.732031 0.017969 0.047656
0.0 0.071094 0.690625 0.027344 0.093750
0.0 0.108594 0.661719 0.035938 0.094531
0.0 0.207812 0.814062 0.012500 0.019531
0.0 0.303906 0.495313 0.025781 0.027344
0.0 0.425781 0.376563 0.020313 0.148438
0.0 0.300000 0.268750 0.029688 0.050000
0.0 0.167969 0.113281 0.021094 0.035156
0.0 0.197656 0.103125 0.014844 0.035938
0.0 0.252344 0.074219 0.016406 0.024219
0.0 0.036719 0.187500 0.013281 0.032031
0.0 0.057031 0.196094 0.013281 0.035937
0.0 0.088281 0.178906 0.017969 0.029687
0.0 0.114062 0.772656 0.011719 0.028906
0.0 0.372656 0.146875 0.018750 0.034375
0.0 0.682813 0.021875 0.013281 0.039844
0.0 0.569531 0.057813 0.015625 0.032031
0.0 0.616406 0.016406 0.033594 0.028906
0.0 0.640625 0.150781 0.028125 0.044531
0.0 0.175781 0.700000 0.021875 0.032812
0.0 0.171094 0.269531 0.010937 0.019531
0.0 0.285937 0.342187 0.015625 0.044531
0.0 0.303906 0.396094 0.026562 0.029688
0.0 0.044531 0.534375 0.013281 0.067969
3.0 0.692969 0.574219 0.154687 0.168750
