0.0 0.480242 0.678600 0.067634 0.137764
0.0 0.543812 0.568291 0.083522 0.121017
0.0 0.689353 0.692171 0.057327 0.091350
0.0 0.826742 0.145815 0.081046 0.097710
0.0 0.329437 0.088119 0.260309 0.176238
0.0 0.372365 0.081834 0.032603 0.061072
0.0 0.475826 0.121108 0.040489 0.055765
0.0 0.127618 0.943615 0.020310 0.032114
0.0 0.216561 0.942064 0.024524 0.035634
0.0 0.209728 0.902841 0.023864 0.029419
0.0 0.197088 0.822148 0.013566 0.033702
0.0 0.269998 0.823608 0.055671 0.111913
0.0 0.325990 0.769847 0.039348 0.059484
0.0 0.308116 0.945504 0.017436 0.019519
0.0 0.345178 0.973796 0.012245 0.021272
0.0 0.470051 0.944637 0.011847 0.031983
0.0 0.492381 0.941509 0.018460 0.021932
0.0 0.574585 0.973811 0.017202 0.031784
0.0 0.626471 0.980894 0.013634 0.019883
0.0 0.741552 0.999213 0.046394 0.001575
0.0 0.650646 0.930824 0.017848 0.023403
0.0 0.700306 0.870105 0.031235 0.040955
0.0 0.523997 0.806594 0.036309 0.045335
0.0 0.493876 0.875674 0.024724 0.030278
0.0 0.439901 0.829086 0.040358 0.047301
0.0 0.360110 0.796255 0.030244 0.031633
0.0 0.408305 0.771521 0.023067 0.050842
0.0 0.468372 0.775544 0.019581 0.039718
0.0 0.408229 0.594742 0.093550 0.049111
0.0 0.361866 0.498682 0.015566 0.030842
0.0 0.381331 0.455968 0.050292 0.046821
0.0 0.424415 0.516326 0.083018 0.065659
0.0 0.249925 0.561427 0.056399 0.104310
0.0 0.240047 0.713579 0.023067 0.050842
0.0 0.160663 0.639937 0.015731 0.032396
0.0 0.197657 0.654081 0.014012 0.030677
0.0 0.262764 0.647641 0.014473 0.042247
0.0 0.183070 0.599107 0.035765 0.032988
0.0 0.749165 0.321415 0.035298 0.057518
0.0 0.663899 0.155228 0.051971 0.091549
0.0 0.767139 0.041277 0.040591 0.035036
0.0 0.708929 0.404347 0.018096 0.025734
0.0 0.386747 0.308842 0.030705 0.043204
0.0 0.230218 0.214435 0.029268 0.036906
0.0 0.210910 0.307447 0.024655 0.044097
0.0 0.295598 0.693554 0.024772 0.037965
0.0 0.326352 0.648110 0.016047 0.020907
0.0 0.305072 0.278953 0.026505 0.054279
0.0 0.230193 0.369990 0.016460 0.024792
0.0 0.176702 0.459371 0.013352 0.024462
0.0 0.398470 0.664414 0.012245 0.021272
0.0 0.215588 0.847683 0.016295 0.023238
0.0 0.211175 0.201413 0.012410 0.022825
0.0 0.249882 0.177242 0.017202 0.031784
0.0 0.278860 0.192891 0.015848 0.026263
0.0 0.356963 0.751925 0.014095 0.031454
0.0 0.159943 0.794633 0.015765 0.025486
