0.0 0.824036 0.192813 0.267895 0.385626
0.0 0.754848 0.225504 0.032913 0.055249
0.0 0.852564 0.462672 0.048207 0.066076
0.0 0.905354 0.403153 0.040834 0.075083
0.0 0.749610 0.383724 0.026777 0.057303
0.0 0.610927 0.293124 0.038869 0.049293
0.0 0.514055 0.312438 0.033729 0.056065
0.0 0.424036 0.140610 0.065700 0.073890
0.0 0.390074 0.048323 0.012335 0.048072
0.0 0.356211 0.077252 0.022516 0.049319
0.0 0.361323 0.018362 0.016757 0.025691
0.0 0.255608 0.219524 0.076805 0.078294
0.0 0.089081 0.135678 0.031002 0.064506
0.0 0.067193 0.135903 0.030841 0.094871
0.0 0.782284 0.924200 0.063942 0.103402
0.0 0.647754 0.838883 0.036070 0.056173
0.0 0.591715 0.793753 0.013214 0.033316
0.0 0.749728 0.675433 0.055411 0.070301
0.0 0.953348 0.664505 0.023009 0.043112
0.0 0.070347 0.867781 0.043865 0.039398
0.0 0.137785 0.667596 0.042897 0.086080
0.0 0.103886 0.695746 0.030868 0.078518
0.0 0.211413 0.568015 0.017932 0.034312
0.0 0.151922 0.566841 0.028822 0.034034
0.0 0.129379 0.535812 0.024705 0.029172
0.0 0.403470 0.560748 0.015941 0.024875
0.0 0.317201 0.504495 0.022435 0.030625
0.0 0.276036 0.476669 0.023619 0.056379
0.0 0.387439 0.501266 0.077334 0.072867
0.0 0.423419 0.382300 0.034232 0.134745
0.0 0.477663 0.388408 0.053132 0.122375
0.0 0.463392 0.571288 0.077559 0.094683
0.0 0.920522 0.239784 0.049535 0.094952
0.0 0.651059 0.043360 0.021054 0.034455
0.0 0.586669 0.037718 0.021377 0.041479
0.0 0.839335 0.804265 0.027378 0.053437
0.0 0.398600 0.812018 0.059743 0.079846
0.0 0.287027 0.868766 0.023225 0.047794
0.0 0.039506 0.775350 0.020740 0.044565
0.0 0.018657 0.594085 0.014640 0.047400
0.0 0.027070 0.334831 0.021197 0.037577
0.0 0.094931 0.330928 0.052226 0.085730
0.0 0.198135 0.143177 0.017824 0.031971
0.0 0.248171 0.108811 0.012038 0.024696
0.0 0.144051 0.038520 0.040780 0.040035
0.0 0.098913 0.213434 0.013034 0.029414
0.0 0.059793 0.230092 0.034213 0.032724
0.0 0.009550 0.304475 0.019100 0.039282
0.0 0.304760 0.591096 0.023189 0.047014
0.0 0.252668 0.563772 0.025064 0.036976
0.0 0.202650 0.700589 0.019062 0.025019
0.0 0.300524 0.294884 0.028652 0.047265
0.0 0.195942 0.962893 0.027845 0.063582
0.0 0.152561 0.971926 0.015734 0.037326
0.0 0.124466 0.973218 0.025135 0.038537
0.0 0.364033 0.179345 0.019565 0.035945
0.0 0.923777 0.089476 0.017573 0.026508
0.0 0.948312 0.197838 0.018183 0.039775
0.0 0.054290 0.959575 0.033424 0.080850
0.0 0.618452 0.167646 0.030679 0.057483
0.0 0.237824 0.802206 0.018363 0.043677
0.0 0.069709 0.734857 0.020534 0.057016
0.0 0.308499 0.417303 0.023852 0.027575
0.0 0.282108 0.353604 0.018425 0.028104
0.0 0.178033 0.301299 0.018883 0.021116
0.0 0.173699 0.156032 0.017681 0.028849
0.0 0.478638 0.018442 0.026588 0.036268
0.0 0.546321 0.078678 0.015196 0.025620
0.0 0.167314 0.357319 0.010836 0.032428
0.0 0.033389 0.880429 0.022444 0.047759
