0.0 0.599339 0.796332 0.078624 0.116117
0.0 0.212568 0.928852 0.097637 0.123882
0.0 0.719664 0.877698 0.057888 0.064637
0.0 0.933950 0.856437 0.039307 0.067801
0.0 0.903004 0.689463 0.044710 0.066456
0.0 0.859154 0.671315 0.042214 0.062460
0.0 0.696459 0.593751 0.019382 0.017132
0.0 0.722830 0.460311 0.024835 0.036833
0.0 0.536673 0.581195 0.080258 0.098255
0.0 0.616224 0.506928 0.084080 0.076582
0.0 0.575368 0.373183 0.028118 0.139847
0.0 0.519861 0.392887 0.043269 0.128753
0.0 0.483126 0.313253 0.041587 0.066332
0.0 0.390341 0.286920 0.035641 0.034141
0.0 0.178105 0.185625 0.270199 0.371249
0.0 0.237302 0.222247 0.026489 0.039236
0.0 0.076377 0.238575 0.039480 0.091971
0.0 0.046958 0.667437 0.041814 0.052312
0.0 0.088926 0.396223 0.048294 0.078288
0.0 0.561737 0.124015 0.045963 0.058711
0.0 0.734899 0.213720 0.070871 0.077620
0.0 0.917771 0.136490 0.053451 0.070697
