0.0 0.306443 0.704681 0.012406 0.021468
0.0 0.426600 0.616398 0.074975 0.026647
0.0 0.535130 0.857599 0.018807 0.026358
0.0 0.512653 0.946752 0.018679 0.022454
0.0 0.397473 0.860103 0.012329 0.019125
0.0 0.286659 0.759528 0.006684 0.013480
0.0 0.647884 0.991711 0.014749 0.016577
0.0 0.435251 0.828516 0.013855 0.041795
0.0 0.487721 0.825553 0.012741 0.031619
0.0 0.459119 0.768332 0.005954 0.015016
0.0 0.278431 0.938261 0.007567 0.016629
0.0 0.333165 0.747771 0.007721 0.021314
0.0 0.360808 0.691618 0.007696 0.020533
