1.0 0.668750 0.590625 0.189062 0.176563
0.0 0.740625 0.083594 0.067969 0.167187
0.0 0.439844 0.121094 0.064062 0.079688
0.0 0.246094 0.207031 0.063281 0.121875
0.0 0.613281 0.289844 0.043750 0.056250
0.0 0.518750 0.302344 0.046094 0.080469
0.0 0.479688 0.389062 0.046875 0.126563
0.0 0.421094 0.365625 0.031250 0.160937
0.0 0.382812 0.497656 0.080469 0.063281
0.0 0.457031 0.571094 0.091406 0.089844
0.0 0.389844 0.829687 0.065625 0.102344
0.0 0.263281 0.875781 0.046875 0.084375
0.0 0.283594 0.589844 0.042969 0.049219
0.0 0.268750 0.453906 0.029688 0.073438
0.0 0.760938 0.946875 0.058594 0.106250
