3.0 0.633505 0.679830 0.264995 0.613593
0.0 0.637547 0.273717 0.060536 0.093981
0.0 0.432210 0.477963 0.079810 0.092673
0.0 0.456429 0.294196 0.075756 0.154222
0.0 0.329182 0.945690 0.097220 0.108619
0.0 0.820130 0.907881 0.069525 0.098467
0.0 0.436398 0.983018 0.032320 0.033963
0.0 0.422822 0.722625 0.032038 0.071272
0.0 0.402970 0.554864 0.054518 0.075743
0.0 0.413295 0.392403 0.088830 0.070178
0.0 0.279677 0.431943 0.059877 0.108115
0.0 0.272830 0.117908 0.049326 0.121361
0.0 0.631228 0.063331 0.036939 0.055591
0.0 0.413215 0.114466 0.041819 0.057898
0.0 0.724413 0.702791 0.043217 0.070873
0.0 0.528469 0.423226 0.076149 0.147541
0.0 0.514659 0.952114 0.029614 0.056627
