0.0 0.494442 0.671003 0.058567 0.122025
0.0 0.700685 0.674580 0.058079 0.083009
0.0 0.425561 0.529629 0.081453 0.082209
0.0 0.545652 0.562453 0.066172 0.116033
0.0 0.373840 0.461507 0.050715 0.048449
0.0 0.805528 0.118317 0.069664 0.079485
0.0 0.297107 0.085987 0.241498 0.171974
0.0 0.339825 0.089111 0.030839 0.036883
0.0 0.442261 0.111982 0.028071 0.047713
0.0 0.373120 0.315312 0.033562 0.048672
0.0 0.724723 0.848890 0.031747 0.040813
0.0 0.545745 0.800082 0.021495 0.037359
0.0 0.524830 0.938538 0.019527 0.024815
0.0 0.520715 0.872745 0.025120 0.028897
0.0 0.463447 0.831019 0.037035 0.035524
0.0 0.488927 0.768532 0.016353 0.023152
0.0 0.383153 0.800269 0.017083 0.021616
0.0 0.350389 0.774191 0.024065 0.044463
0.0 0.294983 0.843522 0.038888 0.092525
0.0 0.241905 0.865246 0.014842 0.024663
0.0 0.220048 0.840304 0.014943 0.027786
0.0 0.245888 0.959175 0.015597 0.023907
0.0 0.239424 0.917537 0.025018 0.025773
0.0 0.160320 0.970464 0.020333 0.025621
0.0 0.682616 0.917871 0.015597 0.023907
0.0 0.704533 0.387835 0.018695 0.023228
0.0 0.733797 0.305148 0.028046 0.046932
0.0 0.222147 0.390917 0.019679 0.029500
0.0 0.201958 0.338671 0.019603 0.027158
0.0 0.194181 0.313405 0.014740 0.021539
0.0 0.286275 0.293730 0.031925 0.046278
0.0 0.208609 0.230236 0.022098 0.031919
0.0 0.255453 0.568655 0.044652 0.077893
0.0 0.336992 0.657288 0.015800 0.030154
0.0 0.274043 0.670094 0.018067 0.027888
0.0 0.265015 0.611175 0.018441 0.015420
0.0 0.235267 0.612554 0.013103 0.019146
0.0 0.208954 0.676576 0.017184 0.024739
0.0 0.171175 0.660497 0.022929 0.033506
0.0 0.197482 0.620706 0.018746 0.024790
0.0 0.609256 0.962387 0.016429 0.025494
0.0 0.415468 0.599650 0.089275 0.034882
0.0 0.730566 0.019736 0.035924 0.025348
0.0 0.378853 0.980693 0.019730 0.031062
0.0 0.339766 0.956755 0.016378 0.023933
0.0 0.793376 0.992273 0.016429 0.015455
0.0 0.428905 0.763455 0.017184 0.024739
