0.0 0.302344 0.092969 0.027344 0.041406
0.0 0.453906 0.145313 0.025000 0.035156
0.0 0.501562 0.178125 0.012500 0.026563
0.0 0.523438 0.103906 0.028906 0.039844
0.0 0.621094 0.164062 0.022656 0.045312
0.0 0.664844 0.082813 0.033594 0.106250
0.0 0.503906 0.300000 0.043750 0.132812
0.0 0.328906 0.296094 0.042969 0.091406
0.0 0.473437 0.054687 0.014063 0.025781
0.0 0.566406 0.475781 0.067188 0.077344
0.0 0.570312 0.376563 0.072656 0.034375
1.0 0.410937 0.671875 0.152344 0.496875
0.0 0.464063 0.428906 0.048437 0.125781
0.0 0.605469 0.537500 0.035938 0.053125
0.0 0.614062 0.709375 0.021094 0.042969
0.0 0.706250 0.400781 0.036719 0.079687
0.0 0.647656 0.978906 0.025781 0.041406
0.0 0.730469 0.935938 0.101562 0.128125
0.0 0.688281 0.286719 0.012500 0.026563
0.0 0.740625 0.278125 0.014844 0.023438
0.0 0.753125 0.345313 0.014844 0.013281
0.0 0.771875 0.290625 0.009375 0.019531
0.0 0.725781 0.078906 0.010937 0.022656
0.0 0.754687 0.802344 0.018750 0.029688
0.0 0.754687 0.677344 0.011719 0.025000
0.0 0.252344 0.957812 0.060938 0.084375
0.0 0.335156 0.010156 0.013281 0.015625
0.0 0.707812 0.053125 0.010937 0.017187
0.0 0.310156 0.738281 0.025000 0.046094
