3.0 0.592532 0.651417 0.359652 0.272390
0.0 0.443605 0.549176 0.098472 0.087318
0.0 0.435258 0.384374 0.041412 0.119488
0.0 0.496975 0.404736 0.064767 0.104133
0.0 0.548238 0.347675 0.041601 0.060628
0.0 0.664858 0.354979 0.036024 0.038648
0.0 0.849567 0.329880 0.032161 0.038066
0.0 0.263082 0.216213 0.080068 0.060385
0.0 0.482523 0.186078 0.059792 0.061105
0.0 0.369253 0.476346 0.096376 0.073413
0.0 0.242231 0.427971 0.032129 0.047876
0.0 0.255446 0.534252 0.031156 0.036404
0.0 0.187883 0.757141 0.031664 0.044786
0.0 0.327468 0.737883 0.069380 0.074629
0.0 0.747647 0.911815 0.063560 0.091117
0.0 0.841928 0.202318 0.104241 0.160666
0.0 0.810578 0.457527 0.034479 0.038415
0.0 0.615525 0.808156 0.031462 0.033431
0.0 0.200735 0.493614 0.018753 0.029250
0.0 0.426046 0.073277 0.019060 0.026277
0.0 0.454491 0.109957 0.015927 0.020520
0.0 0.453539 0.090062 0.012721 0.019282
0.0 0.274195 0.121499 0.019906 0.021874
0.0 0.758327 0.154166 0.024626 0.033156
0.0 0.308268 0.288599 0.033357 0.035981
0.0 0.401386 0.205453 0.017779 0.017779
0.0 0.289449 0.465899 0.019208 0.017239
0.0 0.628563 0.160682 0.015038 0.019631
0.0 0.676016 0.139391 0.017895 0.018551
