0.0 0.161719 0.803906 0.248438 0.391406
0.0 0.228125 0.756250 0.029688 0.055469
0.0 0.143750 0.515625 0.034375 0.079687
0.0 0.090625 0.579687 0.040625 0.060156
0.0 0.057031 0.315625 0.034375 0.044531
0.0 0.174219 0.178906 0.019531 0.057031
0.0 0.238281 0.060938 0.050000 0.096875
0.0 0.258594 0.310156 0.058594 0.065625
0.0 0.421094 0.206250 0.014844 0.028906
0.0 0.363281 0.161719 0.028125 0.041406
0.0 0.611719 0.195312 0.054688 0.075781
0.0 0.729688 0.147656 0.024219 0.047656
0.0 0.992969 0.156250 0.010156 0.025000
0.0 0.950781 0.153906 0.042969 0.039062
0.0 0.904688 0.324219 0.031250 0.079687
0.0 0.867188 0.358594 0.040625 0.067969
0.0 0.748437 0.453125 0.016406 0.039062
0.0 0.698438 0.419531 0.021094 0.032812
0.0 0.720313 0.539062 0.030469 0.058594
0.0 0.682031 0.502344 0.022656 0.022656
0.0 0.612500 0.504687 0.075781 0.076563
0.0 0.568750 0.627344 0.019531 0.133594
0.0 0.513281 0.614844 0.049219 0.128125
0.0 0.541406 0.433594 0.073438 0.092969
0.0 0.476562 0.687500 0.026562 0.091406
0.0 0.378906 0.702344 0.028125 0.039844
0.0 0.731250 0.800000 0.067969 0.062500
0.0 0.687500 0.724219 0.027344 0.049219
0.0 0.895313 0.692969 0.046875 0.082813
0.0 0.984375 0.716406 0.022656 0.031250
0.0 0.961719 0.692187 0.023438 0.043750
0.0 0.982812 0.432031 0.012500 0.054688
0.0 0.871094 0.485156 0.016406 0.037500
0.0 0.849219 0.457812 0.033594 0.026563
0.0 0.774219 0.207031 0.009375 0.021875
0.0 0.897656 0.048437 0.017188 0.028125
0.0 0.962500 0.073437 0.016406 0.066406
0.0 0.867188 0.049219 0.010938 0.024219
0.0 0.856250 0.105469 0.011719 0.015625
0.0 0.828125 0.070312 0.014844 0.034375
0.0 0.963281 0.305469 0.010937 0.028906
0.0 0.973438 0.242969 0.016406 0.041406
0.0 0.866406 0.245313 0.011719 0.020313
0.0 0.322656 0.963281 0.023438 0.056250
0.0 0.067187 0.750781 0.042187 0.111719
0.0 0.033594 0.785937 0.022656 0.033594
0.0 0.055469 0.893750 0.012500 0.033594
0.0 0.246094 0.606250 0.022656 0.044531
0.0 0.557813 0.868750 0.063281 0.070312
0.0 0.390625 0.965625 0.021094 0.035156
0.0 0.434375 0.928906 0.013281 0.026562
0.0 0.793750 0.442187 0.016406 0.021875
0.0 0.600000 0.450000 0.010156 0.020312
0.0 0.808594 0.314844 0.015625 0.020312
0.0 0.940625 0.282813 0.013281 0.039844
0.0 0.844531 0.975000 0.015625 0.044531
0.0 0.818750 0.985937 0.016406 0.027344
0.0 0.732812 0.907031 0.017187 0.029688
0.0 0.615625 0.985937 0.018750 0.027344
0.0 0.588281 0.960156 0.016406 0.042969
0.0 0.623437 0.931250 0.016406 0.028125
0.0 0.810156 0.861719 0.014844 0.025000
0.0 0.786719 0.869531 0.011719 0.034375
0.0 0.915625 0.909375 0.013281 0.037500
0.0 0.892969 0.888281 0.028125 0.075000
0.0 0.920313 0.861719 0.019531 0.049219
0.0 0.936719 0.798437 0.011719 0.032031
0.0 0.920313 0.786719 0.010937 0.035938
0.0 0.885156 0.808594 0.014844 0.039062
0.0 0.618750 0.832031 0.017969 0.027344
0.0 0.639844 0.787500 0.012500 0.016406
0.0 0.364062 0.834375 0.028906 0.045313
0.0 0.706250 0.665625 0.011719 0.041406
0.0 0.683594 0.600781 0.016406 0.035156
0.0 0.931250 0.456250 0.013281 0.028906
0.0 0.807812 0.722656 0.013281 0.021875
0.0 0.825781 0.658594 0.010938 0.023438
0.0 0.914062 0.217187 0.008594 0.017188
0.0 0.750000 0.871094 0.011719 0.023438
