1.0 0.539844 0.147656 0.114063 0.267188
0.0 0.753125 0.040625 0.084375 0.080469
0.0 0.267188 0.064062 0.096094 0.128125
0.0 0.387500 0.267187 0.042188 0.079687
0.0 0.385156 0.436719 0.046875 0.081250
0.0 0.432813 0.536719 0.064062 0.091406
0.0 0.549219 0.567969 0.076563 0.114844
0.0 0.687500 0.697656 0.060156 0.111719
0.0 0.497656 0.712500 0.046094 0.141406
0.0 0.428906 0.638281 0.098437 0.058594
0.0 0.281250 0.604688 0.049219 0.092969
0.0 0.326562 0.945312 0.040625 0.109375
0.0 0.473437 0.923437 0.029688 0.035938
0.0 0.552344 0.876562 0.023438 0.062500
0.0 0.709375 0.934375 0.039062 0.071094
