0.0 0.279794 0.737257 0.084322 0.126086
0.0 0.201219 0.745466 0.101622 0.208641
0.0 0.073039 0.356591 0.120208 0.270295
0.0 0.026507 0.565893 0.053013 0.156168
0.0 0.013481 0.241243 0.026962 0.078778
0.0 0.144096 0.376423 0.089736 0.136720
0.0 0.601696 0.702452 0.063063 0.125056
0.0 0.501255 0.702187 0.063670 0.138714
0.0 0.600163 0.391211 0.070785 0.189550
0.0 0.060190 0.789431 0.062245 0.139247
0.0 0.447849 0.500167 0.058928 0.147022
0.0 0.596116 0.252700 0.054571 0.123741
0.0 0.486471 0.126581 0.053920 0.187693
0.0 0.434820 0.671362 0.057649 0.114422
0.0 0.154175 0.615192 0.105444 0.170047
0.0 0.380644 0.535867 0.047429 0.106811
0.0 0.415573 0.215030 0.044396 0.101820
0.0 0.522020 0.417536 0.070776 0.179752
0.0 0.356170 0.209204 0.059019 0.118401
