0.0 0.760937 0.059375 0.047656 0.103906
0.0 0.945312 0.311719 0.030469 0.032031
1.0 0.592969 0.339063 0.275781 0.274219
0.0 0.457031 0.435156 0.075781 0.088281
0.0 0.428125 0.622656 0.025781 0.138281
0.0 0.389063 0.503125 0.074219 0.080469
0.0 0.520312 0.687500 0.033594 0.068750
0.0 0.485156 0.610937 0.048437 0.119531
0.0 0.385938 0.192969 0.051563 0.083594
0.0 0.268750 0.146094 0.023438 0.045312
0.0 0.050781 0.159375 0.036719 0.022656
0.0 0.833594 0.800000 0.249219 0.400000
0.0 0.768750 0.758594 0.026563 0.040625
0.0 0.619531 0.700000 0.026563 0.042969
0.0 0.446875 0.866406 0.053125 0.064844
0.0 0.267969 0.792969 0.071094 0.062500
0.0 0.130469 0.345313 0.041406 0.060938
0.0 0.092188 0.325000 0.029688 0.080469
0.0 0.103906 0.687500 0.054688 0.084375
0.0 0.035937 0.687500 0.017187 0.031250
0.0 0.153906 0.968750 0.015625 0.028906
0.0 0.103906 0.885938 0.029688 0.058594
0.0 0.078906 0.859375 0.021094 0.037500
0.0 0.299219 0.415625 0.021094 0.030469
0.0 0.275781 0.535937 0.015625 0.053125
0.0 0.146875 0.450781 0.020313 0.030469
0.0 0.126562 0.482812 0.014844 0.028906
0.0 0.853906 0.518750 0.038281 0.060156
0.0 0.410937 0.959375 0.016406 0.043750
0.0 0.383594 0.985156 0.016406 0.025781
0.0 0.102344 0.050000 0.021094 0.021094
0.0 0.015625 0.432031 0.014844 0.035156
0.0 0.250000 0.450781 0.017969 0.035156
0.0 0.177344 0.985937 0.012500 0.027344
0.0 0.266406 0.903125 0.019531 0.023438
0.0 0.110937 0.803906 0.018750 0.024219
