0.0 0.806985 0.426027 0.100275 0.198959
0.0 0.600844 0.677305 0.176535 0.440361
0.0 0.789467 0.779872 0.081598 0.138660
0.0 0.522316 0.430825 0.102828 0.086716
0.0 0.365146 0.528988 0.063472 0.156785
0.0 0.324244 0.867030 0.048933 0.059002
0.0 0.160672 0.959624 0.062247 0.080752
0.0 0.492503 0.822561 0.081396 0.114291
0.0 0.444109 0.127556 0.078512 0.081197
0.0 0.564701 0.169035 0.041131 0.086109
0.0 0.526889 0.275740 0.096062 0.098747
0.0 0.358527 0.319435 0.064304 0.128750
0.0 0.488888 0.564531 0.063174 0.097411
0.0 0.453961 0.704742 0.038604 0.072841
0.0 0.381712 0.031828 0.075059 0.049549
0.0 0.486995 0.473358 0.059151 0.078619
0.0 0.511020 0.641975 0.055176 0.077329
0.0 0.434019 0.779906 0.043145 0.084095
