0.0 0.165012 0.811383 0.310711 0.377235
0.0 0.060082 0.779989 0.055394 0.125839
0.0 0.231813 0.791811 0.038243 0.064120
0.0 0.125936 0.546888 0.045318 0.085572
0.0 0.066990 0.605503 0.049453 0.088989
0.0 0.236745 0.622179 0.034048 0.059925
0.0 0.386806 0.718732 0.035786 0.062382
0.0 0.528249 0.612222 0.065222 0.132792
0.0 0.488781 0.689707 0.043638 0.073828
0.0 0.584816 0.624312 0.030774 0.147942
0.0 0.536770 0.418022 0.080315 0.107631
0.0 0.770903 0.781554 0.074617 0.083962
0.0 0.585236 0.873455 0.070367 0.099120
0.0 0.187596 0.066501 0.061976 0.090729
0.0 0.129802 0.180661 0.032312 0.067534
0.0 0.017363 0.340853 0.034726 0.064421
0.0 0.951971 0.028365 0.030341 0.056730
0.0 0.945699 0.091842 0.051302 0.052739
0.0 0.881201 0.002968 0.026133 0.005937
0.0 0.847168 0.007346 0.023498 0.014692
0.0 0.808883 0.017477 0.027936 0.034955
0.0 0.712738 0.109036 0.029612 0.052614
0.0 0.593032 0.162153 0.064852 0.087854
0.0 0.736445 0.517798 0.026619 0.063998
0.0 0.614503 0.491164 0.084383 0.080070
0.0 0.949806 0.226300 0.012773 0.045121
0.0 0.914827 0.280715 0.041481 0.075985
0.0 0.873969 0.309726 0.050232 0.089049
0.0 0.996030 0.662498 0.007939 0.044404
0.0 0.933195 0.660897 0.057363 0.091148
0.0 0.976085 0.861317 0.027946 0.101266
0.0 0.952181 0.876482 0.039983 0.076644
0.0 0.965997 0.771201 0.017803 0.030023
0.0 0.933946 0.792480 0.017445 0.035415
0.0 0.859361 0.851518 0.014209 0.033617
0.0 0.833899 0.866804 0.015050 0.044522
0.0 0.780520 0.906184 0.018882 0.033978
0.0 0.715882 0.718413 0.031530 0.057408
0.0 0.230800 0.321746 0.059336 0.076588
0.0 0.417669 0.982195 0.035961 0.035610
0.0 0.353737 0.986054 0.013730 0.027892
0.0 0.703400 0.394193 0.026792 0.036136
0.0 0.806767 0.423828 0.014815 0.061538
0.0 0.758474 0.427555 0.023017 0.037394
0.0 0.889044 0.454307 0.040274 0.040274
0.0 0.866568 0.427049 0.035721 0.041471
0.0 0.331243 0.151012 0.046210 0.056992
0.0 0.669940 0.783077 0.021159 0.033379
0.0 0.650539 0.836290 0.024272 0.023553
0.0 0.665483 0.938568 0.025832 0.033740
0.0 0.631278 0.972550 0.017625 0.037752
0.0 0.848779 0.704240 0.016302 0.020615
0.0 0.900731 0.961160 0.023253 0.020377
0.0 0.899914 0.554549 0.027390 0.033860
0.0 0.808829 0.277925 0.012172 0.037331
0.0 0.765780 0.166845 0.025051 0.023613
0.0 0.724671 0.639377 0.022364 0.059024
0.0 0.700749 0.583239 0.029667 0.033261
0.0 0.636015 0.739464 0.022834 0.024991
0.0 0.389117 0.860381 0.028352 0.046323
3.0 0.300395 0.441747 0.175603 0.188542
