0.0 0.499345 0.303001 0.058505 0.144639
3.0 0.583402 0.676229 0.166532 0.493687
0.0 0.541896 0.437261 0.064980 0.151869
0.0 0.439123 0.473015 0.073310 0.095977
0.0 0.684374 0.744377 0.024010 0.042899
0.0 0.731978 0.959707 0.055929 0.080585
0.0 0.256272 0.929837 0.108653 0.127542
0.0 0.338482 0.973927 0.023077 0.038188
0.0 0.424631 0.944668 0.021038 0.047483
0.0 0.379951 0.707160 0.027159 0.043781
0.0 0.391862 0.532454 0.038318 0.051162
0.0 0.432183 0.373520 0.073127 0.042149
0.0 0.293870 0.396399 0.035928 0.073706
0.0 0.711584 0.097262 0.028015 0.046148
0.0 0.348695 0.079257 0.033968 0.109523
0.0 0.559212 0.143917 0.018190 0.031790
0.0 0.490252 0.101038 0.031037 0.043126
0.0 0.679090 0.304131 0.045829 0.090407
0.0 0.540029 0.060440 0.023201 0.017912
