1.0 0.438420 0.680601 0.233039 0.516861
0.0 0.451722 0.434873 0.079534 0.141235
0.0 0.471286 0.303637 0.070847 0.148135
0.0 0.555018 0.462814 0.085078 0.095470
0.0 0.551201 0.363755 0.082262 0.063427
0.0 0.597665 0.067692 0.054431 0.125224
0.0 0.243321 0.127745 0.033971 0.048259
0.0 0.691163 0.368491 0.049550 0.108653
0.0 0.648486 0.688475 0.036536 0.064464
0.0 0.606949 0.521035 0.052863 0.067801
0.0 0.327910 0.968602 0.070623 0.062796
0.0 0.349712 0.769788 0.029469 0.062592
0.0 0.300265 0.327548 0.061614 0.113572
0.0 0.398767 0.155340 0.029379 0.043018
0.0 0.461618 0.102677 0.042664 0.055654
0.0 0.720443 0.953135 0.040993 0.040343
0.0 0.629132 0.935952 0.034704 0.052889
0.0 0.793608 0.895675 0.123962 0.141498
0.0 0.407057 0.067811 0.025599 0.033392
0.0 0.570244 0.154295 0.033816 0.066290
