0.0 0.166406 0.802344 0.251563 0.395312
0.0 0.232812 0.760937 0.025781 0.048438
0.0 0.065625 0.738281 0.040625 0.105469
0.0 0.146094 0.518750 0.035937 0.068750
0.0 0.244531 0.604688 0.023438 0.040625
0.0 0.382812 0.696094 0.039844 0.059375
0.0 0.476562 0.685156 0.032812 0.065625
0.0 0.053906 0.316406 0.023437 0.045313
0.0 0.176563 0.176562 0.019531 0.051563
0.0 0.239844 0.064062 0.045313 0.099219
0.0 0.365625 0.155469 0.029688 0.046875
0.0 0.420312 0.203125 0.013281 0.038281
0.0 0.541406 0.432031 0.072656 0.082031
0.0 0.614844 0.504687 0.078906 0.070312
0.0 0.685156 0.502344 0.028125 0.025000
0.0 0.701563 0.417188 0.021094 0.041406
0.0 0.748438 0.452344 0.022656 0.026562
0.0 0.724219 0.537500 0.023438 0.050781
0.0 0.691406 0.717969 0.028906 0.047656
0.0 0.731250 0.792187 0.067969 0.063281
0.0 0.733594 0.900781 0.016406 0.025000
0.0 0.787500 0.865625 0.011719 0.045312
0.0 0.811719 0.858594 0.015625 0.029687
0.0 0.895312 0.885156 0.028125 0.061719
0.0 0.921875 0.878906 0.021094 0.083594
0.0 0.886719 0.803906 0.011719 0.030469
0.0 0.900000 0.685937 0.053125 0.096094
0.0 0.965625 0.689844 0.021875 0.035937
0.0 0.983594 0.724219 0.021875 0.025781
0.0 0.921094 0.792969 0.019531 0.037500
0.0 0.957031 0.778906 0.016406 0.034375
0.0 0.589063 0.957812 0.017187 0.046094
0.0 0.617188 0.985937 0.017187 0.025000
0.0 0.393750 0.958594 0.026563 0.038281
0.0 0.330469 0.949219 0.019531 0.029687
0.0 0.367969 0.828125 0.028125 0.038281
0.0 0.613281 0.189844 0.050781 0.069531
0.0 0.727344 0.147656 0.030469 0.053125
0.0 0.948438 0.156250 0.037500 0.035938
0.0 0.965625 0.066406 0.013281 0.073437
0.0 0.987500 0.137500 0.024219 0.057812
0.0 0.515625 0.613281 0.042969 0.112500
0.0 0.569531 0.624219 0.019531 0.134375
0.0 0.794531 0.442187 0.014844 0.022656
0.0 0.851562 0.452344 0.025781 0.027344
0.0 0.871875 0.480469 0.017969 0.025781
0.0 0.983594 0.430469 0.012500 0.033594
0.0 0.557031 0.864844 0.060156 0.062500
0.0 0.089062 0.576562 0.035156 0.050000
0.0 0.033594 0.782813 0.015625 0.017188
0.0 0.054688 0.889063 0.014063 0.021094
0.0 0.707031 0.666406 0.014063 0.039062
0.0 0.616406 0.828906 0.016406 0.025781
0.0 0.906250 0.321875 0.025000 0.078125
0.0 0.867969 0.353906 0.039844 0.072656
0.0 0.942187 0.275781 0.010937 0.028125
0.0 0.773438 0.207812 0.015625 0.028125
0.0 0.810156 0.716406 0.015625 0.025781
0.0 0.258594 0.313281 0.056250 0.057031
0.0 0.599219 0.445312 0.012500 0.019531
0.0 0.830469 0.053906 0.014063 0.057812
0.0 0.867969 0.043750 0.009375 0.022656
0.0 0.896094 0.048437 0.022656 0.032031
0.0 0.974219 0.240625 0.015625 0.042187
0.0 0.932813 0.454687 0.011719 0.025000
0.0 0.625000 0.928125 0.008594 0.013281
0.0 0.818750 0.989063 0.007812 0.014844
0.0 0.846094 0.971094 0.017187 0.025781
0.0 0.752344 0.870312 0.014844 0.017188
0.0 0.610937 0.735938 0.012500 0.021875
0.0 0.807031 0.312500 0.014844 0.029688
0.0 0.548437 0.650781 0.016406 0.025000
0.0 0.828125 0.655469 0.015625 0.018750
0.0 0.685938 0.598437 0.021875 0.031250
0.0 0.642969 0.782031 0.012500 0.021094
0.0 0.501562 0.982812 0.022656 0.034375
0.0 0.432813 0.920313 0.015625 0.029687
