0.0 0.733594 0.847656 0.035938 0.053906
0.0 0.303125 0.846875 0.053125 0.092969
0.0 0.550781 0.798438 0.033594 0.022656
0.0 0.467187 0.835938 0.039844 0.045312
0.0 0.704687 0.665625 0.047656 0.071094
0.0 0.491406 0.669531 0.043750 0.118750
0.0 0.252344 0.588281 0.044531 0.090625
0.0 0.423438 0.520312 0.068750 0.083594
0.0 0.407031 0.605469 0.089063 0.032812
0.0 0.549219 0.563281 0.074219 0.095312
0.0 0.369531 0.471875 0.051562 0.042187
0.0 0.364844 0.320312 0.029688 0.047656
0.0 0.275781 0.088281 0.260938 0.176563
0.0 0.326562 0.096094 0.025000 0.015625
0.0 0.783594 0.105469 0.071875 0.131250
