0.0 0.415465 0.158412 0.013719 0.021397
0.0 0.446537 0.369686 0.026527 0.131920
0.0 0.291854 0.562018 0.018017 0.033372
0.0 0.245599 0.522748 0.015606 0.032357
0.0 0.313471 0.319208 0.012164 0.021238
0.0 0.387705 0.122599 0.008961 0.012451
0.0 0.105566 0.856357 0.008818 0.018589
0.0 0.111123 0.717140 0.012561 0.025124
0.0 0.174136 0.653674 0.014021 0.016812
0.0 0.196001 0.762704 0.016526 0.026298
0.0 0.191987 0.309176 0.012942 0.021317
0.0 0.213476 0.252470 0.012085 0.020461
0.0 0.324849 0.384763 0.025536 0.024140
0.0 0.317670 0.478267 0.019239 0.022728
0.0 0.355005 0.427888 0.009500 0.010198
0.0 0.287919 0.107712 0.010674 0.014164
0.0 0.387077 0.205777 0.012926 0.013624
0.0 0.414425 0.253328 0.012070 0.012768
0.0 0.127918 0.236678 0.009659 0.011753
0.0 0.040631 0.230133 0.014798 0.016892
0.0 0.095491 0.161909 0.013783 0.014481
0.0 0.201504 0.531602 0.011070 0.018050
0.0 0.201343 0.494676 0.010674 0.014164
0.0 0.064744 0.501950 0.010055 0.015639
0.0 0.095769 0.498046 0.005931 0.012911
0.0 0.091262 0.018553 0.009199 0.014782
0.0 0.010674 0.523923 0.011719 0.031961
0.0 0.027727 0.549220 0.007105 0.016876
0.0 0.006652 0.714911 0.013303 0.051010
0.0 0.038363 0.675953 0.009531 0.025584
