0.0 0.556250 0.118750 0.079687 0.098438
0.0 0.747656 0.199219 0.071094 0.076562
0.0 0.928125 0.097656 0.057812 0.096094
0.0 0.917187 0.298438 0.059375 0.092188
0.0 0.988281 0.303906 0.023438 0.067969
0.0 0.879688 0.535937 0.044531 0.083594
0.0 0.927344 0.682031 0.033594 0.093750
0.0 0.889063 0.658594 0.041406 0.099219
0.0 0.990625 0.949219 0.018750 0.100781
0.0 0.973437 0.867969 0.042188 0.060938
0.0 0.921875 0.979688 0.020313 0.040625
0.0 0.883594 0.982813 0.010156 0.032031
0.0 0.846094 0.969531 0.024219 0.060938
0.0 0.877344 0.914062 0.014063 0.042187
0.0 0.223437 0.953906 0.057031 0.091406
0.0 0.156250 0.839063 0.020313 0.062500
0.0 0.032031 0.699219 0.041406 0.068750
0.0 0.745313 0.875781 0.031250 0.065625
0.0 0.618750 0.826563 0.057031 0.083594
0.0 0.542188 0.576563 0.077344 0.109375
0.0 0.618750 0.493750 0.080469 0.069531
0.0 0.571094 0.370313 0.024219 0.145312
0.0 0.475781 0.306250 0.035938 0.087500
0.0 0.519531 0.380469 0.054688 0.125000
0.0 0.374219 0.289844 0.024219 0.051562
0.0 0.213281 0.230469 0.026562 0.044531
0.0 0.038281 0.246875 0.050781 0.116406
0.0 0.703906 0.268750 0.030469 0.061719
0.0 0.652344 0.200781 0.015625 0.025000
0.0 0.623437 0.149219 0.013281 0.029687
0.0 0.614062 0.253125 0.014844 0.024219
0.0 0.829688 0.121094 0.013281 0.025781
0.0 0.802344 0.113281 0.018750 0.052344
0.0 0.748437 0.074219 0.014844 0.040625
0.0 0.981250 0.201562 0.016406 0.025781
0.0 0.944531 0.196875 0.019531 0.044531
0.0 0.910938 0.177344 0.014844 0.036719
0.0 0.713281 0.592969 0.027344 0.056250
0.0 0.124219 0.482813 0.046875 0.066406
0.0 0.060938 0.421094 0.044531 0.091406
0.0 0.244531 0.701563 0.052344 0.066406
0.0 0.228906 0.394531 0.028125 0.053125
0.0 0.007031 0.205469 0.014063 0.048438
0.0 0.319531 0.028906 0.023438 0.042188
0.0 0.428125 0.059375 0.016406 0.041406
0.0 0.382031 0.016406 0.024219 0.032812
0.0 0.357813 0.154687 0.022656 0.036719
0.0 0.737500 0.462500 0.025000 0.069531
0.0 0.811719 0.550000 0.025000 0.053125
0.0 0.764062 0.549219 0.017969 0.042187
0.0 0.689063 0.497656 0.026563 0.050781
0.0 0.955469 0.552344 0.021094 0.030469
0.0 0.967188 0.742188 0.017969 0.046094
0.0 0.989844 0.710156 0.011719 0.029688
0.0 0.794531 0.803906 0.021094 0.049219
0.0 0.844531 0.333594 0.016406 0.043750
0.0 0.829688 0.269531 0.009375 0.020312
0.0 0.895313 0.407813 0.019531 0.038281
0.0 0.862500 0.198437 0.007812 0.022656
0.0 0.632031 0.046875 0.018750 0.038281
0.0 0.592187 0.020312 0.016406 0.040625
0.0 0.655469 0.119531 0.009375 0.022656
0.0 0.863281 0.012500 0.011719 0.024219
0.0 0.707812 0.361719 0.028125 0.078125
0.0 0.887500 0.773438 0.023438 0.033594
1.0 0.306250 0.574219 0.164844 0.179688
