1.0 0.542188 0.839062 0.105469 0.289844
0.0 0.378906 0.721875 0.040625 0.055469
0.0 0.435156 0.470312 0.088281 0.086719
0.0 0.389844 0.544531 0.042969 0.060938
0.0 0.428125 0.372656 0.096094 0.039844
0.0 0.278125 0.387500 0.054688 0.105469
0.0 0.258594 0.946875 0.104687 0.106250
0.0 0.327344 0.064062 0.050000 0.125000
0.0 0.399219 0.110156 0.026562 0.031250
0.0 0.369531 0.143750 0.032812 0.068750
0.0 0.495313 0.289062 0.045313 0.159375
0.0 0.546094 0.427344 0.065625 0.140625
0.0 0.756250 0.971875 0.063281 0.054688
0.0 0.682813 0.284375 0.046094 0.101562
0.0 0.711719 0.071875 0.035937 0.061719
0.0 0.551562 0.124219 0.020312 0.060938
0.0 0.526563 0.029688 0.025000 0.038281
0.0 0.473437 0.075781 0.047656 0.041406
0.0 0.497656 0.149219 0.014844 0.050781
0.0 0.224219 0.700000 0.022656 0.078906
0.0 0.303125 0.749219 0.025000 0.064062
0.0 0.228906 0.821875 0.020313 0.042969
0.0 0.280469 0.028906 0.012500 0.032812
0.0 0.259375 0.055469 0.020313 0.054688
0.0 0.331250 0.230469 0.020313 0.048437
0.0 0.301562 0.275000 0.020313 0.032812
0.0 0.284375 0.218750 0.013281 0.021094
0.0 0.243750 0.266406 0.016406 0.028906
0.0 0.703125 0.755469 0.021094 0.050781
0.0 0.226562 0.327344 0.028125 0.047656
0.0 0.442187 0.972656 0.034375 0.054688
0.0 0.613281 0.953906 0.039062 0.092188
0.0 0.359375 0.293750 0.016406 0.025781
0.0 0.440625 0.145312 0.019531 0.048437
0.0 0.246875 0.621875 0.012500 0.029688
