1.0 0.595312 0.325781 0.154688 0.495312
0.0 0.342969 0.914844 0.061719 0.110156
0.0 0.476562 0.890625 0.023438 0.055469
0.0 0.500000 0.702344 0.042969 0.163281
0.0 0.550000 0.858594 0.034375 0.046094
0.0 0.700781 0.914062 0.043750 0.027344
0.0 0.668750 0.700781 0.059375 0.078906
0.0 0.388281 0.475000 0.039062 0.053125
0.0 0.440625 0.516406 0.063281 0.105469
0.0 0.437500 0.623437 0.089844 0.061719
0.0 0.542969 0.575781 0.069531 0.128906
0.0 0.296094 0.589063 0.048437 0.103125
0.0 0.388281 0.282812 0.042188 0.076563
0.0 0.271094 0.066406 0.104688 0.132812
0.0 0.350781 0.028125 0.020312 0.055469
0.0 0.746875 0.047656 0.068750 0.095312
