0.0 0.537635 0.609980 0.071986 0.120784
0.0 0.613280 0.485583 0.103173 0.103173
0.0 0.529246 0.440900 0.100135 0.132456
0.0 0.589181 0.614379 0.076551 0.155135
0.0 0.515355 0.686098 0.057690 0.086209
0.0 0.171186 0.115308 0.073162 0.123228
0.0 0.032291 0.398409 0.046603 0.078290
0.0 0.620322 0.854018 0.071539 0.088650
0.0 0.783581 0.745113 0.077243 0.082946
0.0 0.562147 0.182038 0.072306 0.101458
0.0 0.226499 0.816274 0.316690 0.367453
0.0 0.116306 0.811978 0.067007 0.122143
0.0 0.109274 0.650592 0.043890 0.062903
0.0 0.926160 0.622402 0.066422 0.101912
0.0 0.885567 0.086149 0.050003 0.046834
1.0 0.377607 0.350225 0.327843 0.337349
0.0 0.310880 0.192223 0.031131 0.041271
0.0 0.839233 0.295815 0.053569 0.096664
0.0 0.873362 0.264413 0.051081 0.091007
0.0 0.418682 0.718213 0.034477 0.056025
0.0 0.281041 0.805942 0.034658 0.061275
0.0 0.665661 0.112225 0.037962 0.058876
0.0 0.968035 0.804522 0.063930 0.102410
0.0 0.156534 0.581177 0.052442 0.073356
