3.0 0.696807 0.554386 0.179807 0.194743
0.0 0.813049 0.929379 0.063050 0.095056
0.0 0.051342 0.969022 0.030520 0.061956
0.0 0.119852 0.993378 0.027378 0.013244
0.0 0.195527 0.983245 0.030076 0.033510
0.0 0.056037 0.907620 0.040919 0.044475
0.0 0.673585 0.848876 0.034289 0.039268
0.0 0.286324 0.895603 0.037994 0.064310
0.0 0.408324 0.837249 0.066378 0.079891
0.0 0.381421 0.507089 0.083394 0.089084
0.0 0.463500 0.576858 0.085045 0.099270
0.0 0.415624 0.376323 0.030119 0.143206
0.0 0.474606 0.378294 0.063226 0.132927
0.0 0.504946 0.302752 0.039001 0.075985
0.0 0.606549 0.280659 0.032277 0.060726
0.0 0.225122 0.213181 0.072913 0.075047
0.0 0.405082 0.117679 0.072739 0.081985
0.0 0.572870 0.012551 0.030706 0.025103
0.0 0.641460 0.018398 0.023486 0.036796
0.0 0.824594 0.182887 0.293776 0.365773
0.0 0.760917 0.197558 0.028358 0.051118
0.0 0.936197 0.211456 0.058058 0.117802
0.0 0.019256 0.144678 0.034036 0.108005
0.0 0.046338 0.131365 0.036854 0.095887
0.0 0.005099 0.345738 0.010198 0.046246
0.0 0.065105 0.339898 0.057333 0.091472
0.0 0.135662 0.148754 0.023594 0.040663
0.0 0.162877 0.136998 0.016078 0.043105
0.0 0.214342 0.097273 0.024211 0.029900
0.0 0.328948 0.062297 0.020722 0.034235
0.0 0.363893 0.031054 0.022305 0.043642
0.0 0.324712 0.213219 0.018762 0.029431
0.0 0.344613 0.162101 0.017715 0.026250
0.0 0.266178 0.343730 0.016320 0.036946
0.0 0.280603 0.283675 0.034612 0.060928
0.0 0.264115 0.483487 0.030720 0.060592
0.0 0.296206 0.610104 0.033135 0.043804
0.0 0.191703 0.571283 0.024695 0.062390
0.0 0.240499 0.573348 0.020279 0.038060
0.0 0.108471 0.551800 0.026814 0.033215
0.0 0.133085 0.582611 0.030907 0.035886
0.0 0.030415 0.819653 0.013301 0.046729
0.0 0.054570 0.781499 0.012992 0.052110
0.0 0.086656 0.726194 0.037230 0.091284
0.0 0.127492 0.690522 0.048704 0.089956
0.0 0.191762 0.726540 0.015649 0.029162
0.0 0.235541 0.834114 0.022815 0.040596
0.0 0.232908 0.730833 0.018494 0.026317
0.0 0.141224 0.367837 0.016051 0.033832
0.0 0.152374 0.297086 0.008952 0.023177
0.0 0.015621 0.639006 0.014186 0.039079
0.0 0.981857 0.654450 0.036286 0.053413
0.0 0.872915 0.450590 0.036666 0.075784
0.0 0.928056 0.380750 0.042798 0.066269
0.0 0.757379 0.365671 0.030733 0.042824
0.0 0.773197 0.676398 0.064177 0.081247
0.0 0.606309 0.805276 0.017675 0.034745
0.0 0.961814 0.162982 0.022922 0.032880
0.0 0.933602 0.054066 0.017205 0.029296
0.0 0.611215 0.143815 0.030156 0.045092
0.0 0.298240 0.415460 0.032464 0.036020
0.0 0.299929 0.325921 0.014843 0.019822
0.0 0.360988 0.261060 0.018695 0.028652
0.0 0.004913 0.249194 0.009826 0.048313
0.0 0.014427 0.225078 0.025083 0.040019
0.0 0.029686 0.229251 0.013246 0.028182
0.0 0.061102 0.211643 0.012065 0.023445
0.0 0.096687 0.042335 0.023338 0.019782
0.0 0.087115 0.840640 0.014495 0.033698
0.0 0.137023 0.801049 0.019983 0.025673
0.0 0.305920 0.513600 0.020520 0.031900
0.0 0.046995 0.584546 0.013045 0.025847
0.0 0.159453 0.952024 0.013716 0.033631
0.0 0.873811 0.806516 0.027674 0.061102
0.0 0.113065 0.232255 0.013622 0.023579
0.0 0.310860 0.134430 0.015716 0.029940
0.0 0.092579 0.440253 0.017581 0.024693
