0.0 0.195086 0.186823 0.289854 0.373646
0.0 0.261638 0.211073 0.035923 0.056789
0.0 0.150222 0.442122 0.051745 0.068438
0.0 0.101002 0.379618 0.044952 0.076947
0.0 0.257616 0.369329 0.029952 0.058469
0.0 0.401359 0.286992 0.041487 0.051225
0.0 0.496935 0.311937 0.036782 0.057648
0.0 0.596847 0.145666 0.069572 0.077223
0.0 0.636147 0.055523 0.015070 0.048455
0.0 0.668261 0.086383 0.025252 0.050291
0.0 0.666600 0.027294 0.018146 0.026493
0.0 0.760373 0.234293 0.080857 0.082248
0.0 0.931517 0.160328 0.034570 0.065869
0.0 0.953354 0.161831 0.036192 0.096009
0.0 0.193397 0.906969 0.069559 0.106423
0.0 0.332685 0.829664 0.039113 0.057892
0.0 0.391266 0.787888 0.015076 0.033855
0.0 0.240442 0.660531 0.059145 0.073056
0.0 0.037810 0.637717 0.025377 0.044157
0.0 0.907415 0.892273 0.045867 0.041694
0.0 0.851796 0.688488 0.047647 0.087988
0.0 0.883991 0.718571 0.035259 0.079773
0.0 0.784116 0.584772 0.019819 0.035121
0.0 0.843575 0.587078 0.030616 0.035485
0.0 0.867893 0.557421 0.026242 0.030415
0.0 0.592813 0.566288 0.017288 0.025634
0.0 0.682223 0.515176 0.024074 0.031725
0.0 0.724945 0.489804 0.026762 0.057366
0.0 0.612294 0.507845 0.081064 0.076891
0.0 0.583332 0.386979 0.041901 0.135798
0.0 0.528823 0.389905 0.059941 0.124626
0.0 0.532377 0.573307 0.082567 0.098565
0.0 0.095412 0.215642 0.054759 0.097186
0.0 0.375899 0.035309 0.022927 0.035447
0.0 0.440508 0.033442 0.023660 0.042440
0.0 0.143456 0.783904 0.030321 0.054665
0.0 0.582983 0.817413 0.064007 0.082787
0.0 0.691048 0.880587 0.025866 0.048819
0.0 0.943607 0.801803 0.023209 0.045467
0.0 0.975018 0.622067 0.017319 0.047923
0.0 0.981778 0.362765 0.023253 0.038555
0.0 0.914261 0.354901 0.056889 0.088188
0.0 0.822212 0.161437 0.019575 0.032790
0.0 0.774270 0.124204 0.013403 0.025227
0.0 0.882322 0.060121 0.042841 0.042145
0.0 0.917156 0.237375 0.014669 0.029971
0.0 0.955235 0.256292 0.035892 0.034501
0.0 0.995211 0.333640 0.009578 0.040435
0.0 0.689580 0.602355 0.025785 0.048042
0.0 0.743180 0.578124 0.027057 0.038185
0.0 0.785113 0.717632 0.020396 0.025960
0.0 0.711128 0.306898 0.031224 0.048612
0.0 0.776473 0.973748 0.031380 0.052504
0.0 0.819252 0.986220 0.017814 0.027559
0.0 0.847223 0.987248 0.027220 0.025504
0.0 0.654482 0.187843 0.021536 0.036838
0.0 0.100950 0.065400 0.019005 0.027351
0.0 0.070122 0.172143 0.020390 0.040560
0.0 0.918005 0.971868 0.038079 0.056264
0.0 0.401183 0.161288 0.033837 0.058876
0.0 0.744058 0.817018 0.020797 0.044445
0.0 0.915823 0.759614 0.023736 0.057817
0.0 0.696008 0.428641 0.025302 0.028780
0.0 0.726079 0.366595 0.019945 0.028987
0.0 0.833034 0.320463 0.019989 0.022075
0.0 0.845854 0.175699 0.019249 0.029682
0.0 0.549481 0.020514 0.028529 0.037571
0.0 0.478393 0.076690 0.016592 0.026330
0.0 0.840460 0.377015 0.012664 0.032834
0.0 0.943570 0.907060 0.025089 0.048737
