1.0 0.457812 0.839062 0.105469 0.289844
0.0 0.621094 0.721875 0.040625 0.055469
0.0 0.564844 0.470312 0.088281 0.086719
0.0 0.610156 0.544531 0.042969 0.060938
0.0 0.571875 0.372656 0.096094 0.039844
0.0 0.721875 0.387500 0.054688 0.105469
0.0 0.741406 0.946875 0.104688 0.106250
0.0 0.672656 0.064062 0.050000 0.125000
0.0 0.600781 0.110156 0.026563 0.031250
0.0 0.630469 0.143750 0.032812 0.068750
0.0 0.504687 0.289062 0.045313 0.159375
0.0 0.453906 0.427344 0.065625 0.140625
0.0 0.243750 0.971875 0.063281 0.054688
0.0 0.317187 0.284375 0.046094 0.101562
0.0 0.288281 0.071875 0.035938 0.061719
0.0 0.448438 0.124219 0.020313 0.060938
0.0 0.473437 0.029688 0.025000 0.038281
0.0 0.526563 0.075781 0.047656 0.041406
0.0 0.502344 0.149219 0.014844 0.050781
0.0 0.775781 0.700000 0.022656 0.078906
0.0 0.696875 0.749219 0.025000 0.064062
0.0 0.771094 0.821875 0.020312 0.042969
0.0 0.719531 0.028906 0.012500 0.032812
0.0 0.740625 0.055469 0.020312 0.054688
0.0 0.668750 0.230469 0.020312 0.048437
0.0 0.698438 0.275000 0.020312 0.032812
0.0 0.715625 0.218750 0.013281 0.021094
0.0 0.756250 0.266406 0.016406 0.028906
0.0 0.296875 0.755469 0.021094 0.050781
0.0 0.773438 0.327344 0.028125 0.047656
0.0 0.557813 0.972656 0.034375 0.054688
0.0 0.386719 0.953906 0.039062 0.092188
0.0 0.640625 0.293750 0.016406 0.025781
0.0 0.559375 0.145312 0.019531 0.048437
0.0 0.753125 0.621875 0.012500 0.029688
