0.0 0.109657 0.401014 0.093610 0.114436
0.0 0.202460 0.387341 0.069642 0.071956
0.0 0.064200 0.080468 0.069019 0.084445
0.0 0.149803 0.115328 0.083110 0.086966
0.0 0.032838 0.257441 0.051507 0.058449
0.0 0.035996 0.445697 0.050548 0.044378
0.0 0.735126 0.248574 0.038355 0.068437
0.0 0.824317 0.320110 0.030316 0.050371
0.0 0.940594 0.370990 0.061108 0.076535
0.0 0.679924 0.393814 0.039720 0.052833
0.0 0.662156 0.347941 0.044171 0.034143
0.0 0.581431 0.513817 0.029358 0.036300
0.0 0.734664 0.150135 0.038069 0.045782
0.0 0.557510 0.228159 0.023879 0.035449
0.0 0.571966 0.259229 0.028517 0.031603
0.0 0.757486 0.781928 0.049895 0.054523
0.0 0.904623 0.863671 0.043338 0.091932
0.0 0.132822 0.193673 0.026945 0.030802
0.0 0.191723 0.341379 0.050755 0.060783
0.0 0.185209 0.258642 0.029298 0.031612
0.0 0.304378 0.167287 0.026193 0.033135
