3.0 0.562504 0.782030 0.112406 0.249337
0.0 0.368847 0.693874 0.028641 0.051837
0.0 0.371749 0.537370 0.044871 0.048613
0.0 0.421688 0.478221 0.086334 0.071369
0.0 0.545713 0.433208 0.070514 0.122144
0.0 0.710283 0.309887 0.056797 0.091965
0.0 0.732414 0.126783 0.040188 0.048419
0.0 0.821493 0.899541 0.065318 0.090759
0.0 0.650911 0.877673 0.050455 0.089364
0.0 0.749243 0.703143 0.033098 0.046567
0.0 0.408733 0.391965 0.100260 0.050127
0.0 0.297788 0.916170 0.247498 0.167661
0.0 0.335838 0.935290 0.030692 0.044909
0.0 0.191178 0.784114 0.020807 0.032031
0.0 0.182325 0.683613 0.021971 0.060132
0.0 0.258165 0.324699 0.013718 0.030179
0.0 0.239278 0.416184 0.047393 0.109498
0.0 0.171837 0.109337 0.018526 0.052197
0.0 0.199734 0.141022 0.012388 0.016877
0.0 0.225296 0.021894 0.019607 0.021851
0.0 0.221222 0.055685 0.023408 0.038373
0.0 0.280979 0.139222 0.045471 0.119549
0.0 0.460443 0.148992 0.045523 0.045523
0.0 0.514365 0.034945 0.042728 0.034498
0.0 0.520235 0.101165 0.022955 0.027445
0.0 0.546917 0.179034 0.023796 0.047740
0.0 0.488533 0.317506 0.055097 0.126181
0.0 0.189608 0.311900 0.011930 0.024651
0.0 0.174892 0.371935 0.033297 0.032549
0.0 0.443272 0.905038 0.028576 0.050276
0.0 0.614219 0.013053 0.020775 0.026105
0.0 0.667170 0.008799 0.017394 0.017598
0.0 0.690120 0.049561 0.019279 0.032747
0.0 0.334594 0.206592 0.037292 0.053753
0.0 0.371092 0.181623 0.029038 0.023800
0.0 0.420587 0.206159 0.020544 0.044488
0.0 0.326836 0.019253 0.015865 0.025593
0.0 0.485731 0.212063 0.029163 0.045624
0.0 0.293204 0.283371 0.019343 0.034308
0.0 0.328773 0.330377 0.016027 0.029496
0.0 0.276114 0.720389 0.034040 0.050502
0.0 0.205240 0.613855 0.016221 0.034179
0.0 0.621068 0.062585 0.017524 0.027999
0.0 0.225568 0.103984 0.017195 0.038895
