0.0 0.287500 0.062500 0.025781 0.056250
0.0 0.673437 0.057813 0.031250 0.115625
0.0 0.720312 0.025781 0.013281 0.030469
0.0 0.741406 0.054688 0.017187 0.035156
0.0 0.720312 0.391406 0.040625 0.111719
0.0 0.739844 0.944531 0.090625 0.110937
0.0 0.767187 0.829688 0.017969 0.046875
0.0 0.771875 0.708594 0.020313 0.044531
0.0 0.620313 0.716406 0.026562 0.057031
0.0 0.696094 0.750781 0.022656 0.057031
0.0 0.563281 0.973437 0.022656 0.046094
0.0 0.295312 0.757031 0.020312 0.050000
0.0 0.388281 0.956250 0.045313 0.087500
0.0 0.457031 0.423437 0.057813 0.136719
0.0 0.567187 0.473437 0.070312 0.082813
0.0 0.612500 0.536719 0.046094 0.056250
0.0 0.575000 0.367188 0.078906 0.046094
0.0 0.501562 0.289062 0.039062 0.143750
0.0 0.317187 0.286719 0.043750 0.099219
0.0 0.450000 0.123438 0.016406 0.045313
0.0 0.503125 0.152344 0.012500 0.036719
0.0 0.473437 0.031250 0.019531 0.054688
0.0 0.667188 0.230469 0.006250 0.026562
0.0 0.699219 0.272656 0.014844 0.031250
0.0 0.718750 0.216406 0.016406 0.016406
0.0 0.757812 0.264844 0.014844 0.031250
0.0 0.771094 0.334375 0.020313 0.052344
0.0 0.660937 0.993750 0.017187 0.011719
0.0 0.598437 0.113281 0.018750 0.014063
0.0 0.627344 0.147656 0.028125 0.068750
0.0 0.558594 0.153906 0.015625 0.052344
0.0 0.642187 0.294531 0.007812 0.031250
0.0 0.751562 0.623437 0.009375 0.029688
0.0 0.465625 0.311719 0.014844 0.024219
0.0 0.524219 0.078125 0.033594 0.050781
0.0 0.244531 0.970313 0.052344 0.059375
3.0 0.461719 0.837500 0.096875 0.296875
