0.0 0.438171 0.538865 0.077533 0.095374
0.0 0.510193 0.716307 0.064949 0.157723
0.0 0.219255 0.085171 0.085320 0.123857
0.0 0.704051 0.690739 0.060730 0.097839
0.0 0.548662 0.566500 0.079546 0.128787
0.0 0.438304 0.643904 0.089600 0.073186
0.0 0.384125 0.473598 0.057096 0.072796
0.0 0.716163 0.019124 0.055992 0.038248
1.0 0.514198 0.153090 0.118089 0.285082
0.0 0.362190 0.285708 0.029327 0.055018
0.0 0.263198 0.753361 0.017129 0.029261
0.0 0.247755 0.680956 0.017129 0.029261
0.0 0.291481 0.613026 0.046521 0.094335
0.0 0.320494 0.988272 0.017583 0.023456
0.0 0.364416 0.945143 0.049701 0.109715
0.0 0.513897 0.920612 0.033414 0.048401
0.0 0.567424 0.960835 0.023357 0.029780
0.0 0.583187 0.867798 0.024525 0.034516
0.0 0.747267 0.908213 0.034452 0.051580
0.0 0.404574 0.859953 0.030689 0.052812
0.0 0.397995 0.028720 0.030040 0.045027
0.0 0.683405 0.226788 0.030884 0.055148
0.0 0.321978 0.734349 0.015896 0.033024
0.0 0.299083 0.958119 0.018427 0.035554
0.0 0.527195 0.835620 0.016934 0.026925
0.0 0.215240 0.328533 0.016285 0.028417
0.0 0.201871 0.205782 0.014339 0.023616
0.0 0.279221 0.672845 0.017194 0.020762
0.0 0.355522 0.779375 0.015377 0.026796
0.0 0.376152 0.716506 0.015312 0.026017
