0.0 0.431207 0.628720 0.102370 0.047813
0.0 0.257050 0.638804 0.068236 0.112523
0.0 0.808113 0.822388 0.048695 0.058322
0.0 0.744855 0.642857 0.075293 0.096474
0.0 0.732940 0.048058 0.075423 0.096115
0.0 0.703221 0.251398 0.036244 0.073471
0.0 0.365908 0.489134 0.055760 0.064746
0.0 0.329760 0.339133 0.039448 0.056777
0.0 0.218839 0.125585 0.265141 0.206092
0.0 0.248372 0.107978 0.034436 0.049199
0.0 0.140811 0.289115 0.032507 0.042135
0.0 0.152407 0.386979 0.024801 0.040848
0.0 0.236512 0.330949 0.038548 0.055878
0.0 0.365894 0.114484 0.046508 0.049717
0.0 0.567407 0.102206 0.065274 0.090305
0.0 0.533400 0.856399 0.048434 0.047792
0.0 0.398142 0.819589 0.039065 0.063455
0.0 0.361186 0.906555 0.066182 0.113678
0.0 0.321531 0.986516 0.029423 0.026968
0.0 0.280660 0.917631 0.023512 0.028647
0.0 0.609031 0.806537 0.027628 0.044316
0.0 0.529482 0.685965 0.075440 0.142191
0.0 0.558973 0.554306 0.079541 0.121902
0.0 0.427836 0.546907 0.093270 0.091986
0.0 0.772312 0.906784 0.033154 0.054977
0.0 0.234486 0.745543 0.018243 0.019527
0.0 0.205696 0.691739 0.039312 0.038028
0.0 0.596603 0.888613 0.028783 0.042262
0.0 0.606778 0.963745 0.038282 0.031863
0.0 0.710811 0.960623 0.021199 0.023766
0.0 0.341220 0.753851 0.017734 0.029929
0.0 0.302677 0.722270 0.024540 0.030317
0.0 0.546476 0.792433 0.021848 0.041103
0.0 0.425313 0.995616 0.023641 0.008768
0.0 0.708733 0.900772 0.026214 0.040334
1.0 0.498733 0.207935 0.153827 0.270643
