0.0 0.856779 0.521812 0.046139 0.077948
0.0 0.860217 0.233555 0.279567 0.415451
0.0 0.917428 0.463227 0.051437 0.056277
0.0 0.761981 0.418683 0.032298 0.042671
0.0 0.708965 0.956055 0.062661 0.087889
0.0 0.595603 0.853929 0.034203 0.039043
0.0 0.784722 0.856580 0.032543 0.051905
0.0 0.922490 0.732570 0.029873 0.048543
0.0 0.955664 0.300801 0.050501 0.103746
0.0 0.799036 0.274204 0.022373 0.043117
0.0 0.639747 0.314905 0.043235 0.058447
0.0 0.542087 0.316776 0.034565 0.084352
0.0 0.498533 0.384308 0.055470 0.128075
0.0 0.452818 0.564777 0.084948 0.096012
0.0 0.353337 0.791224 0.061235 0.082671
0.0 0.060685 0.901402 0.026798 0.027490
0.0 0.233644 0.829191 0.027192 0.052086
0.0 0.722442 0.055180 0.033724 0.069682
0.0 0.657644 0.051222 0.030926 0.037149
0.0 0.667855 0.187521 0.030830 0.043277
0.0 0.463409 0.030720 0.031756 0.058724
0.0 0.437664 0.012442 0.016862 0.024885
0.0 0.484514 0.124987 0.074278 0.075661
0.0 0.149768 0.067079 0.037682 0.077788
0.0 0.127257 0.071685 0.033852 0.098852
0.0 0.061883 0.259430 0.021437 0.034575
0.0 0.124617 0.267878 0.055873 0.089756
0.0 0.117263 0.600305 0.041916 0.074416
0.0 0.077794 0.630560 0.035267 0.076756
0.0 0.017436 0.793284 0.034872 0.045330
0.0 0.003595 0.879508 0.007190 0.082799
0.0 0.126430 0.903892 0.027096 0.058213
0.0 0.326075 0.387412 0.023160 0.036298
0.0 0.283616 0.437774 0.029692 0.053894
0.0 0.389202 0.485499 0.083682 0.077459
0.0 0.318010 0.475338 0.018266 0.019649
0.0 0.445448 0.366701 0.031033 0.136139
0.0 0.336842 0.260486 0.030203 0.058554
0.0 0.148246 0.145505 0.020298 0.045192
0.0 0.311195 0.071410 0.015915 0.033202
0.0 0.234195 0.001271 0.016086 0.002542
0.0 0.203759 0.005758 0.016873 0.011515
0.0 0.203487 0.509157 0.018990 0.054256
0.0 0.144987 0.505103 0.034990 0.032224
0.0 0.127955 0.481230 0.028522 0.029213
0.0 0.246988 0.520998 0.020575 0.033713
0.0 0.289498 0.563381 0.028075 0.039139
0.0 0.010763 0.517899 0.020405 0.032160
0.0 0.036963 0.673241 0.014692 0.043043
0.0 0.016389 0.645836 0.015224 0.033894
0.0 0.007245 0.700475 0.014490 0.058724
0.0 0.059384 0.088610 0.022182 0.055373
0.0 0.115831 0.161600 0.013575 0.039851
0.0 0.097543 0.163526 0.015203 0.047702
0.0 0.077107 0.170717 0.015735 0.038554
0.0 0.040436 0.225643 0.016415 0.044766
0.0 0.421248 0.164423 0.019862 0.048213
0.0 0.252481 0.097984 0.024958 0.045703
0.0 0.303342 0.186081 0.072820 0.069363
0.0 0.313309 0.331784 0.019862 0.048213
0.0 0.170826 0.649402 0.018841 0.038894
0.0 0.192815 0.757126 0.020128 0.043639
0.0 0.718946 0.718121 0.054692 0.071980
0.0 0.550356 0.019029 0.029894 0.034735
0.0 0.136414 0.368198 0.015054 0.032341
0.0 0.110964 0.715146 0.014979 0.024660
