0.0 0.111951 0.395441 0.027811 0.027044
0.0 0.173974 0.466866 0.023346 0.039458
0.0 0.182243 0.441227 0.017448 0.015146
0.0 0.161411 0.382254 0.056486 0.058788
0.0 0.195642 0.390676 0.011407 0.026752
0.0 0.229531 0.330330 0.077715 0.066973
0.0 0.190036 0.530442 0.033625 0.046669
0.0 0.378084 0.457205 0.023124 0.026960
0.0 0.532201 0.314605 0.025329 0.019191
0.0 0.402391 0.276358 0.020628 0.018326
0.0 0.531674 0.344288 0.031005 0.031005
0.0 0.361504 0.246721 0.014365 0.017434
0.0 0.432628 0.245639 0.027395 0.003610
0.0 0.469531 0.455702 0.038076 0.033473
0.0 0.624624 0.434232 0.014435 0.021340
0.0 0.700670 0.287903 0.059888 0.074466
0.0 0.647091 0.268980 0.029387 0.027852
0.0 0.614631 0.248870 0.018340 0.021409
0.0 0.556569 0.306442 0.012567 0.004127
0.0 0.584869 0.296787 0.011869 0.008800
0.0 0.573393 0.327056 0.018188 0.012817
0.0 0.633332 0.339841 0.019246 0.028453
0.0 0.749711 0.386445 0.008075 0.014980
0.0 0.753982 0.409962 0.018257 0.016723
0.0 0.747987 0.439547 0.007252 0.012623
0.0 0.741188 0.514438 0.022301 0.024603
0.0 0.790667 0.412175 0.007964 0.008731
0.0 0.821200 0.408810 0.031703 0.026332
0.0 0.847157 0.399113 0.009554 0.010321
0.0 0.818330 0.438452 0.034060 0.027154
0.0 0.801275 0.474873 0.052261 0.040752
0.0 0.906523 0.400167 0.016723 0.018257
0.0 0.874164 0.418345 0.019107 0.020642
0.0 0.866801 0.436968 0.016639 0.013570
0.0 0.879022 0.452812 0.016612 0.012008
0.0 0.895051 0.474194 0.009789 0.023600
0.0 0.886810 0.498270 0.030099 0.023961
0.0 0.821575 0.519772 0.008019 0.011856
0.0 0.829654 0.548826 0.019875 0.019875
0.0 0.929477 0.603731 0.011171 0.013473
0.0 0.924799 0.559110 0.018354 0.022190
0.0 0.903427 0.530601 0.026429 0.037170
0.0 0.964886 0.545757 0.048425 0.044589
0.0 0.970535 0.667751 0.028467 0.020027
0.0 0.566095 0.298016 0.019764 0.013626
