0.0 0.564502 0.463453 0.072719 0.090518
0.0 0.506530 0.281179 0.053830 0.158299
0.0 0.309738 0.290847 0.054058 0.099715
0.0 0.612053 0.534882 0.049025 0.062954
0.0 0.568991 0.359499 0.086553 0.066432
0.0 0.740952 0.947748 0.085314 0.100791
0.0 0.620078 0.723096 0.022309 0.046298
0.0 0.663228 0.990670 0.018108 0.015013
3.0 0.461845 0.844906 0.093981 0.274287
0.0 0.248234 0.975894 0.046556 0.048211
0.0 0.768981 0.688878 0.011991 0.029015
0.0 0.451631 0.424672 0.070036 0.137361
0.0 0.282676 0.072343 0.028558 0.046357
0.0 0.444078 0.120823 0.028522 0.042451
0.0 0.464346 0.033128 0.022213 0.036142
0.0 0.517166 0.083413 0.032523 0.052643
0.0 0.667764 0.064128 0.037940 0.128256
0.0 0.692415 0.274738 0.015123 0.029826
0.0 0.751692 0.264022 0.013561 0.029811
0.0 0.622445 0.145705 0.025441 0.047109
0.0 0.496736 0.153922 0.016759 0.037653
0.0 0.715468 0.399526 0.033636 0.087806
0.0 0.774185 0.329438 0.010465 0.032907
0.0 0.762518 0.335017 0.015875 0.026709
0.0 0.730570 0.343912 0.018174 0.022044
0.0 0.704834 0.348843 0.017327 0.015005
0.0 0.637870 0.290097 0.015101 0.027483
0.0 0.771037 0.824021 0.022206 0.035361
0.0 0.296927 0.755051 0.027829 0.051818
0.0 0.324816 0.646971 0.019059 0.032988
0.0 0.712197 0.218299 0.014312 0.026694
0.0 0.733312 0.054811 0.015941 0.033740
0.0 0.714283 0.025302 0.016671 0.028279
0.0 0.589318 0.112422 0.014312 0.026694
0.0 0.555961 0.137737 0.020584 0.029096
0.0 0.599237 0.170143 0.015912 0.030615
0.0 0.702402 0.173858 0.018270 0.032199
0.0 0.620934 0.482453 0.018182 0.022825
0.0 0.696880 0.748154 0.025456 0.048671
0.0 0.750394 0.623425 0.018255 0.030637
0.0 0.779416 0.718468 0.010392 0.025095
0.0 0.730752 0.860340 0.018985 0.025176
0.0 0.565429 0.975967 0.030909 0.047160
0.0 0.663068 0.228138 0.015890 0.028271
