0.0 0.508654 0.695310 0.053951 0.144548
0.0 0.603895 0.461687 0.035181 0.079698
0.0 0.560165 0.528107 0.068779 0.095334
0.0 0.331310 0.695364 0.050811 0.096891
0.0 0.661065 0.914013 0.042223 0.116419
0.0 0.300906 0.907092 0.028141 0.050790
0.0 0.521997 0.896087 0.033610 0.052354
0.0 0.252984 0.039920 0.060181 0.079706
0.0 0.306175 0.257091 0.021110 0.053132
3.0 0.411665 0.326590 0.154840 0.497704
0.0 0.463305 0.578918 0.054728 0.132048
0.0 0.704716 0.592906 0.039088 0.083606
0.0 0.727210 0.065555 0.103165 0.130500
0.0 0.646730 0.027299 0.028923 0.053915
0.0 0.568006 0.621073 0.078136 0.035961
0.0 0.613216 0.289028 0.028921 0.048446
0.0 0.450890 0.853921 0.028140 0.050009
0.0 0.558456 0.050763 0.025017 0.057039
