0.0 0.645563 0.445701 0.079844 0.099258
0.0 0.672729 0.550528 0.052894 0.109193
0.0 0.389467 0.467153 0.096506 0.132745
0.0 0.543639 0.046013 0.045703 0.092027
0.0 0.471226 0.453989 0.061267 0.063209
0.0 0.416344 0.717628 0.033500 0.058738
0.0 0.193068 0.820049 0.044442 0.080034
0.0 0.169785 0.896599 0.081073 0.153550
0.0 0.074521 0.889781 0.055698 0.135941
0.0 0.021647 0.625292 0.035049 0.124352
0.0 0.093059 0.788674 0.041350 0.102827
0.0 0.102172 0.393133 0.125286 0.250828
0.0 0.030574 0.424462 0.061148 0.110559
0.0 0.046846 0.550808 0.038899 0.059607
0.0 0.095327 0.586524 0.025440 0.050678
0.0 0.622744 0.367870 0.046782 0.075903
0.0 0.604729 0.373936 0.028349 0.059411
0.0 0.595362 0.418966 0.026630 0.067399
0.0 0.556083 0.764764 0.030565 0.054508
0.0 0.698816 0.501223 0.032330 0.060803
0.0 0.657740 0.776883 0.047442 0.117331
0.0 0.329062 0.450766 0.028774 0.052717
0.0 0.457049 0.346279 0.030094 0.046919
0.0 0.496229 0.088333 0.025388 0.059685
0.0 0.625110 0.264618 0.033193 0.089492
0.0 0.527193 0.319950 0.047508 0.061744
0.0 0.149169 0.581811 0.025989 0.044756
0.0 0.471330 0.808480 0.030166 0.056698
0.0 0.585759 0.693515 0.029244 0.060306
0.0 0.339528 0.206148 0.023048 0.063817
0.0 0.380852 0.118780 0.041951 0.087897
