0.0 0.722656 0.520312 0.082812 0.221094
0.0 0.913281 0.438281 0.076562 0.167187
0.0 0.971875 0.337500 0.040625 0.096094
0.0 0.978906 0.503906 0.026563 0.129688
0.0 0.837500 0.803125 0.062500 0.084375
0.0 0.600000 0.646094 0.062500 0.092188
0.0 0.569531 0.553906 0.045313 0.057812
0.0 0.387500 0.168750 0.038281 0.121094
0.0 0.228125 0.267187 0.028906 0.087500
0.0 0.025781 0.223438 0.051563 0.099219
0.0 0.557813 0.305469 0.039844 0.117188
0.0 0.452344 0.451562 0.045313 0.059375
0.0 0.307813 0.686719 0.061719 0.117188
0.0 0.289844 0.139062 0.029688 0.094531
0.0 0.809375 0.394531 0.038281 0.060938
0.0 0.528125 0.732813 0.033594 0.072656
0.0 0.531250 0.490625 0.027344 0.077344
0.0 0.946875 0.614062 0.038281 0.050000
