0.0 0.567187 0.378906 0.019531 0.135156
0.0 0.516406 0.386719 0.056250 0.121094
0.0 0.609375 0.499219 0.082031 0.082813
0.0 0.540625 0.578906 0.073437 0.099219
0.0 0.478906 0.310156 0.028906 0.067969
0.0 0.698438 0.582812 0.021875 0.039844
0.0 0.379687 0.296875 0.027344 0.045313
0.0 0.160156 0.194531 0.251562 0.389062
0.0 0.230469 0.238281 0.028125 0.042188
0.0 0.064063 0.253906 0.041406 0.110937
0.0 0.146094 0.481250 0.039062 0.069531
0.0 0.246094 0.393750 0.025781 0.050781
0.0 0.725781 0.460156 0.028125 0.055469
0.0 0.730469 0.209375 0.071875 0.057031
0.0 0.786719 0.127344 0.016406 0.035937
0.0 0.752344 0.129688 0.016406 0.018750
0.0 0.735156 0.096094 0.017969 0.025000
0.0 0.550781 0.132031 0.046094 0.057813
0.0 0.617969 0.167187 0.014063 0.024219
0.0 0.582812 0.107813 0.013281 0.025000
0.0 0.794531 0.557031 0.014844 0.026562
0.0 0.750781 0.544531 0.018750 0.035938
0.0 0.683594 0.492188 0.019531 0.019531
0.0 0.688281 0.288281 0.024219 0.041406
0.0 0.986719 0.276563 0.020313 0.032031
0.0 0.939844 0.200781 0.020313 0.026563
0.0 0.917969 0.208594 0.014844 0.031250
0.0 0.919531 0.140625 0.021875 0.040625
0.0 0.919531 0.093750 0.014844 0.038281
0.0 0.896875 0.112500 0.029688 0.057031
0.0 0.962500 0.310937 0.023438 0.034375
0.0 0.886719 0.192969 0.013281 0.028125
0.0 0.895312 0.314844 0.044531 0.074219
0.0 0.871094 0.515625 0.023438 0.034375
0.0 0.853906 0.545313 0.033594 0.031250
0.0 0.810938 0.138281 0.017187 0.026563
0.0 0.844531 0.026562 0.017187 0.028125
0.0 0.822656 0.010937 0.014844 0.021875
0.0 0.623438 0.067188 0.016406 0.026562
0.0 0.614844 0.012500 0.015625 0.025000
0.0 0.586719 0.040625 0.015625 0.046094
0.0 0.396875 0.041406 0.014063 0.026562
0.0 0.328125 0.045313 0.017969 0.030469
0.0 0.435156 0.071875 0.020312 0.029687
0.0 0.367188 0.169531 0.028906 0.043750
0.0 0.383594 0.030469 0.012500 0.022656
0.0 0.056250 0.685156 0.032812 0.043750
0.0 0.240625 0.935938 0.050781 0.100781
0.0 0.175781 0.820312 0.017969 0.053906
0.0 0.364844 0.838281 0.025000 0.046875
0.0 0.420312 0.795313 0.015625 0.027344
0.0 0.614844 0.810156 0.052344 0.078125
0.0 0.729688 0.852344 0.026562 0.052344
0.0 0.972656 0.758594 0.022656 0.055469
0.0 0.943750 0.721875 0.022656 0.036719
0.0 0.906250 0.675000 0.026562 0.078906
0.0 0.870313 0.653125 0.041406 0.058594
0.0 0.773438 0.794531 0.010937 0.025781
0.0 0.961719 0.928906 0.023438 0.079687
0.0 0.992969 0.845312 0.014063 0.023438
0.0 0.950781 0.846875 0.045313 0.038281
0.0 0.896875 0.948438 0.021094 0.035938
0.0 0.984375 0.567187 0.016406 0.033594
0.0 0.809375 0.681250 0.015625 0.028125
0.0 0.865625 0.953125 0.013281 0.030469
0.0 0.855469 0.897656 0.017969 0.024219
0.0 0.825000 0.963281 0.020313 0.026562
0.0 0.825781 0.340625 0.014844 0.025000
0.0 0.810156 0.282031 0.015625 0.025000
