0.0 0.742188 0.713281 0.028906 0.049219
0.0 0.756250 0.133594 0.042187 0.062500
0.0 0.716406 0.332812 0.071875 0.114062
0.0 0.801562 0.903906 0.063281 0.135156
0.0 0.290625 0.914062 0.254687 0.171094
0.0 0.235156 0.411719 0.037500 0.095312
0.0 0.296094 0.137500 0.048437 0.094531
0.0 0.497656 0.330469 0.046875 0.127344
0.0 0.422656 0.475000 0.083594 0.082812
0.0 0.406250 0.388281 0.093750 0.048437
0.0 0.550781 0.441406 0.064062 0.113281
0.0 0.369531 0.536719 0.051562 0.073437
0.0 0.362500 0.692187 0.052344 0.054688
0.0 0.465625 0.142188 0.039844 0.037500
0.0 0.558594 0.175781 0.024219 0.054688
3.0 0.552344 0.797656 0.138281 0.251562
