0.0 0.807717 0.124104 0.073465 0.089088
0.0 0.300093 0.115925 0.259175 0.231851
0.0 0.375658 0.332297 0.028742 0.065196
0.0 0.371715 0.450210 0.045853 0.048085
0.0 0.343001 0.093795 0.038975 0.050878
0.0 0.413662 0.607026 0.097542 0.054393
0.0 0.422989 0.524559 0.082502 0.082502
0.0 0.491944 0.672468 0.054326 0.129465
0.0 0.547773 0.565582 0.061532 0.133695
0.0 0.252214 0.580714 0.057609 0.116381
0.0 0.292363 0.843029 0.046698 0.099518
0.0 0.702017 0.679152 0.059746 0.095456
0.0 0.720094 0.861444 0.039063 0.036087
0.0 0.544423 0.804748 0.025322 0.025322
0.0 0.449098 0.836273 0.045598 0.042622
