1.0 0.390217 0.342585 0.197364 0.512031
0.0 0.203262 0.072816 0.068477 0.090510
0.0 0.679441 0.057424 0.139728 0.114848
0.0 0.591813 0.017797 0.024585 0.035594
0.0 0.583308 0.617951 0.082484 0.065270
0.0 0.587331 0.284923 0.023195 0.042474
0.0 0.598800 0.462886 0.048867 0.072966
0.0 0.565966 0.527137 0.077631 0.096910
0.0 0.721524 0.574809 0.046167 0.103316
0.0 0.708509 0.897847 0.047658 0.116513
0.0 0.566918 0.890266 0.033138 0.055860
0.0 0.345805 0.714773 0.051047 0.085475
0.0 0.350868 0.926482 0.029101 0.020150
0.0 0.490158 0.858059 0.038586 0.063374
0.0 0.525571 0.698383 0.066195 0.158461
