0.0 0.276563 0.067969 0.121875 0.135937
0.0 0.353125 0.021875 0.027344 0.029687
0.0 0.383594 0.290625 0.019531 0.033594
0.0 0.742969 0.050000 0.062500 0.100000
0.0 0.433594 0.528125 0.058594 0.078906
0.0 0.391406 0.462500 0.040625 0.058594
0.0 0.291406 0.598437 0.028125 0.079687
0.0 0.540625 0.567969 0.060156 0.125781
0.0 0.422656 0.628906 0.092969 0.025781
0.0 0.493750 0.707031 0.040625 0.135937
0.0 0.667188 0.704687 0.047656 0.093750
0.0 0.691406 0.914062 0.042969 0.059375
0.0 0.543750 0.863281 0.032031 0.050000
0.0 0.469531 0.907812 0.042188 0.050000
0.0 0.331250 0.921875 0.046875 0.107031
