3.0 0.264664 0.562609 0.183242 0.151303
0.0 0.781890 0.823463 0.039306 0.085267
0.0 0.637529 0.763675 0.074495 0.097087
0.0 0.185656 0.871760 0.090892 0.094008
0.0 0.546678 0.568884 0.105763 0.103426
0.0 0.643035 0.476971 0.127607 0.092551
0.0 0.755269 0.570261 0.034504 0.045411
0.0 0.774338 0.458596 0.029053 0.051645
0.0 0.588607 0.386190 0.030071 0.134459
0.0 0.519817 0.400056 0.058962 0.129073
0.0 0.471571 0.332731 0.044703 0.060283
0.0 0.349733 0.319883 0.036143 0.071977
0.0 0.567357 0.167379 0.068156 0.065819
0.0 0.792150 0.239896 0.074384 0.058024
0.0 0.180666 0.156899 0.087138 0.147122
