0.0 0.422656 0.536719 0.078906 0.087500
3.0 0.545312 0.213281 0.135938 0.253906
0.0 0.492188 0.692969 0.062500 0.143750
0.0 0.718750 0.677344 0.058594 0.087500
0.0 0.414844 0.614844 0.100000 0.057812
0.0 0.294531 0.866406 0.049219 0.108594
0.0 0.213281 0.131250 0.089062 0.108594
0.0 0.805469 0.100000 0.058594 0.050000
0.0 0.741406 0.285937 0.028906 0.043750
0.0 0.357813 0.309375 0.031250 0.047656
0.0 0.367188 0.465625 0.047656 0.045313
0.0 0.546094 0.566406 0.059375 0.114844
0.0 0.558594 0.816406 0.025781 0.037500
0.0 0.533594 0.896875 0.028125 0.028125
0.0 0.473437 0.857031 0.039062 0.034375
0.0 0.499219 0.782031 0.017969 0.021094
0.0 0.351562 0.797656 0.025000 0.039844
0.0 0.239844 0.895312 0.013281 0.022656
0.0 0.215625 0.873438 0.014844 0.028125
0.0 0.242188 0.739062 0.013281 0.026562
0.0 0.197656 0.698438 0.016406 0.023438
0.0 0.241406 0.580469 0.043750 0.081250
0.0 0.266406 0.688281 0.014063 0.021094
0.0 0.256250 0.624219 0.018750 0.016406
0.0 0.223437 0.629687 0.016406 0.024219
0.0 0.183594 0.636719 0.015625 0.020313
0.0 0.426562 0.097656 0.029688 0.040625
0.0 0.182031 0.225781 0.023438 0.032031
0.0 0.202344 0.398438 0.017187 0.027344
0.0 0.179688 0.339844 0.014844 0.018750
0.0 0.270312 0.287500 0.033594 0.043750
0.0 0.172656 0.315625 0.014063 0.019531
0.0 0.331250 0.675000 0.011719 0.022656
0.0 0.428125 0.803906 0.015625 0.021094
0.0 0.753125 0.862500 0.037500 0.042969
0.0 0.711719 0.375781 0.024219 0.028906
0.0 0.310938 0.085938 0.017187 0.016406
0.0 0.331250 0.810156 0.012500 0.024219
