3.0 0.552238 0.159480 0.131195 0.303780
0.0 0.328763 0.939955 0.060457 0.104945
0.0 0.704540 0.943601 0.038908 0.035840
0.0 0.470682 0.912820 0.040780 0.053053
0.0 0.545578 0.875882 0.024180 0.041822
0.0 0.678299 0.708715 0.056593 0.107218
0.0 0.500900 0.710207 0.046502 0.153888
0.0 0.438566 0.527022 0.075755 0.087261
0.0 0.426680 0.622918 0.080674 0.056896
0.0 0.284184 0.595345 0.041850 0.112419
0.0 0.389728 0.462069 0.049865 0.080547
0.0 0.381333 0.277513 0.033279 0.070097
0.0 0.255834 0.046651 0.102510 0.093301
0.0 0.756829 0.036584 0.078485 0.065446
0.0 0.543130 0.578134 0.068388 0.155064
