0.0 0.525770 0.665191 0.069210 0.131352
0.0 0.554590 0.544239 0.085284 0.133186
0.0 0.727117 0.628069 0.063753 0.097413
0.0 0.786772 0.797308 0.038888 0.059602
0.0 0.760041 0.867282 0.018500 0.026268
0.0 0.725850 0.064087 0.087389 0.104219
0.0 0.634798 0.010532 0.055017 0.021065
0.0 0.224408 0.134427 0.264750 0.225911
0.0 0.261184 0.126931 0.049288 0.063529
0.0 0.371102 0.131413 0.042454 0.044396
0.0 0.338059 0.339295 0.042911 0.075277
0.0 0.374613 0.482971 0.054633 0.073405
0.0 0.432633 0.533779 0.090417 0.071645
0.0 0.437322 0.612154 0.090979 0.042430
0.0 0.273534 0.617124 0.061384 0.106049
0.0 0.218222 0.676660 0.029396 0.033280
0.0 0.208597 0.720146 0.030512 0.040222
0.0 0.245016 0.730116 0.027206 0.033679
0.0 0.310139 0.706984 0.018279 0.020221
0.0 0.365964 0.872091 0.052252 0.105332
0.0 0.314892 0.908789 0.015264 0.029505
0.0 0.325364 0.964077 0.018775 0.023307
0.0 0.289573 0.889121 0.017427 0.033609
0.0 0.336717 0.994707 0.017756 0.010586
0.0 0.169302 0.382255 0.020705 0.044656
0.0 0.140837 0.283965 0.011682 0.025923
0.0 0.163799 0.288977 0.025237 0.040125
0.0 0.251379 0.336616 0.040857 0.053156
0.0 0.603561 0.784828 0.025884 0.039478
0.0 0.539924 0.772904 0.027275 0.043458
0.0 0.478988 0.782702 0.025306 0.049904
0.0 0.527531 0.828704 0.040788 0.043377
0.0 0.591680 0.863493 0.026435 0.033555
0.0 0.608144 0.926522 0.020415 0.028830
0.0 0.866920 0.931600 0.045071 0.037303
0.0 0.400931 0.799209 0.048846 0.051435
0.0 0.690823 0.259627 0.034163 0.053583
0.0 0.564600 0.119292 0.065377 0.084149
0.0 0.694674 0.933182 0.019148 0.025621
0.0 0.442075 0.813958 0.019644 0.028706
0.0 0.206841 0.443479 0.025938 0.030470
0.0 0.369490 0.682407 0.023171 0.041296
0.0 0.296230 0.758280 0.013845 0.030028
0.0 0.692838 0.872549 0.016461 0.022935
0.0 0.347965 0.740466 0.018101 0.028458
0.0 0.428410 0.979907 0.021504 0.040187
0.0 0.470945 0.992650 0.018500 0.014701
