0.0 0.742969 0.384375 0.178906 0.473437
1.0 0.209375 0.412500 0.128906 0.167969
1.0 0.595313 0.721875 0.085156 0.115625
1.0 0.112500 0.797656 0.118750 0.268750
4.0 0.398438 0.875000 0.057031 0.057031
4.0 0.453906 0.439063 0.060938 0.060156
4.0 0.293750 0.279687 0.066406 0.066406
4.0 0.273438 0.217969 0.047656 0.064063
4.0 0.157031 0.160938 0.051563 0.067188
4.0 0.278906 0.126563 0.036719 0.060937
4.0 0.925781 0.242188 0.035156 0.058594
1.0 0.853125 0.811719 0.238281 0.288281
4.0 0.882031 0.707031 0.041406 0.060156
4.0 0.129687 0.596094 0.050000 0.053125
1.0 0.286719 0.550000 0.056250 0.118750
1.0 0.496094 0.741406 0.131250 0.169531
4.0 0.642188 0.890625 0.098437 0.071875
1.0 0.887500 0.510938 0.130469 0.221094
