1.0 0.431915 0.164235 0.133795 0.286203
0.0 0.327906 0.953027 0.040483 0.053889
0.0 0.705765 0.924184 0.067614 0.113478
0.0 0.493043 0.872555 0.044734 0.058140
0.0 0.563791 0.916195 0.037860 0.050561
0.0 0.342777 0.716260 0.076478 0.125870
0.0 0.520227 0.709182 0.066472 0.142677
0.0 0.571980 0.523125 0.090989 0.099456
0.0 0.583135 0.617812 0.088623 0.049110
0.0 0.730738 0.576631 0.071053 0.100688
0.0 0.611496 0.441775 0.064904 0.067727
0.0 0.467395 0.571292 0.097895 0.157165
0.0 0.199785 0.064195 0.072429 0.082307
0.0 0.692374 0.049689 0.125685 0.099379
0.0 0.605847 0.271254 0.031998 0.053872
