1.0 0.390625 0.638281 0.336719 0.222656
0.0 0.192969 0.870312 0.074219 0.082813
0.0 0.631250 0.757812 0.059375 0.073438
0.0 0.771094 0.793750 0.029687 0.050000
0.0 0.632031 0.496875 0.095312 0.078906
0.0 0.546094 0.567187 0.093750 0.060938
0.0 0.516406 0.404688 0.054688 0.100781
0.0 0.578125 0.394531 0.037500 0.117188
0.0 0.760938 0.465625 0.030469 0.039062
0.0 0.773438 0.246875 0.081250 0.073437
0.0 0.563281 0.190625 0.058594 0.052344
0.0 0.475000 0.337500 0.036719 0.067969
0.0 0.356250 0.322656 0.037500 0.050000
0.0 0.197656 0.152344 0.116406 0.178906
0.0 0.180469 0.279688 0.039062 0.040625
0.0 0.732031 0.567187 0.033594 0.054688
