0.0 0.272656 0.852344 0.033594 0.067188
0.0 0.389844 0.804688 0.046094 0.107812
0.0 0.760156 0.933594 0.065625 0.132031
0.0 0.946875 0.687500 0.034375 0.073438
0.0 0.832031 0.200000 0.240625 0.400000
0.0 0.932031 0.248438 0.051563 0.114063
0.0 0.913281 0.424219 0.046094 0.053906
0.0 0.769531 0.236719 0.034375 0.049219
0.0 0.613281 0.293750 0.047656 0.060156
0.0 0.521875 0.312500 0.038281 0.060938
0.0 0.465625 0.568750 0.064062 0.088281
0.0 0.426562 0.371875 0.029688 0.138281
0.0 0.385156 0.486719 0.079687 0.086719
0.0 0.482031 0.381250 0.044531 0.116406
0.0 0.128125 0.653906 0.035938 0.070312
0.0 0.089844 0.669531 0.028906 0.067969
0.0 0.040625 0.846094 0.060156 0.051562
0.0 0.260156 0.198438 0.067969 0.084375
0.0 0.273438 0.460156 0.017187 0.060156
0.0 0.301562 0.581250 0.016406 0.039844
0.0 0.437500 0.117188 0.052344 0.084375
0.0 0.087500 0.100000 0.062500 0.094531
