0.0 0.593174 0.839333 0.013232 0.021146
0.0 0.556752 0.628916 0.023240 0.131880
0.0 0.706506 0.432721 0.017240 0.033069
0.0 0.753742 0.470805 0.014844 0.032111
0.0 0.691055 0.676001 0.011674 0.021027
0.0 0.621834 0.874430 0.007844 0.011441
0.0 0.885266 0.133750 0.008379 0.018452
0.0 0.883243 0.273063 0.011971 0.024922
0.0 0.821860 0.338108 0.013654 0.016532
0.0 0.797236 0.229667 0.015147 0.025939
0.0 0.812755 0.682948 0.012453 0.021087
0.0 0.792712 0.740181 0.011614 0.020248
0.0 0.678018 0.610756 0.025036 0.023597
0.0 0.682822 0.517100 0.019464 0.021622
0.0 0.646838 0.567631 0.009283 0.010002
0.0 0.721965 0.886781 0.010359 0.013957
0.0 0.620352 0.791263 0.012696 0.014135
0.0 0.591806 0.744422 0.012577 0.012577
0.0 0.878643 0.753797 0.009402 0.011560
0.0 0.966068 0.758125 0.014433 0.016591
0.0 0.912956 0.827719 0.013475 0.014195
0.0 0.797598 0.460835 0.010597 0.017073
0.0 0.798696 0.497745 0.010359 0.013957
0.0 0.935066 0.487007 0.009699 0.015455
0.0 0.904150 0.491697 0.006345 0.012101
0.0 0.920821 0.970922 0.008082 0.014557
0.0 0.988562 0.463670 0.010949 0.031814
0.0 0.970813 0.439592 0.006702 0.016775
0.0 0.989839 0.272588 0.016272 0.050807
0.0 0.957024 0.312391 0.008915 0.025463
