0.0 0.437267 0.365232 0.031924 0.146485
0.0 0.490747 0.383354 0.072160 0.135565
0.0 0.863224 0.222322 0.273551 0.409046
0.0 0.385538 0.490614 0.097238 0.087872
0.0 0.452698 0.587326 0.094753 0.137263
1.0 0.687913 0.605786 0.187312 0.193796
0.0 0.280841 0.174066 0.078928 0.071002
0.0 0.269446 0.440367 0.029906 0.068093
0.0 0.283702 0.573842 0.031775 0.062036
0.0 0.016796 0.695588 0.023417 0.043591
0.0 0.059262 0.651773 0.039746 0.095945
0.0 0.098296 0.632769 0.049383 0.069557
0.0 0.108699 0.483912 0.023845 0.038975
0.0 0.128112 0.517492 0.032824 0.045073
0.0 0.183092 0.536510 0.021643 0.030289
0.0 0.232992 0.529291 0.025268 0.047603
0.0 0.097064 0.273855 0.056862 0.076316
0.0 0.027418 0.262354 0.025795 0.054615
0.0 0.641235 0.299082 0.037305 0.053156
0.0 0.539918 0.302436 0.034445 0.076955
0.0 0.403197 0.140955 0.022597 0.032684
0.0 0.476122 0.108829 0.056997 0.067805
0.0 0.443893 0.078986 0.017027 0.030716
0.0 0.082007 0.161473 0.022579 0.042753
0.0 0.113736 0.145838 0.023845 0.038975
0.0 0.199869 0.094336 0.022480 0.031126
0.0 0.227956 0.085478 0.018936 0.035508
0.0 0.262955 0.088892 0.022129 0.026452
0.0 0.285728 0.056915 0.018819 0.033950
0.0 0.085231 0.087288 0.024606 0.049103
0.0 0.115326 0.062128 0.035963 0.066224
0.0 0.091978 0.039221 0.021373 0.047311
0.0 0.322098 0.260996 0.030856 0.039502
0.0 0.807845 0.250494 0.029708 0.044839
0.0 0.975415 0.278352 0.049170 0.108257
0.0 0.778411 0.412807 0.034130 0.052143
0.0 0.879304 0.508919 0.042722 0.073704
0.0 0.956749 0.729405 0.036877 0.057772
0.0 0.939301 0.450752 0.050004 0.057209
0.0 0.817802 0.868603 0.031969 0.054304
0.0 0.741048 0.962014 0.063838 0.075973
0.0 0.616900 0.873091 0.035220 0.046027
0.0 0.358007 0.815245 0.060488 0.093631
0.0 0.228657 0.858016 0.034792 0.050643
0.0 0.561264 0.821119 0.021332 0.036463
0.0 0.188741 0.784505 0.026668 0.035314
0.0 0.010430 0.828162 0.020859 0.046009
0.0 0.045214 0.942945 0.029843 0.036327
0.0 0.309308 0.483319 0.023318 0.031964
0.0 0.159485 0.673407 0.023376 0.032743
0.0 0.403077 0.038313 0.022480 0.031126
0.0 0.650100 0.024756 0.031829 0.031829
0.0 0.718909 0.036978 0.028695 0.041664
0.0 0.191861 0.242590 0.021390 0.037242
0.0 0.443416 0.015591 0.026844 0.031183
0.0 0.667121 0.163139 0.035337 0.047586
0.0 0.076083 0.949182 0.022773 0.035022
0.0 0.120800 0.958810 0.021525 0.028731
0.0 0.092512 0.886957 0.022890 0.036580
