3.0 0.698067 0.454996 0.196006 0.208318
0.0 0.825477 0.083016 0.069063 0.092320
0.0 0.466143 0.420470 0.101198 0.105302
0.0 0.419582 0.162429 0.072942 0.092779
0.0 0.298262 0.104017 0.043860 0.073273
0.0 0.127575 0.289934 0.047890 0.094404
0.0 0.092763 0.271654 0.041651 0.112790
0.0 0.071759 0.083507 0.052376 0.048271
0.0 0.132347 0.002400 0.027182 0.004800
0.0 0.029269 0.853756 0.058537 0.122536
0.0 0.054125 0.644698 0.072226 0.112583
0.0 0.214691 0.776984 0.087215 0.077638
0.0 0.468935 0.609609 0.063200 0.126815
0.0 0.407901 0.626774 0.042822 0.155002
0.0 0.598110 0.727953 0.042216 0.072313
0.0 0.494616 0.698398 0.049116 0.085369
0.0 0.810125 0.818040 0.306311 0.363920
0.0 0.925894 0.810011 0.062883 0.130602
0.0 0.748260 0.808658 0.036969 0.073222
0.0 0.393712 0.886280 0.060295 0.082867
0.0 0.984383 0.356656 0.031235 0.070945
0.0 0.877518 0.201673 0.039880 0.059032
0.0 0.680240 0.160233 0.045568 0.035991
0.0 0.298755 0.385714 0.030161 0.060942
0.0 0.253982 0.518089 0.036785 0.071671
0.0 0.374356 0.491425 0.109172 0.088651
0.0 0.123921 0.427174 0.057049 0.074834
0.0 0.241908 0.420682 0.023169 0.047110
0.0 0.272658 0.705960 0.042276 0.092210
0.0 0.914417 0.641085 0.058325 0.072690
0.0 0.868187 0.566385 0.047156 0.088197
0.0 0.751748 0.646223 0.042033 0.070762
0.0 0.773364 0.337247 0.067552 0.086021
0.0 0.621070 0.983311 0.026048 0.033379
0.0 0.198317 0.895412 0.027999 0.036207
0.0 0.140248 0.847631 0.052894 0.072047
0.0 0.551970 0.985909 0.036033 0.028182
0.0 0.327018 0.838265 0.031644 0.028224
0.0 0.349068 0.964387 0.029785 0.044833
0.0 0.001364 0.641049 0.002729 0.052725
0.0 0.064198 0.021955 0.026993 0.043909
