0.0 0.624219 0.493750 0.089063 0.102344
0.0 0.753125 0.209375 0.075000 0.078906
0.0 0.557031 0.126563 0.067969 0.105469
0.0 0.517187 0.405469 0.064063 0.175781
0.0 0.625781 0.810938 0.059375 0.095312
0.0 0.254687 0.685938 0.096875 0.103906
0.0 0.087500 0.735156 0.087500 0.098438
0.0 0.220312 0.448438 0.068750 0.086719
0.0 0.036719 0.258594 0.060938 0.120313
0.0 0.118750 0.487500 0.043750 0.079687
0.0 0.027344 0.391406 0.054688 0.104688
0.0 0.209375 0.248437 0.027344 0.058594
0.0 0.400781 0.916406 0.032031 0.094531
0.0 0.360156 0.891406 0.043750 0.071094
0.0 0.220312 0.938281 0.055469 0.116406
0.0 0.475781 0.315625 0.048437 0.090625
0.0 0.418750 0.377344 0.023438 0.052344
0.0 0.372656 0.300781 0.032812 0.060156
0.0 0.392187 0.353906 0.036719 0.075000
0.0 0.539844 0.574219 0.087500 0.129688
0.0 0.896875 0.650000 0.049219 0.092188
