3.0 0.384246 0.351505 0.320724 0.321387
0.0 0.211294 0.815618 0.307131 0.368765
0.0 0.777177 0.757371 0.069435 0.078065
0.0 0.844027 0.299695 0.050976 0.081509
0.0 0.881709 0.292772 0.037623 0.062183
0.0 0.901900 0.095796 0.044392 0.035099
0.0 0.680019 0.122537 0.039274 0.068480
0.0 0.568037 0.184189 0.064230 0.089453
0.0 0.183735 0.106141 0.072146 0.129231
0.0 0.036519 0.381105 0.034205 0.054118
0.0 0.608477 0.858632 0.066446 0.083704
0.0 0.923577 0.637969 0.064767 0.103930
0.0 0.957542 0.816216 0.060346 0.104819
0.0 0.509317 0.688055 0.044014 0.080522
0.0 0.531710 0.612284 0.073913 0.130998
0.0 0.586190 0.601400 0.039297 0.154131
0.0 0.616240 0.490612 0.087780 0.079151
0.0 0.412503 0.717571 0.030782 0.051359
0.0 0.728920 0.506191 0.034414 0.066275
0.0 0.715707 0.685606 0.036092 0.046049
0.0 0.865775 0.430753 0.026371 0.041638
0.0 0.841823 0.406533 0.034989 0.043618
0.0 0.985920 0.620244 0.028159 0.047601
0.0 0.270343 0.794550 0.025477 0.051364
0.0 0.107369 0.802677 0.054141 0.119856
0.0 0.152021 0.561199 0.047871 0.091680
0.0 0.322095 0.185936 0.029246 0.040530
0.0 0.135888 0.224976 0.033196 0.068376
0.0 0.689590 0.390253 0.030129 0.041413
0.0 0.533551 0.425013 0.087528 0.109433
