1.0 0.603527 0.331661 0.291987 0.256470
0.0 0.394894 0.199539 0.059081 0.110040
0.0 0.765218 0.066336 0.070208 0.126572
0.0 0.948998 0.320054 0.035227 0.073832
0.0 0.856753 0.526026 0.036026 0.075404
0.0 0.851120 0.806076 0.234996 0.387848
0.0 0.614781 0.707599 0.030440 0.065185
0.0 0.764943 0.761693 0.036671 0.063695
0.0 0.935453 0.745706 0.056964 0.129543
0.0 0.432926 0.624228 0.048698 0.157566
0.0 0.485357 0.617025 0.056882 0.122512
0.0 0.463992 0.438640 0.081790 0.114991
0.0 0.388979 0.506522 0.083952 0.099394
0.0 0.094877 0.333558 0.023672 0.087758
0.0 0.132329 0.337900 0.045528 0.086450
0.0 0.262197 0.793348 0.063568 0.092908
0.0 0.444016 0.879843 0.051532 0.065430
0.0 0.088517 0.880396 0.056492 0.088920
0.0 0.035414 0.676640 0.021647 0.047898
0.0 0.056317 0.155754 0.038942 0.057473
0.0 0.277514 0.148170 0.022628 0.065094
0.0 0.313248 0.501734 0.027851 0.044065
0.0 0.303956 0.427403 0.029513 0.052676
0.0 0.276014 0.545836 0.034273 0.058980
0.0 0.100145 0.686768 0.057346 0.095179
0.0 0.126769 0.480033 0.027833 0.042503
0.0 0.146590 0.455262 0.022991 0.029168
0.0 0.316236 0.715065 0.041204 0.050469
0.0 0.162394 0.977356 0.043384 0.036435
0.0 0.912317 0.585270 0.046872 0.067719
