0.0 0.234102 0.132196 0.033853 0.050580
0.0 0.293186 0.326726 0.059749 0.093847
0.0 0.331106 0.972997 0.066176 0.054006
0.0 0.718526 0.950071 0.030782 0.041076
0.0 0.629668 0.934671 0.033331 0.056491
0.0 0.644119 0.686807 0.034745 0.055975
0.0 0.610307 0.515813 0.046428 0.063155
0.0 0.557330 0.463599 0.078521 0.084955
0.0 0.548982 0.365205 0.081909 0.051028
0.0 0.688081 0.363588 0.054201 0.110173
0.0 0.727848 0.302376 0.028864 0.034011
0.0 0.797718 0.892634 0.128809 0.144250
0.0 0.798796 0.755465 0.022698 0.032992
0.0 0.347839 0.767464 0.029483 0.051357
0.0 0.466292 0.937926 0.055882 0.102204
0.0 0.449616 0.429936 0.071649 0.129551
0.0 0.394102 0.156422 0.021787 0.041088
0.0 0.399870 0.066780 0.019360 0.030940
0.0 0.458000 0.107057 0.038993 0.049930
0.0 0.448396 0.183079 0.024609 0.044553
0.0 0.471104 0.301271 0.057502 0.139208
0.0 0.546790 0.174731 0.017563 0.029144
0.0 0.614023 0.226964 0.019475 0.040706
0.0 0.647888 0.259374 0.020003 0.030297
0.0 0.598563 0.066397 0.053545 0.119811
0.0 0.630342 0.023926 0.013594 0.018741
0.0 0.654843 0.047591 0.018838 0.036852
0.0 0.532856 0.123980 0.027463 0.025532
0.0 0.567244 0.149969 0.038714 0.066378
0.0 0.498637 0.166063 0.024731 0.049822
0.0 0.656562 0.206469 0.016022 0.028889
0.0 0.700957 0.240306 0.019876 0.029526
0.0 0.731764 0.254217 0.026163 0.035814
0.0 0.788664 0.646281 0.030763 0.054567
0.0 0.719110 0.699748 0.026278 0.045579
0.0 0.255923 0.043859 0.023870 0.021939
0.0 0.438324 0.323319 0.014098 0.026322
0.0 0.753173 0.580089 0.016022 0.028889
0.0 0.599042 0.289621 0.015633 0.031074
0.0 0.312694 0.042392 0.016162 0.020665
0.0 0.762092 0.437665 0.012951 0.019385
0.0 0.761743 0.804351 0.025915 0.029775
0.0 0.794613 0.811587 0.013716 0.024009
0.0 0.360818 0.663961 0.022322 0.026182
