0.0 0.760937 0.060156 0.052344 0.110937
0.0 0.635156 0.159375 0.032031 0.040625
0.0 0.460938 0.432031 0.073437 0.091406
0.0 0.388281 0.188281 0.056250 0.074219
0.0 0.270312 0.150000 0.029688 0.057813
0.0 0.335938 0.638281 0.013281 0.036719
0.0 0.314062 0.599219 0.019531 0.028125
0.0 0.277344 0.541406 0.020313 0.054688
0.0 0.252344 0.449219 0.021094 0.045313
0.0 0.299219 0.418750 0.025000 0.040625
0.0 0.385938 0.507031 0.078906 0.080469
0.0 0.431250 0.627344 0.017969 0.135937
0.0 0.487500 0.612500 0.046875 0.120312
0.0 0.521875 0.689062 0.026563 0.062500
0.0 0.617969 0.698438 0.030469 0.047656
0.0 0.771875 0.760156 0.025000 0.057031
0.0 0.753125 0.607031 0.023437 0.040625
0.0 0.747656 0.907812 0.073438 0.184375
0.0 0.674219 0.968750 0.020312 0.062500
0.0 0.610156 0.960156 0.025000 0.036719
0.0 0.632812 0.833594 0.028125 0.046875
0.0 0.410156 0.961719 0.010937 0.052344
0.0 0.385156 0.987500 0.019531 0.024219
0.0 0.265625 0.903906 0.020313 0.029688
0.0 0.226562 0.203125 0.013281 0.035156
0.0 0.741406 0.310156 0.047656 0.078906
0.0 0.577344 0.203125 0.011719 0.028906
0.0 0.314062 0.506250 0.029688 0.043750
0.0 0.378125 0.834375 0.025000 0.032812
0.0 0.353906 0.784375 0.016406 0.034375
0.0 0.310938 0.725000 0.028125 0.059375
0.0 0.268750 0.791406 0.069531 0.067188
0.0 0.496875 0.982031 0.027344 0.035156
0.0 0.439844 0.868750 0.066406 0.075781
0.0 0.293750 0.662500 0.007812 0.028125
0.0 0.375781 0.928125 0.014844 0.030469
0.0 0.248438 0.869531 0.019531 0.021875
