0.0 0.057886 0.862048 0.021324 0.041711
0.0 0.194379 0.817515 0.315010 0.364970
0.0 0.085162 0.822442 0.058300 0.117487
0.0 0.259584 0.816210 0.039902 0.049767
0.0 0.131081 0.573903 0.046479 0.078703
0.0 0.253385 0.647312 0.033145 0.044983
0.0 0.082596 0.651423 0.046265 0.062048
0.0 0.392790 0.983142 0.035644 0.033717
0.0 0.460740 0.988181 0.034197 0.023639
0.0 0.497831 0.952127 0.017543 0.036614
0.0 0.618475 0.876498 0.076878 0.090031
0.0 0.662159 0.957668 0.023905 0.048896
0.0 0.975688 0.840673 0.040905 0.086940
0.0 0.992139 0.833669 0.015722 0.094289
0.0 0.935227 0.929635 0.018677 0.023938
0.0 0.675081 0.826994 0.018019 0.024596
0.0 0.788096 0.769089 0.084540 0.080594
0.0 0.952440 0.758829 0.020864 0.038620
0.0 0.982560 0.733017 0.014912 0.039245
0.0 0.810654 0.883420 0.023576 0.031468
0.0 0.860141 0.844454 0.025451 0.049126
0.0 0.732427 0.697604 0.040856 0.061243
0.0 0.592399 0.616566 0.039146 0.141080
0.0 0.948050 0.633894 0.070384 0.092086
0.0 0.743442 0.506395 0.030728 0.064268
0.0 0.803320 0.394004 0.018546 0.038275
0.0 0.862228 0.397078 0.030679 0.038571
0.0 0.886922 0.424995 0.022491 0.034329
0.0 0.700070 0.384896 0.027654 0.048698
0.0 0.618720 0.491006 0.088124 0.089439
0.0 0.695418 0.475634 0.025188 0.042286
0.0 0.532569 0.421691 0.093665 0.111421
0.0 0.755476 0.412188 0.023215 0.044259
0.0 0.863263 0.292662 0.051674 0.098367
0.0 0.899614 0.255653 0.047005 0.092382
0.0 0.917962 0.071251 0.053269 0.053269
0.0 0.409674 0.731457 0.040396 0.058152
0.0 0.508912 0.697719 0.041136 0.088485
0.0 0.536006 0.609168 0.064926 0.136608
0.0 0.012592 0.374441 0.025184 0.056919
0.0 0.111022 0.211182 0.028624 0.080577
0.0 0.162482 0.095306 0.061605 0.099090
0.0 0.571978 0.155956 0.069924 0.088995
0.0 0.684960 0.092526 0.039015 0.048879
0.0 0.742422 0.149527 0.021604 0.033441
0.0 0.653313 0.733873 0.018940 0.030778
0.0 0.221604 0.338468 0.065419 0.073968
0.0 0.306653 0.167038 0.036154 0.049964
0.0 0.842679 0.175668 0.017822 0.028344
0.0 0.918521 0.009365 0.029051 0.018730
0.0 0.775813 0.008979 0.035792 0.017958
0.0 0.741650 0.632251 0.016737 0.031205
0.0 0.696685 0.929619 0.016852 0.031978
0.0 0.930392 0.191829 0.012939 0.041218
0.0 0.412239 0.865352 0.033293 0.051049
0.0 0.997396 0.741846 0.005208 0.031863
0.0 0.858036 0.676526 0.024349 0.031583
0.0 0.910450 0.535232 0.016310 0.033408
0.0 0.954971 0.218973 0.018710 0.029232
0.0 0.883684 0.827520 0.020946 0.034099
0.0 0.711810 0.575085 0.026700 0.037222
0.0 0.693758 0.772081 0.019220 0.022508
0.0 0.947770 0.382758 0.012725 0.024563
0.0 0.553286 0.709277 0.041859 0.027391
1.0 0.299551 0.458767 0.177777 0.194218
0.0 0.796776 0.259911 0.014764 0.033178
