1.0 0.571837 0.159107 0.140724 0.301524
0.0 0.299791 0.060788 0.151872 0.121576
0.0 0.790056 0.065703 0.085266 0.087381
0.0 0.397282 0.272280 0.054099 0.092183
0.0 0.432678 0.523533 0.065643 0.100200
0.0 0.388869 0.446471 0.057511 0.070911
0.0 0.540231 0.564958 0.082465 0.098686
0.0 0.479473 0.711508 0.049681 0.135723
0.0 0.412349 0.623639 0.081677 0.065456
0.0 0.269646 0.580502 0.048415 0.080857
0.0 0.282815 0.926976 0.053726 0.112968
0.0 0.660955 0.717463 0.062583 0.092204
0.0 0.669219 0.956766 0.041331 0.046268
0.0 0.509030 0.890812 0.025317 0.031665
0.0 0.433348 0.919841 0.032515 0.026168
