1.0 0.413920 0.661665 0.258599 0.439826
0.0 0.632507 0.126469 0.059095 0.108058
0.0 0.726631 0.380508 0.055180 0.098420
0.0 0.472634 0.333476 0.069334 0.124020
0.0 0.625962 0.512991 0.056119 0.052304
0.0 0.570412 0.467141 0.095540 0.081551
0.0 0.661997 0.651839 0.037914 0.050632
0.0 0.269800 0.366362 0.065086 0.086706
0.0 0.210609 0.203786 0.038684 0.050765
0.0 0.466987 0.168728 0.042365 0.046180
0.0 0.393361 0.219591 0.030786 0.039689
0.0 0.590371 0.198819 0.031155 0.037513
0.0 0.277502 0.935169 0.077401 0.088847
0.0 0.780085 0.861269 0.270625 0.229928
0.0 0.738554 0.873248 0.039387 0.041930
0.0 0.563823 0.388196 0.100327 0.053272
0.0 0.445187 0.449264 0.081516 0.125392
0.0 0.632002 0.862433 0.033965 0.053677
0.0 0.310308 0.740738 0.033998 0.058162
