0.0 0.349803 0.080545 0.047852 0.114545
0.0 0.490664 0.101114 0.034823 0.043160
0.0 0.556510 0.147607 0.019940 0.041160
0.0 0.708838 0.097389 0.029472 0.046903
0.0 0.501189 0.300730 0.047716 0.136388
0.0 0.676159 0.304328 0.056532 0.091394
0.0 0.538753 0.431582 0.056099 0.129613
0.0 0.432623 0.372958 0.073823 0.042750
0.0 0.436060 0.468413 0.070863 0.074652
0.0 0.389659 0.531135 0.042243 0.056643
0.0 0.379836 0.705140 0.031722 0.043849
0.0 0.296489 0.404114 0.039949 0.084663
0.0 0.309011 0.350553 0.017641 0.016125
0.0 0.283287 0.348231 0.013944 0.023038
0.0 0.248492 0.335481 0.023660 0.035028
0.0 0.230420 0.285708 0.022879 0.035005
0.0 0.339090 0.973586 0.022948 0.037348
0.0 0.257558 0.928975 0.109959 0.130421
0.0 0.732418 0.963462 0.060114 0.073076
0.0 0.371535 0.297686 0.016540 0.031697
0.0 0.318917 0.279721 0.014059 0.026943
0.0 0.265999 0.271907 0.013278 0.026920
0.0 0.538855 0.057203 0.021225 0.031835
0.0 0.234027 0.799319 0.020606 0.037279
0.0 0.385649 0.163669 0.027864 0.045295
0.0 0.456389 0.176698 0.014609 0.019157
0.0 0.451499 0.157014 0.015436 0.020741
0.0 0.420885 0.135008 0.010520 0.012794
0.0 0.284230 0.077829 0.009212 0.021338
0.0 0.505679 0.175026 0.012566 0.029239
0.0 0.236955 0.673569 0.014748 0.023842
0.0 0.229328 0.693665 0.008339 0.018191
0.0 0.679974 0.016034 0.019387 0.022418
0.0 0.683539 0.743018 0.027175 0.048396
0.0 0.661475 0.643105 0.015459 0.021522
0.0 0.427404 0.947273 0.027106 0.046053
0.0 0.308036 0.728032 0.026325 0.046030
0.0 0.306236 0.047214 0.013301 0.027700
0.0 0.258482 0.606206 0.016378 0.026231
0.0 0.384909 0.480191 0.013163 0.023015
0.0 0.231047 0.476434 0.011624 0.023750
0.0 0.349008 0.239966 0.013874 0.020695
0.0 0.302545 0.225308 0.011555 0.021407
0.0 0.313757 0.189686 0.011532 0.020626
