0.0 0.448438 0.441406 0.100781 0.079687
0.0 0.355469 0.500781 0.104687 0.087500
0.0 0.412500 0.610156 0.035938 0.139063
0.0 0.480469 0.600000 0.061719 0.116406
0.0 0.527344 0.663281 0.039844 0.060938
0.0 0.647656 0.682813 0.035937 0.050000
0.0 0.815625 0.120312 0.049219 0.088281
0.0 0.211719 0.185156 0.028125 0.049219
0.0 0.355469 0.224219 0.071094 0.080469
0.0 0.246875 0.427344 0.032031 0.046094
0.0 0.189062 0.460938 0.021094 0.045313
0.0 0.221094 0.530469 0.030469 0.065625
0.0 0.269531 0.506250 0.025781 0.032812
0.0 0.265625 0.696875 0.042969 0.063281
0.0 0.207031 0.759375 0.081250 0.067188
0.0 0.185156 0.832812 0.015625 0.025781
0.0 0.207031 0.864844 0.024219 0.031250
0.0 0.282812 0.810938 0.011719 0.037500
0.0 0.311719 0.826563 0.018750 0.019531
0.0 0.350781 0.797656 0.023438 0.027344
0.0 0.429688 0.830469 0.076563 0.070312
0.0 0.388281 0.902344 0.018750 0.035156
0.0 0.796875 0.856250 0.084375 0.125000
0.0 0.714844 0.899219 0.029688 0.053906
0.0 0.665625 0.793750 0.031250 0.046875
0.0 0.636719 0.908594 0.025000 0.035156
0.0 0.582031 0.876562 0.017187 0.020313
0.0 0.343750 0.883594 0.020313 0.032812
0.0 0.322656 0.753125 0.018750 0.030469
0.0 0.364062 0.709375 0.012500 0.023438
0.0 0.812500 0.592188 0.035937 0.042187
3.0 0.735156 0.439063 0.198438 0.142188
0.0 0.799219 0.329688 0.063281 0.071875
0.0 0.669531 0.197656 0.038281 0.042188
0.0 0.241406 0.642969 0.021094 0.035156
0.0 0.267969 0.589844 0.033594 0.022656
0.0 0.832813 0.740625 0.022656 0.030469
