0.0 0.590962 0.874488 0.088376 0.105328
0.0 0.774186 0.776812 0.077813 0.082757
0.0 0.963205 0.861404 0.066378 0.100989
0.0 0.933908 0.662470 0.067576 0.097242
0.0 0.994708 0.650507 0.010584 0.069831
0.0 0.874794 0.429408 0.052007 0.087324
0.0 0.908858 0.279561 0.042046 0.096435
0.0 0.872886 0.306409 0.050327 0.102597
0.0 0.947379 0.029368 0.027910 0.058735
0.0 0.937712 0.090181 0.047596 0.064548
0.0 0.876126 0.002409 0.023951 0.004817
0.0 0.837719 0.000235 0.013050 0.000470
0.0 0.801595 0.016085 0.029703 0.032170
0.0 0.837798 0.053090 0.017871 0.043299
0.0 0.182992 0.073357 0.065170 0.096249
0.0 0.126616 0.193877 0.025956 0.064099
0.0 0.019753 0.344519 0.039506 0.072256
0.0 0.709832 0.103313 0.037134 0.068213
0.0 0.588314 0.163927 0.064454 0.088470
0.0 0.534991 0.419893 0.087044 0.116005
0.0 0.618823 0.495338 0.086504 0.076615
0.0 0.582683 0.622624 0.037438 0.146921
0.0 0.493644 0.695154 0.043807 0.090426
0.0 0.530406 0.617238 0.065916 0.129487
0.0 0.394013 0.720802 0.028844 0.053566
0.0 0.239196 0.794680 0.030533 0.046779
0.0 0.063429 0.794385 0.061238 0.120571
0.0 0.724246 0.711584 0.035998 0.064252
0.0 0.679132 0.783994 0.017851 0.026327
0.0 0.655074 0.837989 0.015947 0.030780
0.0 0.636213 0.735379 0.017001 0.025477
0.0 0.863034 0.847088 0.015589 0.026890
0.0 0.836521 0.857375 0.023469 0.053842
0.0 0.786423 0.901214 0.018505 0.041815
0.0 0.998616 0.753065 0.002769 0.027177
0.0 0.970447 0.761099 0.023531 0.046134
0.0 0.938785 0.783627 0.018147 0.037925
0.0 0.703861 0.387871 0.032385 0.058520
0.0 0.127377 0.551563 0.052765 0.070424
0.0 0.070020 0.618823 0.052723 0.095104
0.0 0.227130 0.322705 0.058211 0.070925
0.0 0.239716 0.629876 0.032877 0.055480
0.0 0.036107 0.838481 0.018444 0.049523
0.0 0.363476 0.981787 0.027206 0.036425
0.0 0.468820 0.945358 0.020133 0.042736
0.0 0.426859 0.987462 0.027125 0.025076
0.0 0.390066 0.856893 0.025927 0.038641
0.0 0.739938 0.515571 0.031269 0.071530
0.0 0.805823 0.421635 0.029765 0.055193
0.0 0.758439 0.426782 0.021760 0.043657
0.0 0.688481 0.485003 0.031106 0.053002
0.0 0.948753 0.406124 0.023798 0.032274
0.0 0.943019 0.216005 0.022118 0.047547
0.0 0.968516 0.245825 0.014391 0.030637
0.0 0.765432 0.170374 0.025517 0.050945
0.0 0.858335 0.634122 0.020348 0.045070
0.0 0.849426 0.699276 0.011198 0.021086
0.0 0.902099 0.555561 0.022958 0.039911
0.0 0.888618 0.767062 0.009856 0.023277
0.0 0.673013 0.939114 0.022180 0.039839
0.0 0.635772 0.969217 0.020061 0.041958
0.0 0.689692 0.864615 0.011412 0.023420
0.0 0.906441 0.952145 0.013890 0.025191
0.0 0.719614 0.618649 0.035168 0.080374
0.0 0.860802 0.192192 0.026418 0.035601
3.0 0.300262 0.443855 0.180622 0.194042
