0.0 0.503906 0.679688 0.060938 0.124219
0.0 0.582812 0.516406 0.085938 0.085938
0.0 0.588281 0.603906 0.102344 0.053125
0.0 0.707031 0.867969 0.048437 0.120312
0.0 0.758594 0.585938 0.045313 0.105469
0.0 0.450000 0.560937 0.069531 0.122656
0.0 0.285156 0.682031 0.053906 0.091406
0.0 0.249219 0.860938 0.042969 0.051562
0.0 0.194531 0.085938 0.063281 0.089844
0.0 0.368750 0.115625 0.048437 0.097656
0.0 0.570312 0.096094 0.023438 0.068750
0.0 0.720312 0.083594 0.268750 0.167187
0.0 0.685156 0.070312 0.022656 0.036719
0.0 0.818750 0.224219 0.028125 0.030469
0.0 0.824219 0.327344 0.028125 0.051563
0.0 0.633594 0.459375 0.060156 0.056250
0.0 0.643750 0.309375 0.027344 0.054688
0.0 0.259375 0.284375 0.023438 0.060938
0.0 0.733594 0.689844 0.020313 0.039844
0.0 0.806250 0.691406 0.024219 0.036719
0.0 0.827344 0.638281 0.029688 0.044531
0.0 0.761719 0.896094 0.010156 0.024219
0.0 0.764063 0.951563 0.025000 0.024219
0.0 0.786719 0.870313 0.016406 0.032031
0.0 0.501562 0.789062 0.017969 0.044531
0.0 0.530469 0.857031 0.044531 0.034375
0.0 0.653906 0.795312 0.038281 0.050781
0.0 0.442969 0.814844 0.022656 0.044531
0.0 0.468750 0.892969 0.023438 0.037500
0.0 0.291406 0.935156 0.021875 0.035938
0.0 0.368750 0.987500 0.014063 0.025000
0.0 0.667188 0.675781 0.012500 0.039844
0.0 0.569531 0.792187 0.015625 0.032813
0.0 0.613281 0.824219 0.015625 0.027344
0.0 0.652344 0.991406 0.026562 0.017188
0.0 0.755469 0.989844 0.014844 0.019531
0.0 0.459375 0.967188 0.013281 0.021875
0.0 0.483594 0.970312 0.016406 0.027344
0.0 0.735156 0.285937 0.029688 0.050781
0.0 0.799219 0.395312 0.009375 0.027344
0.0 0.700000 0.728125 0.017187 0.031250
3.0 0.454688 0.206250 0.126563 0.247656
