1.0 0.412533 0.168755 0.149021 0.290509
0.0 0.354503 0.962256 0.043158 0.055603
0.0 0.730049 0.911520 0.073468 0.116046
0.0 0.514688 0.872331 0.047606 0.060052
0.0 0.587851 0.911789 0.040371 0.052162
0.0 0.355600 0.725024 0.082952 0.128805
0.0 0.532340 0.707655 0.074066 0.144810
0.0 0.573202 0.518907 0.095720 0.103581
0.0 0.589836 0.612786 0.090410 0.053728
0.0 0.734799 0.563103 0.076108 0.103619
0.0 0.607927 0.435399 0.068089 0.070710
0.0 0.471590 0.573065 0.105949 0.160972
0.0 0.174986 0.082363 0.076381 0.085551
0.0 0.665178 0.045960 0.131446 0.091920
0.0 0.592386 0.265493 0.034779 0.055085
