0.0 0.594150 0.625529 0.240709 0.261336
0.0 0.531567 0.057638 0.061077 0.115275
0.0 0.410639 0.369888 0.059452 0.148071
0.0 0.154799 0.419768 0.076766 0.118784
0.0 0.037348 0.323424 0.047457 0.099406
0.0 0.711594 0.329591 0.034076 0.094429
0.0 0.845435 0.498186 0.040649 0.109406
0.0 0.795755 0.483033 0.038643 0.089064
0.0 0.693031 0.463592 0.042451 0.120375
0.0 0.856330 0.750048 0.037913 0.091390
0.0 0.744017 0.811666 0.050632 0.101817
0.0 0.433416 0.757198 0.030165 0.058431
0.0 0.450411 0.552052 0.045940 0.065803
0.0 0.525752 0.430235 0.028318 0.081031
0.0 0.339324 0.700437 0.058557 0.071544
0.0 0.381712 0.763099 0.038979 0.068773
0.0 0.110467 0.731372 0.065889 0.049845
0.0 0.232152 0.455845 0.045279 0.071253
0.0 0.310333 0.418485 0.033865 0.049144
0.0 0.358770 0.454710 0.022252 0.053574
0.0 0.932908 0.428991 0.033700 0.077245
0.0 0.934932 0.622050 0.054195 0.086282
