0.0 0.297656 0.093750 0.026562 0.046875
0.0 0.324219 0.295313 0.046094 0.087500
0.0 0.253125 0.957812 0.053125 0.084375
0.0 0.642188 0.979688 0.025000 0.037500
0.0 0.557031 0.950000 0.025000 0.053125
0.0 0.611719 0.707812 0.026563 0.052344
0.0 0.606250 0.533594 0.037500 0.057813
0.0 0.562500 0.473437 0.067187 0.075000
0.0 0.570312 0.375000 0.076563 0.039062
0.0 0.707812 0.396094 0.037500 0.105469
0.0 0.757031 0.342188 0.024219 0.030469
0.0 0.729688 0.935938 0.109375 0.128125
0.0 0.753125 0.800781 0.017969 0.030469
0.0 0.306250 0.739062 0.021875 0.048437
0.0 0.395312 0.926563 0.040625 0.096875
0.0 0.461719 0.422656 0.052344 0.122656
0.0 0.451563 0.143750 0.015625 0.039062
0.0 0.471875 0.056250 0.014844 0.028906
0.0 0.522656 0.105469 0.032031 0.045313
0.0 0.500781 0.178906 0.017969 0.042187
0.0 0.503906 0.299219 0.035938 0.135156
0.0 0.599219 0.186719 0.013281 0.027344
0.0 0.657031 0.249219 0.013281 0.039062
0.0 0.685156 0.286719 0.015625 0.028125
0.0 0.667969 0.088281 0.035156 0.115625
0.0 0.706250 0.051562 0.010938 0.017187
0.0 0.726562 0.078906 0.013281 0.035156
0.0 0.593750 0.134375 0.024219 0.021875
0.0 0.623437 0.165625 0.028906 0.062500
0.0 0.553125 0.170313 0.017187 0.047656
0.0 0.702344 0.235937 0.011719 0.027344
0.0 0.740625 0.276563 0.015625 0.027344
0.0 0.768750 0.295313 0.021094 0.032812
0.0 0.760938 0.691406 0.022656 0.051562
0.0 0.683594 0.732812 0.019531 0.042969
0.0 0.333594 0.010156 0.021094 0.018750
0.0 0.467969 0.315625 0.010156 0.025000
0.0 0.736719 0.620313 0.011719 0.027344
0.0 0.632031 0.308594 0.010938 0.029688
0.0 0.389844 0.017969 0.013281 0.018750
0.0 0.768750 0.481250 0.010156 0.017969
0.0 0.708594 0.842969 0.021875 0.026563
0.0 0.739844 0.855469 0.010156 0.022656
0.0 0.335938 0.639062 0.018750 0.023438
