1.0 0.552344 0.789062 0.125781 0.221875
0.0 0.803125 0.900781 0.078125 0.086719
0.0 0.282813 0.890625 0.238281 0.217969
0.0 0.314063 0.929688 0.037500 0.055469
0.0 0.358594 0.679688 0.028125 0.047656
0.0 0.366406 0.521875 0.046875 0.057031
0.0 0.415625 0.385156 0.108594 0.047656
0.0 0.417188 0.457812 0.094531 0.084375
0.0 0.554688 0.449219 0.075000 0.078125
0.0 0.747656 0.122656 0.028906 0.073437
0.0 0.714844 0.323438 0.050000 0.078906
0.0 0.742188 0.714844 0.032812 0.065625
0.0 0.494531 0.320312 0.066406 0.113281
0.0 0.234375 0.411719 0.051562 0.069531
0.0 0.297656 0.114844 0.050781 0.107031
0.0 0.467187 0.152344 0.027344 0.036719
0.0 0.557031 0.178906 0.010937 0.039844
