0.0 0.269106 0.881037 0.063205 0.119218
0.0 0.411238 0.888997 0.040299 0.047300
0.0 0.485038 0.856582 0.025406 0.043228
0.0 0.624278 0.936192 0.035577 0.050216
0.0 0.461392 0.695498 0.066168 0.140639
0.0 0.633560 0.726895 0.068444 0.097724
0.0 0.524318 0.574776 0.073436 0.135177
0.0 0.408622 0.611038 0.078522 0.052425
0.0 0.431042 0.518189 0.080138 0.083321
0.0 0.398093 0.447468 0.049493 0.061587
0.0 0.423198 0.275004 0.037353 0.047537
0.0 0.281446 0.553338 0.051212 0.088766
0.0 0.283026 0.608320 0.019601 0.018328
0.0 0.257356 0.605461 0.016952 0.024590
0.0 0.220716 0.611010 0.028189 0.037736
0.0 0.193074 0.656175 0.027419 0.037603
0.0 0.436852 0.011891 0.027819 0.023783
0.0 0.348056 0.051534 0.126419 0.103069
0.0 0.820993 0.088577 0.070427 0.087613
0.0 0.333740 0.672602 0.020728 0.033458
0.0 0.278594 0.679704 0.017618 0.028439
0.0 0.225182 0.676799 0.016849 0.028306
0.0 0.449695 0.941643 0.025346 0.034257
0.0 0.299120 0.153618 0.025510 0.039513
0.0 0.320821 0.806740 0.033771 0.048410
0.0 0.392738 0.808092 0.017055 0.020874
0.0 0.384018 0.826404 0.018092 0.022547
0.0 0.349627 0.841857 0.012140 0.014049
0.0 0.204309 0.870611 0.012067 0.022251
0.0 0.440702 0.819569 0.016479 0.030482
0.0 0.276891 0.277422 0.017855 0.025493
0.0 0.273428 0.256207 0.010764 0.019038
0.0 0.579757 0.998886 0.022207 0.002227
0.0 0.728350 0.298505 0.033534 0.051356
0.0 0.686789 0.392004 0.018225 0.023317
0.0 0.518137 0.047237 0.033134 0.049047
0.0 0.357412 0.238241 0.032364 0.048913
0.0 0.219762 0.905001 0.016982 0.029075
0.0 0.284539 0.347726 0.019794 0.028069
0.0 0.383271 0.496439 0.016182 0.024457
0.0 0.231755 0.469411 0.014776 0.024960
0.0 0.300146 0.724665 0.016552 0.022281
0.0 0.251692 0.729754 0.014376 0.022651
0.0 0.255568 0.766898 0.014243 0.021881
