0.0 0.166406 0.197656 0.251562 0.395312
0.0 0.232813 0.239063 0.025781 0.048438
0.0 0.065625 0.261719 0.040625 0.105469
0.0 0.146094 0.481250 0.035938 0.068750
0.0 0.244531 0.395312 0.023438 0.040625
0.0 0.382812 0.303906 0.039844 0.059375
0.0 0.476562 0.314844 0.032812 0.065625
0.0 0.053906 0.683594 0.023438 0.045313
0.0 0.176562 0.823438 0.019531 0.051563
0.0 0.239844 0.935938 0.045313 0.099219
0.0 0.365625 0.844531 0.029688 0.046875
0.0 0.420313 0.796875 0.013281 0.038281
0.0 0.541406 0.567969 0.072656 0.082031
0.0 0.614844 0.495313 0.078906 0.070312
0.0 0.685156 0.497656 0.028125 0.025000
0.0 0.701562 0.582812 0.021094 0.041406
0.0 0.748437 0.547656 0.022656 0.026562
0.0 0.724219 0.462500 0.023438 0.050781
0.0 0.691406 0.282031 0.028906 0.047656
0.0 0.731250 0.207813 0.067969 0.063281
0.0 0.733594 0.099219 0.016406 0.025000
0.0 0.787500 0.134375 0.011719 0.045312
0.0 0.811719 0.141406 0.015625 0.029687
0.0 0.895313 0.114844 0.028125 0.061719
0.0 0.921875 0.121094 0.021094 0.083594
0.0 0.886719 0.196094 0.011719 0.030469
0.0 0.900000 0.314063 0.053125 0.096094
0.0 0.965625 0.310156 0.021875 0.035937
0.0 0.983594 0.275781 0.021875 0.025781
0.0 0.921094 0.207031 0.019531 0.037500
0.0 0.957031 0.221094 0.016406 0.034375
0.0 0.589063 0.042188 0.017187 0.046094
0.0 0.617188 0.014063 0.017187 0.025000
0.0 0.393750 0.041406 0.026562 0.038281
0.0 0.330469 0.050781 0.019531 0.029687
0.0 0.367969 0.171875 0.028125 0.038281
0.0 0.613281 0.810156 0.050781 0.069531
0.0 0.727344 0.852344 0.030469 0.053125
0.0 0.948438 0.843750 0.037500 0.035938
0.0 0.965625 0.933594 0.013281 0.073437
0.0 0.987500 0.862500 0.024219 0.057812
0.0 0.515625 0.386719 0.042969 0.112500
0.0 0.569531 0.375781 0.019531 0.134375
0.0 0.794531 0.557813 0.014844 0.022656
0.0 0.851562 0.547656 0.025781 0.027344
0.0 0.871875 0.519531 0.017969 0.025781
0.0 0.983594 0.569531 0.012500 0.033594
0.0 0.557031 0.135156 0.060156 0.062500
0.0 0.089063 0.423438 0.035156 0.050000
0.0 0.033594 0.217187 0.015625 0.017188
0.0 0.054688 0.110937 0.014063 0.021094
0.0 0.707031 0.333594 0.014063 0.039062
0.0 0.616406 0.171094 0.016406 0.025781
0.0 0.906250 0.678125 0.025000 0.078125
0.0 0.867969 0.646094 0.039844 0.072656
0.0 0.942187 0.724219 0.010938 0.028125
0.0 0.773438 0.792188 0.015625 0.028125
0.0 0.810156 0.283594 0.015625 0.025781
0.0 0.258594 0.686719 0.056250 0.057031
0.0 0.599219 0.554688 0.012500 0.019531
0.0 0.830469 0.946094 0.014062 0.057812
0.0 0.867969 0.956250 0.009375 0.022656
0.0 0.896094 0.951563 0.022656 0.032031
0.0 0.974219 0.759375 0.015625 0.042187
0.0 0.932812 0.545313 0.011719 0.025000
0.0 0.625000 0.071875 0.008594 0.013281
0.0 0.818750 0.010937 0.007812 0.014844
0.0 0.846094 0.028906 0.017188 0.025781
0.0 0.752344 0.129688 0.014844 0.017188
0.0 0.610938 0.264062 0.012500 0.021875
0.0 0.807031 0.687500 0.014844 0.029688
0.0 0.548438 0.349219 0.016406 0.025000
0.0 0.828125 0.344531 0.015625 0.018750
0.0 0.685937 0.401563 0.021875 0.031250
0.0 0.642969 0.217969 0.012500 0.021094
0.0 0.501563 0.017188 0.022656 0.034375
0.0 0.432813 0.079687 0.015625 0.029687
