0.0 0.436733 0.468692 0.071549 0.086796
0.0 0.487961 0.290853 0.061516 0.156808
0.0 0.537238 0.423306 0.062723 0.142006
0.0 0.667021 0.295163 0.050592 0.091758
0.0 0.284368 0.404351 0.048623 0.107323
0.0 0.384695 0.710632 0.038484 0.075076
0.0 0.753667 0.944057 0.055503 0.101243
0.0 0.537332 0.133377 0.049934 0.031638
0.0 0.422755 0.374469 0.098156 0.056990
0.0 0.276998 0.941986 0.102850 0.116028
0.0 0.452247 0.953616 0.025165 0.040412
0.0 0.364645 0.981215 0.028308 0.037569
3.0 0.591662 0.672856 0.160972 0.496398
0.0 0.687841 0.087575 0.028327 0.042049
0.0 0.516030 0.059647 0.024866 0.027915
0.0 0.467891 0.105343 0.031544 0.046029
0.0 0.324477 0.088457 0.034508 0.104643
0.0 0.394715 0.541594 0.040285 0.052482
0.0 0.695547 0.736013 0.029201 0.045973
