0.0 0.352901 0.052706 0.070906 0.088203
0.0 0.175497 0.163139 0.044596 0.057569
0.0 0.234380 0.112506 0.022181 0.027226
0.0 0.358166 0.175311 0.017819 0.020702
0.0 0.370797 0.270728 0.018423 0.018423
0.0 0.019334 0.347975 0.022102 0.036517
0.0 0.315848 0.509875 0.017332 0.024539
0.0 0.229018 0.543015 0.014041 0.021968
0.0 0.071721 0.962935 0.028915 0.074130
0.0 0.209792 0.568742 0.024632 0.059947
0.0 0.304429 0.378329 0.061108 0.102189
0.0 0.420739 0.226249 0.007049 0.011374
0.0 0.442048 0.207417 0.007945 0.012990
0.0 0.374990 0.211656 0.008179 0.016107
0.0 0.391292 0.209652 0.005725 0.014373
0.0 0.336250 0.227876 0.013865 0.019631
0.0 0.322391 0.147437 0.008724 0.013049
0.0 0.301744 0.164652 0.006933 0.009816
0.0 0.335521 0.113549 0.005375 0.009699
0.0 0.299375 0.091186 0.008374 0.008374
0.0 0.397057 0.025112 0.005375 0.009699
0.0 0.443966 0.117962 0.015599 0.022085
0.0 0.455000 0.024690 0.006387 0.012874
0.0 0.640572 0.023714 0.022978 0.047427
0.0 0.669511 0.054063 0.013807 0.018852
0.0 0.573748 0.030681 0.025239 0.026681
0.0 0.534479 0.071227 0.011645 0.021014
0.0 0.578865 0.078088 0.008666 0.012270
0.0 0.609318 0.160418 0.023661 0.036633
0.0 0.468577 0.007221 0.009503 0.013107
0.0 0.726435 0.113258 0.014586 0.018910
0.0 0.671276 0.129924 0.006991 0.010595
0.0 0.662339 0.104740 0.007400 0.016048
0.0 0.748238 0.027797 0.007945 0.012990
0.0 0.776638 0.004936 0.010145 0.009872
0.0 0.808439 0.036607 0.007691 0.019943
0.0 0.779041 0.114802 0.008783 0.013828
0.0 0.671623 0.165936 0.008062 0.014548
0.0 0.658722 0.234278 0.007341 0.015269
0.0 0.560965 0.278422 0.007108 0.012153
0.0 0.527736 0.295012 0.010457 0.015502
0.0 0.518940 0.229862 0.008958 0.016165
0.0 0.476747 0.294130 0.008841 0.014607
0.0 0.452458 0.304567 0.008783 0.013828
0.0 0.442423 0.348408 0.008412 0.019223
0.0 0.557229 0.437739 0.014469 0.017352
0.0 0.537361 0.454896 0.010516 0.016282
0.0 0.602504 0.508775 0.008608 0.011490
0.0 0.612900 0.553436 0.010282 0.013165
0.0 0.696981 0.546355 0.010691 0.018619
0.0 0.689993 0.505356 0.009503 0.013107
0.0 0.904411 0.313807 0.011528 0.019456
0.0 0.856904 0.725536 0.007770 0.010653
0.0 0.859502 0.655616 0.005375 0.009699
0.0 0.888286 0.673829 0.005920 0.006641
0.0 0.719047 0.746829 0.007478 0.006758
0.0 0.677255 0.701386 0.005979 0.007420
0.0 0.692894 0.700998 0.003854 0.020431
0.0 0.840300 0.252800 0.010341 0.013944
0.0 0.814042 0.289238 0.009853 0.017781
0.0 0.539213 0.814356 0.019999 0.039458
0.0 0.552276 0.873702 0.006679 0.016769
0.0 0.213684 0.986699 0.016728 0.026603
0.0 0.103813 0.827379 0.026873 0.048495
0.0 0.051042 0.729485 0.011762 0.022572
0.0 0.033595 0.883562 0.010808 0.020177
0.0 0.172872 0.305921 0.010399 0.014723
0.0 0.135679 0.238198 0.014332 0.025864
