0.0 0.861733 0.224343 0.276533 0.408704
0.0 0.954882 0.295601 0.050851 0.116381
0.0 0.789817 0.263538 0.026264 0.036236
0.0 0.637332 0.314087 0.030534 0.068285
0.0 0.763218 0.419659 0.042296 0.043009
0.0 0.919059 0.458778 0.039081 0.059738
0.0 0.196404 0.010627 0.020749 0.021254
0.0 0.411441 0.065941 0.014705 0.027526
0.0 0.423343 0.011674 0.020998 0.023348
0.0 0.475562 0.132548 0.064785 0.071196
0.0 0.441554 0.375854 0.027595 0.133725
0.0 0.494803 0.385869 0.050022 0.124811
0.0 0.536765 0.316517 0.035734 0.074909
0.0 0.453500 0.567398 0.085453 0.096137
0.0 0.385452 0.482424 0.086831 0.066887
0.0 0.281386 0.443000 0.020831 0.045048
0.0 0.332742 0.263109 0.033765 0.060831
0.0 0.294259 0.190057 0.071130 0.064007
0.0 0.409266 0.165332 0.025653 0.019955
0.0 0.219256 0.113116 0.018515 0.017803
0.0 0.247030 0.109204 0.016542 0.040047
0.0 0.300540 0.079253 0.020734 0.025720
0.0 0.037066 0.236411 0.022820 0.032080
0.0 0.068164 0.184169 0.013397 0.021232
0.0 0.091284 0.170453 0.016775 0.024610
0.0 0.106654 0.174112 0.020251 0.047318
0.0 0.110075 0.106189 0.017916 0.047119
0.0 0.138792 0.081971 0.031678 0.054471
0.0 0.118451 0.062993 0.019854 0.042647
0.0 0.140987 0.166837 0.027109 0.037081
0.0 0.121208 0.279629 0.047558 0.086734
0.0 0.057376 0.274204 0.028152 0.040261
0.0 0.291238 0.566936 0.021146 0.039665
0.0 0.719372 0.954568 0.054015 0.090864
0.0 0.606338 0.854027 0.039249 0.043522
0.0 0.723037 0.707917 0.058359 0.068331
0.0 0.795994 0.845841 0.028300 0.051093
0.0 0.925366 0.725897 0.025105 0.040775
0.0 0.551014 0.803849 0.017488 0.023898
0.0 0.319600 0.482315 0.021430 0.015732
0.0 0.395977 0.552316 0.012751 0.022723
0.0 0.361058 0.797113 0.062913 0.076447
0.0 0.711784 0.056185 0.018114 0.049454
0.0 0.601895 0.085264 0.019624 0.021761
0.0 0.649890 0.055629 0.028717 0.028717
0.0 0.543539 0.024636 0.031083 0.047465
0.0 0.662525 0.183721 0.022057 0.041288
0.0 0.973995 0.153741 0.006523 0.022193
0.0 0.985883 0.262953 0.021329 0.032726
0.0 0.012123 0.529884 0.016129 0.026101
0.0 0.067108 0.510251 0.016627 0.013778
0.0 0.126448 0.485500 0.018663 0.028635
0.0 0.008145 0.717637 0.016291 0.042515
0.0 0.021313 0.661604 0.017238 0.030059
0.0 0.039436 0.688235 0.013148 0.027393
0.0 0.081814 0.641656 0.032554 0.073866
0.0 0.118961 0.619723 0.043946 0.098792
0.0 0.146692 0.524072 0.026911 0.034746
0.0 0.203371 0.539866 0.013662 0.024346
0.0 0.248088 0.530338 0.019325 0.036419
0.0 0.131041 0.376121 0.009388 0.028619
0.0 0.188621 0.316722 0.014755 0.019029
0.0 0.205517 0.772916 0.025501 0.045445
0.0 0.239676 0.832272 0.022520 0.046738
0.0 0.178193 0.660825 0.015152 0.023700
0.0 0.005715 0.888844 0.011430 0.076700
0.0 0.023798 0.807652 0.039101 0.032690
0.0 0.068578 0.917307 0.016079 0.034598
0.0 0.095493 0.923515 0.016460 0.029993
0.0 0.134181 0.911122 0.018857 0.067292
0.0 0.115246 0.866389 0.008477 0.026996
0.0 0.309031 0.320683 0.015946 0.033041
0.0 0.323199 0.384613 0.021329 0.032726
0.0 0.408664 0.255449 0.022108 0.032792
0.0 0.207728 0.257973 0.019823 0.024097
0.0 0.115015 0.730725 0.009571 0.021680
0.0 0.450741 0.037134 0.018826 0.048742
0.0 0.856426 0.513044 0.037855 0.063497
