0.0 0.250155 0.223017 0.065479 0.068455
0.0 0.422364 0.377691 0.035439 0.142596
0.0 0.606217 0.294849 0.033301 0.063067
0.0 0.401691 0.808020 0.061993 0.093991
0.0 0.285390 0.863478 0.038764 0.063320
0.0 0.774467 0.919744 0.055040 0.128711
0.0 0.315860 0.509339 0.025679 0.033121
0.0 0.276551 0.471278 0.025823 0.069728
0.0 0.301936 0.596798 0.031015 0.047386
0.0 0.753408 0.230916 0.031976 0.051324
0.0 0.727861 0.091001 0.082987 0.182002
0.0 0.647826 0.045774 0.024336 0.037731
0.0 0.424535 0.138269 0.070488 0.075697
0.0 0.388222 0.046887 0.017059 0.031942
0.0 0.361871 0.018392 0.021415 0.025135
0.0 0.246639 0.113688 0.031106 0.032594
0.0 0.254115 0.560697 0.025370 0.043230
0.0 0.510916 0.314137 0.033990 0.077894
0.0 0.477790 0.392321 0.051556 0.120762
0.0 0.459380 0.568365 0.078273 0.092411
0.0 0.388402 0.505186 0.083300 0.083300
0.0 0.648516 0.834874 0.027313 0.034754
0.0 0.589335 0.789916 0.019690 0.038294
0.0 0.748325 0.676946 0.051794 0.075607
0.0 0.749663 0.385945 0.027675 0.042558
0.0 0.298683 0.291151 0.026350 0.064301
0.0 0.365440 0.179338 0.014046 0.034138
0.0 0.587154 0.036080 0.025643 0.032340
0.0 0.615987 0.168478 0.029309 0.044192
0.0 0.353738 0.078991 0.010054 0.015263
0.0 0.307606 0.415871 0.025571 0.030780
0.0 0.400486 0.563281 0.011905 0.021579
0.0 0.475393 0.020938 0.029200 0.041850
0.0 0.378721 0.263187 0.018965 0.022685
0.0 0.334007 0.142476 0.006297 0.018203
