3.0 0.296094 0.570312 0.173437 0.178125
0.0 0.518750 0.381250 0.057812 0.124219
0.0 0.621094 0.488281 0.095312 0.100000
0.0 0.373437 0.291406 0.042969 0.068750
0.0 0.480469 0.300781 0.049219 0.078125
0.0 0.139844 0.196094 0.279687 0.392187
0.0 0.216406 0.222656 0.028906 0.046875
0.0 0.035937 0.246094 0.052344 0.118750
0.0 0.228906 0.953125 0.049219 0.093750
0.0 0.028125 0.693750 0.046875 0.056250
0.0 0.153906 0.839062 0.018750 0.053906
0.0 0.355469 0.860156 0.032031 0.040625
0.0 0.572656 0.368750 0.020313 0.139844
0.0 0.744531 0.189844 0.075781 0.063281
0.0 0.735937 0.460156 0.023438 0.059375
0.0 0.711719 0.591406 0.020313 0.038281
0.0 0.693750 0.496875 0.021875 0.022656
0.0 0.762500 0.553125 0.017969 0.035937
0.0 0.697656 0.275781 0.025781 0.031250
0.0 0.553125 0.112500 0.053125 0.072656
0.0 0.585156 0.085938 0.014844 0.025000
0.0 0.584375 0.132031 0.010156 0.021094
0.0 0.625781 0.153906 0.012500 0.028125
0.0 0.592188 0.022656 0.025000 0.043750
0.0 0.630469 0.047656 0.015625 0.032031
0.0 0.747656 0.075000 0.020313 0.024219
0.0 0.765625 0.109375 0.017969 0.027344
0.0 0.800781 0.107813 0.018750 0.040625
0.0 0.810938 0.566406 0.017187 0.030469
0.0 0.869531 0.551562 0.033594 0.032031
0.0 0.894531 0.515625 0.021875 0.034375
0.0 0.919531 0.302344 0.050000 0.086719
0.0 0.828125 0.272656 0.017969 0.021094
0.0 0.920313 0.089063 0.027344 0.064844
0.0 0.910937 0.177344 0.020313 0.037500
0.0 0.830469 0.121094 0.019531 0.028125
0.0 0.942187 0.071094 0.014063 0.038281
0.0 0.944531 0.118750 0.021094 0.050000
0.0 0.987500 0.303125 0.025000 0.037500
0.0 0.974219 0.867969 0.045313 0.038281
0.0 0.890625 0.664062 0.042187 0.057031
0.0 0.931250 0.687500 0.028125 0.089063
0.0 0.790625 0.809375 0.016406 0.026563
0.0 0.742188 0.874219 0.031250 0.057031
0.0 0.621094 0.824219 0.056250 0.080469
0.0 0.888281 0.984375 0.018750 0.026563
0.0 0.920313 0.979688 0.023438 0.029688
0.0 0.991406 0.956250 0.017187 0.077344
0.0 0.121875 0.482031 0.048438 0.067188
0.0 0.317187 0.021094 0.017969 0.032812
0.0 0.386719 0.015625 0.030469 0.031250
0.0 0.428906 0.055469 0.021875 0.030469
0.0 0.943750 0.194531 0.016406 0.036719
0.0 0.900000 0.406250 0.017187 0.027344
0.0 0.845312 0.332812 0.017969 0.025000
0.0 0.961719 0.189062 0.017969 0.028125
0.0 0.359375 0.149219 0.028906 0.040625
0.0 0.543750 0.571875 0.078125 0.088281
0.0 0.969531 0.739062 0.015625 0.032031
0.0 0.615625 0.252344 0.022656 0.030469
0.0 0.657812 0.115625 0.018750 0.025000
