0.0 0.284644 0.684087 0.060945 0.088290
0.0 0.513764 0.688757 0.061446 0.135126
0.0 0.591391 0.612385 0.103277 0.066817
0.0 0.704108 0.080763 0.241119 0.161527
0.0 0.670206 0.065493 0.027450 0.033527
0.0 0.635399 0.307160 0.030050 0.042963
0.0 0.631084 0.463587 0.047231 0.043433
0.0 0.579561 0.522832 0.086203 0.070252
0.0 0.454179 0.567685 0.062602 0.120330
0.0 0.535541 0.856192 0.037624 0.034586
0.0 0.448567 0.819496 0.022743 0.032618
0.0 0.476561 0.900010 0.022465 0.022465
0.0 0.715503 0.863771 0.044319 0.108124
0.0 0.815203 0.223303 0.009125 0.019759
0.0 0.804837 0.215771 0.015394 0.020711
0.0 0.816613 0.331899 0.012292 0.021406
0.0 0.823781 0.308256 0.010665 0.019021
0.0 0.794766 0.390331 0.016913 0.019192
0.0 0.734089 0.286484 0.014485 0.016004
0.0 0.759436 0.584339 0.040801 0.065107
0.0 0.773099 0.540980 0.011297 0.013576
0.0 0.833519 0.635456 0.009906 0.019780
0.0 0.820093 0.630353 0.014506 0.016785
0.0 0.780853 0.624393 0.016175 0.020732
0.0 0.748705 0.620584 0.017502 0.012185
0.0 0.761893 0.731202 0.012249 0.019845
0.0 0.738722 0.684162 0.017844 0.024680
0.0 0.806879 0.690112 0.015437 0.022273
0.0 0.676371 0.804663 0.010666 0.019021
0.0 0.656527 0.793483 0.026990 0.045220
0.0 0.793706 0.865538 0.014699 0.023814
0.0 0.769463 0.893555 0.011489 0.020604
0.0 0.666471 0.985470 0.013811 0.019887
0.0 0.509118 0.804552 0.013640 0.013640
0.0 0.510991 0.787307 0.016132 0.019170
0.0 0.493495 0.976138 0.013115 0.022990
0.0 0.468226 0.966669 0.015437 0.022273
0.0 0.380576 0.989127 0.015522 0.021747
0.0 0.374309 0.933289 0.012966 0.017523
1.0 0.443671 0.212371 0.111842 0.237173
0.0 0.704605 0.722610 0.013747 0.017544
0.0 0.671977 0.672703 0.013811 0.019887
0.0 0.621351 0.821800 0.012923 0.015961
0.0 0.601463 0.809058 0.011489 0.020604
0.0 0.580966 0.802585 0.011404 0.017480
0.0 0.574184 0.783232 0.012944 0.016742
0.0 0.326776 0.993172 0.016892 0.013655
0.0 0.304996 0.942220 0.015351 0.019149
0.0 0.260922 0.873869 0.033805 0.037603
0.0 0.253608 0.292602 0.032393 0.043027
0.0 0.183401 0.097575 0.060603 0.075794
0.0 0.720224 0.293897 0.012880 0.014399
0.0 0.725831 0.270297 0.012944 0.016742
0.0 0.640379 0.546176 0.015308 0.017587
0.0 0.642540 0.510948 0.016218 0.022294
0.0 0.632585 0.775381 0.013008 0.019085
0.0 0.753441 0.765039 0.011297 0.013576
0.0 0.562422 0.096578 0.026840 0.039753
0.0 0.773281 0.947377 0.024894 0.025653
0.0 0.766455 0.983515 0.015351 0.019149
0.0 0.761072 0.187271 0.013094 0.022209
0.0 0.287283 0.380776 0.020187 0.024744
0.0 0.611029 0.758778 0.013747 0.017544
0.0 0.648973 0.374783 0.013768 0.018325
0.0 0.710641 0.657577 0.013008 0.019085
