0.0 0.792983 0.193481 0.302909 0.386962
0.0 0.895326 0.206450 0.060476 0.117581
0.0 0.899583 0.375324 0.042392 0.067249
0.0 0.848113 0.438887 0.046320 0.062444
0.0 0.739807 0.364977 0.029188 0.047999
0.0 0.733787 0.206582 0.027490 0.040926
0.0 0.966610 0.619414 0.025157 0.052030
0.0 0.925820 0.163005 0.021564 0.024923
0.0 0.887906 0.055334 0.020314 0.038453
0.0 0.612351 0.025364 0.024429 0.050727
0.0 0.549049 0.031683 0.030382 0.039788
0.0 0.395423 0.145038 0.073940 0.069909
0.0 0.354086 0.059099 0.015714 0.043931
0.0 0.321632 0.034242 0.016246 0.024979
0.0 0.057509 0.170123 0.037745 0.066633
0.0 0.032464 0.177383 0.032660 0.097155
0.0 0.075724 0.248094 0.018000 0.026734
0.0 0.083012 0.368492 0.054923 0.087171
0.0 0.014345 0.373653 0.024289 0.039741
0.0 0.320480 0.519065 0.031987 0.034674
0.0 0.275224 0.492752 0.033667 0.064571
0.0 0.411494 0.391154 0.042075 0.139490
0.0 0.497665 0.315898 0.036196 0.066428
0.0 0.470037 0.392852 0.057686 0.119494
0.0 0.469945 0.576487 0.077318 0.106878
0.0 0.314835 0.607290 0.027798 0.043250
0.0 0.427939 0.818479 0.067987 0.088142
0.0 0.098544 0.907846 0.041066 0.045769
0.0 0.154053 0.696376 0.049810 0.088776
0.0 0.119957 0.724537 0.039434 0.085118
0.0 0.030612 0.633140 0.016087 0.029524
0.0 0.154444 0.592297 0.032202 0.024812
0.0 0.133243 0.569100 0.025064 0.039844
0.0 0.233549 0.243725 0.075330 0.074658
0.0 0.215772 0.133385 0.015938 0.022656
0.0 0.170414 0.171709 0.020622 0.040777
0.0 0.119083 0.057935 0.013773 0.017804
0.0 0.096661 0.079033 0.019857 0.029262
0.0 0.143662 0.183923 0.013400 0.032211
0.0 0.048085 0.271459 0.009583 0.026379
0.0 0.020615 0.278252 0.037297 0.046030
0.0 0.000312 0.345651 0.000624 0.033079
0.0 0.092086 0.781821 0.015453 0.047700
0.0 0.064849 0.820106 0.027117 0.055333
0.0 0.067993 0.760583 0.018205 0.028283
0.0 0.318804 0.881017 0.033312 0.056155
0.0 0.763585 0.657356 0.052721 0.064814
0.0 0.814041 0.901279 0.063228 0.098163
0.0 0.867572 0.775972 0.025204 0.058123
0.0 0.681063 0.819606 0.038071 0.046133
0.0 0.616454 0.784036 0.024653 0.036746
0.0 0.407325 0.573754 0.021462 0.024149
0.0 0.386413 0.511114 0.089989 0.081927
0.0 0.261163 0.582881 0.027536 0.047019
0.0 0.283574 0.311963 0.036513 0.057340
0.0 0.219595 0.727093 0.013558 0.027667
0.0 0.231578 0.976203 0.028918 0.047595
0.0 0.198266 0.992245 0.019390 0.015510
0.0 0.164917 0.992943 0.021564 0.014114
0.0 0.096054 0.975438 0.024103 0.049124
0.0 0.268873 0.825376 0.015266 0.023328
0.0 0.339428 0.186347 0.015938 0.022656
0.0 0.320448 0.096657 0.017795 0.025185
0.0 0.591442 0.286131 0.030018 0.042783
0.0 0.164304 0.327771 0.010871 0.030354
0.0 0.435891 0.022250 0.033741 0.036429
0.0 0.588343 0.155720 0.032081 0.046861
0.0 0.303562 0.433042 0.026099 0.036177
0.0 0.276147 0.368901 0.020071 0.019399
0.0 0.218296 0.604324 0.025689 0.033079
0.0 0.358922 0.279910 0.022236 0.024252
0.0 0.171932 0.807490 0.019651 0.027713
0.0 0.065233 0.924082 0.030625 0.058842
0.0 0.079889 0.600602 0.017487 0.022861
