0.0 0.735937 0.928906 0.138281 0.141406
0.0 0.649219 0.971094 0.031250 0.050000
0.0 0.256250 0.954687 0.068750 0.089844
0.0 0.616406 0.707031 0.028906 0.046875
0.0 0.564062 0.473437 0.067969 0.072656
0.0 0.460938 0.431250 0.056250 0.137500
0.0 0.329688 0.295313 0.053125 0.103906
0.0 0.503125 0.296094 0.050781 0.142969
0.0 0.664844 0.079687 0.036719 0.115625
0.0 0.712500 0.408594 0.035156 0.110937
0.0 0.607813 0.528125 0.042187 0.072656
0.0 0.310156 0.079687 0.048437 0.060156
0.0 0.456250 0.140625 0.025000 0.033594
0.0 0.482812 0.048437 0.030469 0.025000
0.0 0.531250 0.103906 0.036719 0.042969
1.0 0.416406 0.660156 0.150781 0.497656
