3.0 0.460156 0.155469 0.117969 0.310156
0.0 0.732813 0.067969 0.126562 0.135937
0.0 0.250000 0.050781 0.078125 0.101562
0.0 0.629687 0.285156 0.026562 0.059375
0.0 0.571875 0.538281 0.065625 0.093750
0.0 0.614844 0.461719 0.047656 0.060938
0.0 0.724219 0.604688 0.027344 0.092969
0.0 0.582812 0.633594 0.085156 0.039062
0.0 0.459375 0.566406 0.063281 0.117969
0.0 0.321094 0.732813 0.040625 0.126562
0.0 0.675781 0.938281 0.036719 0.103125
0.0 0.510156 0.728125 0.053125 0.164062
0.0 0.449219 0.884375 0.027344 0.040625
0.0 0.526563 0.926562 0.031250 0.033594
0.0 0.297656 0.939062 0.045313 0.067969
0.0 0.299219 0.250781 0.023438 0.064844
