0.0 0.531778 0.427594 0.080259 0.092103
0.0 0.528142 0.612545 0.061878 0.122489
0.0 0.613082 0.492224 0.085511 0.083421
0.0 0.192631 0.816353 0.285615 0.367294
0.0 0.580476 0.617339 0.038995 0.131653
0.0 0.579679 0.184653 0.064021 0.091191
0.0 0.743219 0.178724 0.016106 0.029343
0.0 0.690561 0.125267 0.029157 0.051450
0.0 0.885916 0.282555 0.039207 0.081704
0.0 0.850786 0.307397 0.043868 0.059892
0.0 0.953007 0.103604 0.015248 0.028485
0.0 0.910346 0.108804 0.044189 0.040706
0.0 0.848120 0.010370 0.022537 0.020740
0.0 0.916506 0.031665 0.029640 0.063330
0.0 0.743069 0.427719 0.019000 0.035024
0.0 0.691109 0.396181 0.027790 0.038240
0.0 0.725253 0.513603 0.029800 0.057667
0.0 0.867272 0.443925 0.022805 0.034649
0.0 0.844548 0.414075 0.029558 0.033041
0.0 0.974403 0.378644 0.023904 0.037838
0.0 0.393283 0.212584 0.021251 0.034488
0.0 0.331274 0.175018 0.031944 0.048664
0.0 0.403005 0.708750 0.032346 0.052549
0.0 0.497999 0.685567 0.032400 0.067930
0.0 0.668007 0.909097 0.017338 0.026395
0.0 0.632716 0.932385 0.020661 0.021358
0.0 0.621727 0.879328 0.016401 0.024761
0.0 0.587132 0.856204 0.058500 0.067556
0.0 0.615669 0.835971 0.011657 0.023501
0.0 0.651897 0.814157 0.015088 0.026931
0.0 0.707522 0.691372 0.029826 0.043063
0.0 0.760020 0.766052 0.076453 0.070183
0.0 0.913452 0.647283 0.056089 0.088833
0.0 0.982292 0.637017 0.026155 0.037302
0.0 0.956551 0.858814 0.015142 0.042312
0.0 0.955611 0.811785 0.023931 0.045528
0.0 0.933639 0.842335 0.034088 0.061955
0.0 0.892751 0.932963 0.018839 0.033470
0.0 0.868796 0.951936 0.018812 0.025779
0.0 0.775084 0.873667 0.022242 0.029209
0.0 0.846281 0.825457 0.017901 0.031835
0.0 0.821441 0.835882 0.017768 0.037971
0.0 0.786311 0.837947 0.019589 0.025859
0.0 0.916030 0.763259 0.023422 0.033175
0.0 0.946577 0.739676 0.022832 0.042339
0.0 0.663856 0.967648 0.019858 0.035881
0.0 0.637460 0.955457 0.015998 0.020875
0.0 0.445141 0.956510 0.016964 0.030200
0.0 0.432387 0.977466 0.015088 0.026931
0.0 0.369630 0.990811 0.019348 0.018378
0.0 0.375363 0.965303 0.019617 0.033550
0.0 0.401913 0.842385 0.036499 0.040679
0.0 0.092945 0.786394 0.053410 0.100087
0.0 0.257583 0.783493 0.030309 0.047726
0.0 0.258139 0.629492 0.029907 0.043840
0.0 0.147251 0.552216 0.039313 0.067877
0.0 0.037912 0.360892 0.029907 0.043840
0.0 0.142734 0.212595 0.024736 0.053299
0.0 0.195089 0.088578 0.056599 0.101186
0.0 0.478073 0.925612 0.019054 0.028110
0.0 0.677742 0.487103 0.019107 0.021197
0.0 0.916060 0.232310 0.013963 0.038346
0.0 0.942828 0.194981 0.020876 0.038293
0.0 0.831644 0.684025 0.014846 0.024600
0.0 0.840135 0.621883 0.015865 0.027012
0.0 0.720007 0.637457 0.016159 0.022429
0.0 0.786077 0.410701 0.013667 0.020634
0.0 0.812403 0.065532 0.015382 0.022349
0.0 0.775582 0.009032 0.015623 0.018064
0.0 0.787491 0.280174 0.017097 0.024064
