0.0 0.801686 0.180404 0.300503 0.360808
0.0 0.735724 0.206805 0.036457 0.045441
0.0 0.901195 0.210587 0.082429 0.156369
0.0 0.593725 0.287681 0.045427 0.050264
0.0 0.409239 0.139803 0.090269 0.081286
0.0 0.236762 0.243685 0.064386 0.076134
0.0 0.112785 0.695128 0.033673 0.068915
0.0 0.416425 0.383449 0.040252 0.135613
0.0 0.476812 0.389374 0.072262 0.140673
0.0 0.150744 0.697235 0.059905 0.070270
0.0 0.085595 0.348364 0.064787 0.107630
0.0 0.425680 0.810000 0.062741 0.082090
0.0 0.378963 0.492896 0.093961 0.100871
0.0 0.272083 0.478731 0.023071 0.056240
0.0 0.088351 0.894313 0.032568 0.051917
0.0 0.804680 0.904230 0.070801 0.134375
0.0 0.958333 0.636580 0.034891 0.059077
0.0 0.852405 0.438392 0.041004 0.072791
0.0 0.053676 0.165604 0.065912 0.103919
0.0 0.313887 0.879689 0.035845 0.053812
0.0 0.906205 0.384522 0.044104 0.080037
