0.0 0.396485 0.400107 0.041332 0.131858
0.0 0.353056 0.514820 0.110534 0.073099
0.0 0.458051 0.568882 0.109011 0.098120
0.0 0.390898 0.785667 0.075889 0.083376
0.0 0.252935 0.848187 0.040681 0.051571
0.0 0.860040 0.843999 0.056373 0.092448
0.0 0.623014 0.302358 0.045980 0.063677
0.0 0.504428 0.330239 0.048402 0.064737
0.0 0.468475 0.403110 0.074237 0.119840
0.0 0.340746 0.118068 0.031185 0.048882
0.0 0.299596 0.141990 0.016597 0.029529
0.0 0.746804 0.104621 0.093160 0.149654
0.0 0.797553 0.223559 0.015012 0.041557
0.0 0.798035 0.369108 0.048798 0.061730
0.0 0.817204 0.628858 0.071063 0.075147
0.0 0.175389 0.278387 0.084151 0.075984
0.0 0.161511 0.177765 0.028893 0.036380
0.0 0.146882 0.212610 0.019810 0.024575
0.0 0.357922 0.181295 0.021433 0.069078
0.0 0.315946 0.224207 0.017579 0.025066
0.0 0.236879 0.330685 0.044843 0.054372
0.0 0.271589 0.395703 0.030193 0.022025
0.0 0.254807 0.438682 0.028798 0.035604
0.0 0.214933 0.492356 0.037701 0.077179
0.0 0.258530 0.604299 0.025662 0.047443
0.0 0.195896 0.581262 0.024033 0.040369
0.0 0.267375 0.522149 0.036553 0.036553
0.0 0.670133 0.076217 0.036631 0.043437
0.0 0.585149 0.076377 0.028530 0.027169
0.0 0.534073 0.115679 0.016614 0.023420
0.0 0.701477 0.783107 0.037741 0.027531
0.0 0.627876 0.187638 0.037596 0.045083
0.0 0.291788 0.271237 0.018639 0.027487
0.0 0.336854 0.305080 0.030444 0.036569
0.0 0.258000 0.368243 0.018466 0.019827
0.0 0.225870 0.388700 0.022025 0.030193
0.0 0.464912 0.322478 0.025032 0.029797
0.0 0.274043 0.203358 0.024145 0.035035
0.0 0.248418 0.219084 0.016312 0.027203
0.0 0.393594 0.176933 0.070951 0.080481
1.0 0.734326 0.530377 0.202803 0.159242
