0.0 0.397242 0.399329 0.040383 0.131780
0.0 0.352948 0.513711 0.110170 0.072374
0.0 0.457532 0.568564 0.108449 0.097454
0.0 0.388745 0.784836 0.075381 0.082940
0.0 0.250315 0.846313 0.040355 0.051350
0.0 0.857434 0.846706 0.055759 0.092180
0.0 0.624502 0.303292 0.045570 0.063437
0.0 0.505709 0.330277 0.047988 0.064480
0.0 0.469208 0.402875 0.073442 0.119484
0.0 0.343633 0.116877 0.030863 0.048730
0.0 0.302303 0.140488 0.016398 0.029455
0.0 0.749780 0.106494 0.092168 0.149205
0.0 0.799630 0.225812 0.014717 0.041517
0.0 0.799014 0.371361 0.048408 0.061465
0.0 0.816223 0.631248 0.070610 0.074733
0.0 0.177070 0.275943 0.083716 0.075470
0.0 0.163952 0.175220 0.028663 0.036222
0.0 0.149061 0.209954 0.019656 0.024466
0.0 0.360332 0.180232 0.020935 0.069039
0.0 0.318032 0.222826 0.017416 0.024975
0.0 0.238164 0.328704 0.044502 0.054123
0.0 0.272383 0.393982 0.030077 0.021831
0.0 0.255277 0.436834 0.028574 0.035446
0.0 0.214999 0.490205 0.037170 0.077028
0.0 0.257750 0.602473 0.025341 0.047331
0.0 0.195292 0.578965 0.023764 0.040256
0.0 0.267214 0.520393 0.036336 0.036336
0.0 0.673326 0.077513 0.036360 0.043232
0.0 0.588343 0.077031 0.028372 0.026997
0.0 0.536972 0.115947 0.016462 0.023334
0.0 0.699335 0.784620 0.037597 0.027289
0.0 0.630229 0.188612 0.037314 0.044874
0.0 0.293520 0.269672 0.018459 0.027393
0.0 0.338329 0.303854 0.030215 0.036400
0.0 0.259001 0.366420 0.018346 0.019720
0.0 0.226718 0.386635 0.021831 0.030077
0.0 0.466253 0.322218 0.024847 0.029657
0.0 0.276288 0.201661 0.023917 0.034912
0.0 0.250545 0.217194 0.016131 0.027126
0.0 0.396035 0.176139 0.070457 0.080077
3.0 0.734090 0.532144 0.201939 0.157958
