0.0 0.349219 0.678125 0.036719 0.064062
0.0 0.182031 0.110156 0.045312 0.090625
0.0 0.550000 0.434375 0.093750 0.099219
0.0 0.589063 0.609375 0.033594 0.126562
0.0 0.567187 0.821875 0.063281 0.067969
0.0 0.471094 0.664062 0.046875 0.068750
0.0 0.517187 0.600000 0.067188 0.116406
0.0 0.641406 0.503125 0.104687 0.079687
0.0 0.791406 0.746094 0.078906 0.087500
0.0 0.737500 0.688281 0.033594 0.063281
0.0 0.730469 0.502344 0.020313 0.038281
0.0 0.780469 0.533594 0.025781 0.055469
0.0 0.750781 0.422656 0.028906 0.035938
0.0 0.814844 0.452344 0.024219 0.038281
0.0 0.789844 0.183594 0.028906 0.046094
0.0 0.644531 0.221875 0.067188 0.071094
0.0 0.182031 0.592187 0.028125 0.049219
0.0 0.797656 0.857031 0.026562 0.032031
0.0 0.332031 0.196875 0.038281 0.047656
3.0 0.273438 0.437500 0.189844 0.143750
0.0 0.610156 0.903125 0.021875 0.045312
0.0 0.657812 0.879687 0.020313 0.026563
0.0 0.648438 0.795312 0.020313 0.029687
0.0 0.337500 0.789062 0.032031 0.050000
0.0 0.286719 0.898438 0.025000 0.035938
0.0 0.362500 0.907812 0.042188 0.039062
0.0 0.401563 0.233594 0.012500 0.032812
0.0 0.200000 0.332812 0.069531 0.060156
0.0 0.197656 0.857031 0.076562 0.146094
0.0 0.636719 0.708594 0.021875 0.024219
0.0 0.689062 0.822656 0.012500 0.020312
0.0 0.734375 0.584375 0.028125 0.030469
0.0 0.756250 0.643750 0.014844 0.025781
0.0 0.713281 0.873437 0.016406 0.023438
0.0 0.678125 0.751563 0.016406 0.021094
0.0 0.716406 0.811719 0.007812 0.021094
0.0 0.814844 0.827344 0.014844 0.017188
