0.0 0.499219 0.320312 0.053906 0.132812
0.0 0.550781 0.436719 0.071875 0.114063
0.0 0.708594 0.328906 0.048437 0.086719
0.0 0.787500 0.886719 0.071875 0.090625
0.0 0.285156 0.907812 0.242188 0.184375
0.0 0.328906 0.902344 0.026563 0.058594
0.0 0.435937 0.874219 0.035156 0.052344
0.0 0.176563 0.019531 0.017188 0.030469
0.0 0.264844 0.030469 0.021094 0.033594
0.0 0.253906 0.068750 0.021094 0.027344
0.0 0.232812 0.147656 0.010156 0.032812
0.0 0.305469 0.153906 0.044531 0.107813
0.0 0.355469 0.213281 0.033594 0.056250
0.0 0.356250 0.036719 0.015625 0.017969
0.0 0.396094 0.012500 0.010156 0.020313
0.0 0.517187 0.054688 0.008594 0.031250
0.0 0.539062 0.060156 0.016406 0.020313
0.0 0.624219 0.036719 0.014063 0.030469
0.0 0.676562 0.035156 0.011719 0.018750
0.0 0.794531 0.014063 0.043750 0.027344
0.0 0.695312 0.087500 0.015625 0.021875
0.0 0.738281 0.153125 0.027344 0.038281
0.0 0.556250 0.197656 0.032031 0.042187
0.0 0.533594 0.125781 0.021875 0.028125
0.0 0.475000 0.166406 0.035937 0.043750
0.0 0.392188 0.190625 0.027344 0.028906
0.0 0.437500 0.220312 0.017969 0.049219
0.0 0.497656 0.222656 0.015625 0.038281
0.0 0.418750 0.396094 0.089844 0.039844
0.0 0.362500 0.486719 0.012500 0.029688
0.0 0.377344 0.531250 0.046094 0.042188
0.0 0.426562 0.475781 0.077344 0.057812
0.0 0.257812 0.412500 0.046094 0.100000
0.0 0.264062 0.260156 0.017969 0.049219
0.0 0.177344 0.325000 0.012500 0.031250
0.0 0.215625 0.314844 0.010938 0.029688
0.0 0.279687 0.328125 0.010156 0.041406
0.0 0.195312 0.367969 0.032813 0.029688
0.0 0.728906 0.703906 0.029688 0.054688
0.0 0.626562 0.860156 0.042969 0.087500
0.0 0.717188 0.984375 0.037500 0.031250
0.0 0.697656 0.617188 0.015625 0.024219
0.0 0.367188 0.678125 0.026563 0.040625
0.0 0.201562 0.755469 0.025781 0.034375
0.0 0.192188 0.660937 0.020312 0.042188
0.0 0.317187 0.285937 0.021094 0.035938
0.0 0.342969 0.334375 0.014063 0.019531
0.0 0.282813 0.699219 0.021094 0.052344
0.0 0.217969 0.600781 0.014062 0.023438
0.0 0.174219 0.506250 0.010938 0.023437
0.0 0.416406 0.325781 0.010156 0.020313
0.0 0.253906 0.124219 0.014063 0.021875
0.0 0.181250 0.766406 0.010156 0.021875
0.0 0.217187 0.794531 0.014062 0.030469
0.0 0.247656 0.782031 0.013281 0.025000
0.0 0.384375 0.234375 0.010938 0.030469
0.0 0.192969 0.171094 0.013281 0.024219
