1.0 0.476956 0.795924 0.134200 0.254753
0.0 0.399916 0.887045 0.053499 0.103432
0.0 0.605976 0.894878 0.045430 0.044004
0.0 0.229365 0.928765 0.072180 0.095720
0.0 0.752020 0.897545 0.251271 0.184930
0.0 0.717899 0.911377 0.028889 0.049576
0.0 0.839285 0.741280 0.022006 0.031992
0.0 0.717799 0.021406 0.040053 0.042812
0.0 0.726976 0.083514 0.013637 0.033611
0.0 0.674826 0.116104 0.052659 0.111866
0.0 0.624574 0.190087 0.039731 0.068264
0.0 0.576642 0.385393 0.100579 0.056352
0.0 0.447878 0.439294 0.081081 0.128161
0.0 0.487342 0.320744 0.068045 0.138665
0.0 0.576349 0.466167 0.093323 0.080483
0.0 0.635022 0.520837 0.058865 0.056724
0.0 0.657402 0.675760 0.040632 0.051332
0.0 0.838143 0.643378 0.025131 0.060084
0.0 0.748823 0.690840 0.031624 0.072997
0.0 0.751491 0.385647 0.055186 0.105120
0.0 0.808175 0.332294 0.031804 0.038224
0.0 0.749365 0.098103 0.025058 0.040752
0.0 0.414818 0.184915 0.024863 0.038416
0.0 0.267019 0.339192 0.063616 0.095003
0.0 0.220298 0.155732 0.042638 0.038358
0.0 0.257576 0.085972 0.016621 0.032314
0.0 0.430941 0.105951 0.030439 0.031152
0.0 0.496808 0.143554 0.042642 0.047635
0.0 0.278011 0.732616 0.031290 0.050550
0.0 0.716159 0.291392 0.015777 0.031471
0.0 0.785510 0.276961 0.016487 0.021480
0.0 0.416771 0.039715 0.017008 0.027708
0.0 0.325998 0.023012 0.021871 0.021158
0.0 0.611521 0.002676 0.020767 0.005352
0.0 0.476267 0.207209 0.017403 0.041657
0.0 0.584015 0.164476 0.012920 0.025047
0.0 0.543090 0.200046 0.020583 0.042696
0.0 0.678840 0.257669 0.014416 0.033676
0.0 0.650445 0.311790 0.014347 0.023620
