0.0 0.517360 0.286607 0.057044 0.153480
0.0 0.217554 0.957362 0.059381 0.054998
0.0 0.710437 0.953466 0.102438 0.093068
0.0 0.625038 0.995582 0.029881 0.008836
0.0 0.534163 0.974481 0.036868 0.051037
0.0 0.605194 0.731292 0.034241 0.062733
0.0 0.675987 0.763151 0.031791 0.036174
0.0 0.745097 0.846568 0.026578 0.039728
0.0 0.730404 0.893393 0.010591 0.032508
0.0 0.359859 0.947542 0.041467 0.091146
0.0 0.463343 0.423324 0.066099 0.136965
0.0 0.567264 0.476058 0.075283 0.085511
0.0 0.610600 0.546109 0.044813 0.057963
0.0 0.719344 0.410492 0.051518 0.115078
0.0 0.579010 0.376599 0.081691 0.039318
0.0 0.331840 0.274134 0.052874 0.099631
0.0 0.316649 0.055559 0.035646 0.048066
0.0 0.580292 0.157496 0.021464 0.044843
0.0 0.521470 0.159270 0.020586 0.043234
0.0 0.473534 0.124937 0.021120 0.039385
0.0 0.548117 0.084234 0.038372 0.042025
0.0 0.499850 0.030311 0.022047 0.041773
0.0 0.651006 0.153341 0.031902 0.062586
0.0 0.699146 0.072615 0.045673 0.120922
0.0 0.763763 0.078253 0.016835 0.045327
0.0 0.788776 0.053996 0.019027 0.043136
0.0 0.750626 0.038285 0.013464 0.028806
0.0 0.781998 0.347902 0.027456 0.041337
0.0 0.771943 0.283861 0.011273 0.030998
0.0 0.710488 0.290165 0.011856 0.027928
0.0 0.620757 0.124037 0.024669 0.021746
0.0 0.760755 0.722307 0.018738 0.050884
0.0 0.740134 0.639596 0.017173 0.038359
0.0 0.650585 0.309092 0.023656 0.042651
0.0 0.733518 0.235255 0.016190 0.022765
0.0 0.684832 0.237667 0.015908 0.042939
0.0 0.727741 0.190271 0.018192 0.029881
1.0 0.435885 0.846654 0.109158 0.290340
