0.0 0.065625 0.900781 0.059375 0.109375
0.0 0.250000 0.798438 0.069531 0.073438
0.0 0.442187 0.889063 0.065625 0.077344
0.0 0.863281 0.811719 0.273438 0.376563
0.0 0.519531 0.703125 0.028125 0.083594
0.0 0.632031 0.710156 0.053125 0.064844
0.0 0.781250 0.776562 0.035938 0.067188
0.0 0.956250 0.759375 0.062500 0.132812
0.0 0.482031 0.619531 0.053906 0.124219
0.0 0.426562 0.632812 0.028125 0.164062
0.0 0.371875 0.506250 0.084375 0.070312
0.0 0.458594 0.414062 0.084375 0.111719
0.0 0.109375 0.328125 0.034375 0.084375
0.0 0.060938 0.323438 0.042187 0.075000
0.0 0.021094 0.122656 0.028125 0.059375
0.0 0.374219 0.161719 0.071094 0.125000
0.0 0.256250 0.119531 0.035937 0.078906
0.0 0.772656 0.060156 0.055469 0.119531
0.0 0.970312 0.310156 0.036719 0.078125
0.0 0.077344 0.700000 0.057812 0.103125
1.0 0.689844 0.422656 0.157031 0.181250
0.0 0.261719 0.539062 0.025781 0.078125
0.0 0.288281 0.426562 0.030469 0.063281
0.0 0.939844 0.590625 0.051563 0.086719
