0.0 0.775878 0.932693 0.064425 0.084119
0.0 0.772938 0.151983 0.035356 0.042650
0.0 0.555920 0.105905 0.025927 0.028844
0.0 0.578864 0.187236 0.022681 0.038728
0.0 0.418883 0.385955 0.104567 0.056426
0.0 0.317455 0.113246 0.050464 0.120487
0.0 0.261998 0.086970 0.021249 0.028543
0.0 0.268054 0.029428 0.027008 0.033572
0.0 0.237782 0.110462 0.013125 0.035007
0.0 0.244498 0.395076 0.057406 0.107736
0.0 0.362958 0.196813 0.041316 0.050798
0.0 0.514936 0.207386 0.022681 0.038728
0.0 0.491517 0.145596 0.044485 0.051779
0.0 0.570425 0.038730 0.016571 0.028241
0.0 0.548507 0.439713 0.073449 0.139825
0.0 0.421305 0.469878 0.095259 0.080671
0.0 0.366862 0.525086 0.053991 0.054721
0.0 0.728290 0.334647 0.064727 0.088797
0.0 0.254103 0.902211 0.250775 0.180752
0.0 0.291601 0.915587 0.034928 0.048058
0.0 0.399540 0.892792 0.035079 0.050397
0.0 0.161212 0.752179 0.029119 0.042249
0.0 0.163793 0.651355 0.024114 0.048914
0.0 0.250059 0.697622 0.029672 0.050825
0.0 0.346882 0.677242 0.037946 0.046699
0.0 0.609235 0.894558 0.045915 0.086033
3.0 0.527214 0.794546 0.124267 0.241701
0.0 0.726165 0.732208 0.029622 0.050045
0.0 0.191351 0.588152 0.023688 0.030253
0.0 0.186272 0.338873 0.034677 0.044159
0.0 0.210310 0.281706 0.019890 0.031561
0.0 0.275624 0.300788 0.025826 0.027285
0.0 0.729599 0.083430 0.021072 0.037848
0.0 0.662948 0.024335 0.021399 0.030882
0.0 0.274212 0.002534 0.023865 0.005069
0.0 0.373075 0.007962 0.017929 0.015924
0.0 0.549857 0.345855 0.018508 0.022155
0.0 0.340511 0.314363 0.019790 0.030002
0.0 0.313319 0.262507 0.014081 0.025752
0.0 0.449096 0.208625 0.018255 0.042325
0.0 0.407746 0.169949 0.014308 0.017226
