0.0 0.736719 0.211719 0.062500 0.065625
0.0 0.571875 0.374219 0.028906 0.141406
0.0 0.384375 0.300000 0.030469 0.061719
0.0 0.612500 0.803125 0.057812 0.091406
0.0 0.731250 0.853125 0.035938 0.061719
0.0 0.245312 0.932031 0.049219 0.126562
0.0 0.684375 0.500781 0.024219 0.032031
0.0 0.721875 0.460938 0.022656 0.068750
0.0 0.702344 0.587500 0.028906 0.046094
0.0 0.234375 0.242969 0.029687 0.050000
0.0 0.253125 0.096094 0.074219 0.190625
0.0 0.331250 0.053125 0.022656 0.036719
0.0 0.558594 0.135156 0.067188 0.072656
0.0 0.590625 0.042188 0.015625 0.031250
0.0 0.615625 0.012500 0.020313 0.024219
0.0 0.735156 0.102344 0.029688 0.031250
0.0 0.748438 0.549219 0.023438 0.042187
0.0 0.480469 0.314844 0.030469 0.076563
0.0 0.517187 0.391406 0.046094 0.118750
0.0 0.543750 0.566406 0.074219 0.089062
0.0 0.611719 0.500000 0.079687 0.079687
0.0 0.367188 0.841406 0.025781 0.033594
0.0 0.424219 0.793750 0.017969 0.037500
0.0 0.260156 0.688281 0.048437 0.073437
0.0 0.245312 0.397656 0.025781 0.041406
0.0 0.691406 0.282031 0.023438 0.063281
0.0 0.619531 0.173438 0.012500 0.033594
0.0 0.391406 0.040625 0.024219 0.031250
0.0 0.368750 0.174219 0.027344 0.042969
0.0 0.626562 0.072656 0.009375 0.014844
0.0 0.688281 0.407031 0.024219 0.029688
0.0 0.602344 0.558594 0.010937 0.021094
0.0 0.502344 0.020312 0.027344 0.040625
0.0 0.610156 0.257813 0.017969 0.021875
0.0 0.649219 0.135156 0.005469 0.017969
