3.0 0.308319 0.403077 0.191087 0.202065
0.0 0.503856 0.616059 0.073490 0.138674
0.0 0.548357 0.435606 0.095513 0.130506
0.0 0.617332 0.519099 0.089522 0.085405
0.0 0.558800 0.637368 0.038870 0.143850
0.0 0.483720 0.715181 0.013203 0.021436
0.0 0.455522 0.693825 0.037076 0.075500
0.0 0.350868 0.694284 0.031601 0.048069
0.0 0.130894 0.761629 0.261787 0.417857
0.0 0.220954 0.580136 0.032017 0.045054
0.0 0.183627 0.739398 0.027148 0.036068
0.0 0.020506 0.702274 0.041012 0.101536
0.0 0.336741 0.965554 0.014608 0.026959
0.0 0.320737 0.974711 0.015767 0.017140
0.0 0.579780 0.965399 0.016667 0.024900
0.0 0.539585 0.995748 0.015767 0.008504
0.0 0.536581 0.978483 0.024607 0.027351
0.0 0.538488 0.921292 0.016160 0.027138
0.0 0.540599 0.875920 0.011504 0.026599
0.0 0.507309 0.891725 0.059695 0.065871
0.0 0.613572 0.897745 0.014248 0.023854
0.0 0.584664 0.862150 0.020637 0.026126
0.0 0.697783 0.951545 0.020130 0.028364
0.0 0.755378 0.922826 0.018701 0.035855
0.0 0.719859 0.917138 0.016307 0.021796
0.0 0.784485 0.915974 0.022099 0.025530
0.0 0.707390 0.834686 0.076948 0.069401
0.0 0.731336 0.566913 0.031128 0.057201
0.0 0.801928 0.765419 0.015261 0.019378
0.0 0.822314 0.704863 0.011977 0.017466
0.0 0.767972 0.481499 0.017599 0.039555
0.0 0.719876 0.435030 0.026046 0.039768
0.0 0.675927 0.773628 0.016903 0.020334
0.0 0.669941 0.743835 0.036584 0.044818
0.0 0.817290 0.469911 0.015531 0.021706
0.0 0.848007 0.340555 0.013799 0.019974
0.0 0.691147 0.526865 0.023561 0.024933
0.0 0.657603 0.191872 0.065047 0.085632
0.0 0.785109 0.157097 0.034975 0.050756
0.0 0.824390 0.225353 0.016666 0.024900
0.0 0.399611 0.124231 0.035841 0.051622
0.0 0.455615 0.177121 0.022402 0.034752
0.0 0.278741 0.029227 0.062483 0.058454
0.0 0.052963 0.251587 0.029959 0.047113
0.0 0.122679 0.471227 0.043521 0.071653
0.0 0.197230 0.119658 0.026145 0.060452
0.0 0.587546 0.762602 0.017443 0.024990
0.0 0.380276 0.935993 0.018309 0.025856
0.0 0.262509 0.954594 0.024134 0.036484
0.0 0.318566 0.830534 0.032794 0.045144
0.0 0.698235 0.689700 0.016070 0.026362
0.0 0.690233 0.629788 0.016127 0.020244
0.0 0.922524 0.125043 0.017532 0.025766
0.0 0.947546 0.363885 0.038425 0.087141
0.0 0.907777 0.381299 0.048234 0.066074
0.0 0.892695 0.525049 0.026046 0.039768
0.0 0.874922 0.488385 0.030849 0.034965
0.0 0.996303 0.188458 0.007395 0.037360
0.0 0.973323 0.073516 0.022785 0.024843
0.0 0.941864 0.066725 0.018758 0.029736
0.0 0.901036 0.052557 0.016037 0.019468
0.0 0.992734 0.319579 0.014531 0.033853
0.0 0.886372 0.640715 0.017859 0.021976
0.0 0.894771 0.744717 0.061200 0.092077
0.0 0.900567 0.925491 0.029453 0.049351
0.0 0.870386 0.866941 0.020490 0.031468
0.0 0.923821 0.860548 0.017892 0.028870
0.0 0.906511 0.853824 0.024134 0.036484
0.0 0.964110 0.750391 0.024437 0.045707
0.0 0.891585 0.982650 0.014788 0.028511
0.0 0.891595 0.962202 0.012753 0.017556
0.0 0.869988 0.951834 0.036953 0.067830
0.0 0.958433 0.507498 0.016936 0.027228
0.0 0.997255 0.455162 0.005489 0.027825
0.0 0.807358 0.324835 0.018488 0.027408
0.0 0.971628 0.251063 0.021143 0.023888
0.0 0.640204 0.885101 0.014428 0.025407
