0.0 0.312469 0.305643 0.060972 0.089437
0.0 0.592559 0.405350 0.095272 0.050840
0.0 0.575917 0.480575 0.082130 0.071717
0.0 0.526769 0.322146 0.063962 0.132000
0.0 0.458195 0.435059 0.072244 0.115982
0.0 0.622383 0.546011 0.055255 0.057337
0.0 0.671128 0.913777 0.256028 0.172446
0.0 0.628648 0.923006 0.036759 0.042313
0.0 0.529158 0.883357 0.031205 0.047867
0.0 0.612621 0.689534 0.034196 0.054330
0.0 0.302428 0.134088 0.037172 0.046197
0.0 0.475093 0.194874 0.028131 0.040627
0.0 0.731062 0.174168 0.050161 0.110562
0.0 0.561076 0.169449 0.038842 0.040230
0.0 0.507801 0.123715 0.023371 0.024760
0.0 0.751174 0.450501 0.048163 0.077321
0.0 0.841435 0.362678 0.019487 0.024347
0.0 0.827370 0.398893 0.015884 0.019355
0.0 0.811949 0.403539 0.017321 0.025653
0.0 0.774858 0.405094 0.016661 0.019438
0.0 0.766175 0.302036 0.014247 0.018413
0.0 0.738689 0.346252 0.015685 0.024710
0.0 0.803996 0.345340 0.014660 0.022297
0.0 0.804500 0.178049 0.019123 0.028148
0.0 0.792480 0.098991 0.025702 0.025007
0.0 0.785309 0.151653 0.013718 0.020661
0.0 0.788759 0.060099 0.021288 0.026842
0.0 0.875537 0.056756 0.016578 0.018661
0.0 0.694676 0.050880 0.019156 0.021239
0.0 0.655732 0.025526 0.016214 0.022462
0.0 0.349119 0.064416 0.016132 0.021686
0.0 0.427432 0.022462 0.016462 0.024793
0.0 0.506972 0.057632 0.018462 0.021933
0.0 0.530914 0.231451 0.017768 0.022628
0.0 0.671213 0.234585 0.029156 0.043041
0.0 0.784622 0.682683 0.015520 0.023157
0.0 0.695846 0.719596 0.028825 0.039933
0.0 0.772776 0.786701 0.021041 0.024512
0.0 0.751835 0.828471 0.017404 0.026429
0.0 0.791714 0.704650 0.012776 0.019025
0.0 0.167451 0.856679 0.073022 0.079965
0.0 0.235837 0.959801 0.036297 0.030743
0.0 0.253477 0.675699 0.032957 0.042677
0.0 0.291920 0.594936 0.023289 0.023983
0.0 0.770124 0.626931 0.018545 0.022710
0.0 0.414856 0.081620 0.013553 0.019107
0.0 0.675301 0.351297 0.013437 0.025240
0.0 0.637968 0.502886 0.014330 0.019190
