0.0 0.750000 0.448438 0.089844 0.212500
0.0 0.718750 0.785156 0.061719 0.157812
0.0 0.503125 0.448438 0.086719 0.106250
0.0 0.946875 0.512500 0.053125 0.146875
0.0 0.537500 0.696094 0.100781 0.407812
0.0 0.337500 0.517187 0.062500 0.152344
0.0 0.335938 0.319531 0.050000 0.110937
0.0 0.445312 0.146875 0.047656 0.065625
0.0 0.565625 0.196094 0.037500 0.129688
0.0 0.525000 0.285937 0.059375 0.105469
0.0 0.106250 0.884375 0.047656 0.074219
0.0 0.244531 0.842188 0.051562 0.055469
0.0 0.396875 0.813281 0.056250 0.098438
0.0 0.455469 0.555469 0.054688 0.117188
0.0 0.446875 0.768750 0.044531 0.108594
0.0 0.373437 0.740625 0.046094 0.082031
