3.0 0.587569 0.678236 0.176291 0.501628
0.0 0.361339 0.078660 0.066497 0.112760
0.0 0.493740 0.108723 0.025851 0.056445
0.0 0.508886 0.297851 0.050098 0.165011
0.0 0.565700 0.143948 0.036366 0.047559
0.0 0.718772 0.095155 0.044909 0.029239
0.0 0.677405 0.306823 0.062783 0.081438
0.0 0.387291 0.520070 0.041358 0.054789
0.0 0.441403 0.481002 0.067852 0.108146
0.0 0.442981 0.373937 0.092468 0.065605
0.0 0.546255 0.426179 0.075125 0.131835
0.0 0.300202 0.402069 0.052920 0.105153
0.0 0.378851 0.712072 0.045509 0.078341
0.0 0.252273 0.923123 0.110419 0.137282
0.0 0.330202 0.964867 0.022729 0.056307
0.0 0.726772 0.956815 0.072869 0.086371
