0.0 0.250781 0.868750 0.038281 0.046875
0.0 0.281250 0.680469 0.067969 0.096875
0.0 0.447656 0.567188 0.076563 0.135937
0.0 0.633594 0.470312 0.056250 0.065625
0.0 0.578906 0.526563 0.093750 0.092188
0.0 0.702344 0.875000 0.048437 0.109375
0.0 0.587500 0.609375 0.101562 0.045313
0.0 0.760156 0.592187 0.048437 0.092969
0.0 0.640625 0.310938 0.040625 0.060938
1.0 0.449219 0.212500 0.128906 0.248438
0.0 0.196094 0.087500 0.070312 0.102344
0.0 0.720312 0.093750 0.242969 0.187500
0.0 0.532812 0.857812 0.049219 0.061719
0.0 0.438281 0.822656 0.039844 0.041406
0.0 0.817187 0.229688 0.037500 0.047656
0.0 0.685938 0.065625 0.034375 0.047656
0.0 0.464844 0.897656 0.037500 0.043750
0.0 0.652344 0.795312 0.035938 0.043750
0.0 0.761719 0.953125 0.025781 0.035938
0.0 0.262500 0.279688 0.046875 0.069531
