0.0 0.828414 0.777875 0.043409 0.047466
0.0 0.728997 0.467647 0.025174 0.035992
0.0 0.762129 0.542180 0.031951 0.035332
0.0 0.772317 0.430620 0.033943 0.056932
0.0 0.761300 0.208353 0.082683 0.068484
0.0 0.571890 0.378209 0.044403 0.132978
0.0 0.640452 0.477364 0.105387 0.085102
0.0 0.452897 0.340616 0.045714 0.077492
0.0 0.506527 0.396783 0.071496 0.124236
3.0 0.282571 0.586008 0.209983 0.164005
0.0 0.679130 0.755959 0.085170 0.093960
0.0 0.332251 0.339462 0.039337 0.045422
0.0 0.235154 0.924412 0.049802 0.085637
0.0 0.371825 0.822713 0.038479 0.050649
0.0 0.158088 0.171866 0.081326 0.105667
0.0 0.818244 0.506671 0.023343 0.039571
0.0 0.712534 0.276790 0.045089 0.060641
0.0 0.558477 0.557124 0.106687 0.101278
0.0 0.236662 0.127192 0.027696 0.037839
0.0 0.750678 0.106535 0.029231 0.031935
0.0 0.558994 0.141218 0.019635 0.028424
0.0 0.609113 0.188381 0.022620 0.021944
0.0 0.302899 0.109295 0.015167 0.023281
0.0 0.321613 0.113996 0.017294 0.022027
0.0 0.368964 0.139461 0.017492 0.023577
0.0 0.292627 0.226378 0.027005 0.032414
0.0 0.562697 0.071439 0.016025 0.018053
0.0 0.557517 0.092576 0.015926 0.017278
0.0 0.607443 0.101173 0.017606 0.030453
0.0 0.646141 0.231702 0.018069 0.022126
0.0 0.609135 0.275012 0.017294 0.022027
0.0 0.436251 0.778268 0.015562 0.026380
0.0 0.173699 0.448677 0.032939 0.043082
0.0 0.772060 0.132161 0.013617 0.023083
0.0 0.521166 0.165731 0.068338 0.063605
