0.0 0.160938 0.805469 0.248437 0.389062
0.0 0.064063 0.742188 0.041406 0.113281
0.0 0.231250 0.760156 0.023438 0.034375
0.0 0.378906 0.696875 0.025000 0.066406
0.0 0.244531 0.602344 0.039062 0.039844
0.0 0.085938 0.576562 0.034375 0.057031
0.0 0.844531 0.968750 0.017969 0.033594
0.0 0.821875 0.985938 0.010937 0.015625
0.0 0.625000 0.925000 0.012500 0.026562
0.0 0.617969 0.982812 0.018750 0.027344
0.0 0.555469 0.864063 0.059375 0.066406
0.0 0.568750 0.618750 0.016406 0.132812
0.0 0.514844 0.613281 0.039844 0.121875
0.0 0.478906 0.685937 0.029688 0.072656
0.0 0.540625 0.428906 0.078125 0.089844
0.0 0.615625 0.507812 0.082031 0.060156
0.0 0.722656 0.538281 0.017187 0.043750
0.0 0.686719 0.721875 0.028906 0.058594
0.0 0.731250 0.791406 0.066406 0.058594
0.0 0.618750 0.825781 0.024219 0.017969
0.0 0.812500 0.861719 0.017187 0.016406
0.0 0.785156 0.867969 0.013281 0.039062
0.0 0.734375 0.902344 0.018750 0.024219
0.0 0.983594 0.723437 0.020313 0.030469
0.0 0.957031 0.778125 0.011719 0.020312
0.0 0.935156 0.793750 0.014844 0.023438
0.0 0.919531 0.791406 0.016406 0.046094
0.0 0.921875 0.859375 0.014063 0.046094
0.0 0.895312 0.885937 0.027344 0.052344
0.0 0.917188 0.903125 0.016406 0.041406
0.0 0.885938 0.801563 0.024219 0.035156
0.0 0.896094 0.687500 0.040625 0.083594
0.0 0.960156 0.687500 0.025000 0.038281
0.0 0.702344 0.415625 0.017969 0.038281
0.0 0.242188 0.057031 0.045313 0.104687
0.0 0.364062 0.156250 0.035937 0.040625
0.0 0.260156 0.311719 0.053125 0.064062
0.0 0.175781 0.180469 0.024219 0.049219
0.0 0.057031 0.310938 0.021875 0.039062
0.0 0.423438 0.201563 0.015625 0.022656
0.0 0.681250 0.502344 0.020313 0.014062
0.0 0.599219 0.439062 0.010937 0.021875
0.0 0.613281 0.192187 0.057031 0.071875
0.0 0.326562 0.960156 0.014063 0.048437
0.0 0.433594 0.921875 0.017969 0.020313
0.0 0.388281 0.955469 0.026563 0.026562
0.0 0.496875 0.977344 0.027344 0.045313
0.0 0.364844 0.828906 0.018750 0.039844
0.0 0.057031 0.885156 0.004688 0.021875
0.0 0.035938 0.777344 0.018750 0.031250
0.0 0.983594 0.428906 0.014063 0.025000
0.0 0.930469 0.453125 0.015625 0.012500
0.0 0.873438 0.482813 0.016406 0.027344
0.0 0.972656 0.241406 0.014844 0.041406
0.0 0.963281 0.298437 0.014844 0.028906
0.0 0.942969 0.273438 0.010937 0.026562
0.0 0.904688 0.323438 0.026562 0.071875
0.0 0.869531 0.348437 0.035938 0.096094
0.0 0.850000 0.446094 0.024219 0.032812
0.0 0.792188 0.435156 0.011719 0.023438
0.0 0.748438 0.448438 0.016406 0.035156
0.0 0.878125 0.592187 0.007031 0.028125
0.0 0.825781 0.656250 0.013281 0.017969
0.0 0.770312 0.203125 0.021875 0.043750
0.0 0.731250 0.146875 0.018750 0.045313
0.0 0.807031 0.312500 0.013281 0.022656
0.0 0.964063 0.070312 0.014063 0.075781
0.0 0.948438 0.153125 0.036719 0.029688
0.0 0.894531 0.047656 0.013281 0.033594
0.0 0.867188 0.043750 0.014063 0.028906
0.0 0.829687 0.059375 0.013281 0.066406
0.0 0.852344 0.102344 0.006250 0.026562
0.0 0.705469 0.662500 0.013281 0.032031
0.0 0.685938 0.600000 0.018750 0.031250
0.0 0.611719 0.735938 0.019531 0.031250
0.0 0.811719 0.716406 0.017969 0.022656
0.0 0.864062 0.237500 0.007812 0.021094
0.0 0.588281 0.957031 0.014844 0.047656
0.0 0.143750 0.517188 0.032813 0.060937
