1.0 0.351316 0.524308 0.092967 0.190235
1.0 0.284512 0.589195 0.110889 0.112341
1.0 0.156568 0.641836 0.094832 0.059264
4.0 0.431409 0.322251 0.047401 0.035061
4.0 0.311456 0.343020 0.054737 0.040219
1.0 0.220710 0.389973 0.081087 0.096331
1.0 0.599288 0.178378 0.107129 0.102774
4.0 0.473043 0.016335 0.041570 0.029230
4.0 0.429621 0.079616 0.036757 0.038209
4.0 0.394523 0.172865 0.025096 0.026547
4.0 0.363656 0.122518 0.041463 0.027672
4.0 0.358766 0.119722 0.031896 0.023911
4.0 0.321579 0.182574 0.038958 0.047669
4.0 0.346852 0.242702 0.031194 0.036275
4.0 0.253548 0.309409 0.029528 0.034609
4.0 0.141411 0.443972 0.040868 0.041594
4.0 0.161520 0.520117 0.030766 0.030040
4.0 0.121818 0.546336 0.027838 0.021306
4.0 0.232058 0.657794 0.030682 0.040119
4.0 0.153783 0.703891 0.029849 0.039286
4.0 0.104198 0.700249 0.035305 0.039660
4.0 0.211400 0.721860 0.030766 0.030040
4.0 0.185024 0.759694 0.026410 0.034395
4.0 0.168400 0.814086 0.031706 0.032431
4.0 0.407228 0.779671 0.037941 0.032860
4.0 0.293973 0.875156 0.036596 0.035870
4.0 0.111342 0.815656 0.028802 0.035335
4.0 0.631907 0.017574 0.038476 0.035147
4.0 0.717475 0.029304 0.041219 0.035412
4.0 0.596249 0.088531 0.034496 0.050465
4.0 0.538790 0.665700 0.035680 0.045116
4.0 0.227038 0.926739 0.051810 0.031485
