0.0 0.735156 0.805469 0.163281 0.294531
0.0 0.520312 0.830469 0.060156 0.119531
0.0 0.853125 0.523438 0.099219 0.186719
0.0 0.650781 0.504688 0.073438 0.147656
0.0 0.589063 0.610938 0.047656 0.078125
0.0 0.730469 0.221875 0.120313 0.203125
0.0 0.795312 0.151563 0.062500 0.124219
0.0 0.589844 0.199219 0.083594 0.200000
0.0 0.578125 0.381250 0.053125 0.113281
0.0 0.902344 0.907031 0.042187 0.053125
0.0 0.946875 0.574219 0.101562 0.266406
0.0 0.908594 0.167969 0.085938 0.178906
0.0 0.849219 0.339844 0.110156 0.189062
0.0 0.925781 0.367969 0.135938 0.209375
0.0 0.736719 0.372656 0.162500 0.200000
0.0 0.347656 0.060938 0.050781 0.071875
0.0 0.260938 0.095312 0.060156 0.097656
0.0 0.359375 0.956250 0.039062 0.059375
0.0 0.653125 0.953125 0.054688 0.069531
0.0 0.675000 0.911719 0.036719 0.061719
0.0 0.607812 0.845313 0.082031 0.089844
0.0 0.635938 0.754688 0.070312 0.159375
0.0 0.558594 0.736719 0.109375 0.210156
0.0 0.786719 0.604687 0.182813 0.319531
0.0 0.927344 0.787500 0.145313 0.414062
0.0 0.478906 0.892187 0.017187 0.031250
0.0 0.471094 0.826562 0.025000 0.039844
0.0 0.554688 0.543750 0.113281 0.219531
0.0 0.310938 0.903906 0.077344 0.132812
0.0 0.822656 0.864063 0.185937 0.264844
0.0 0.622656 0.414844 0.059375 0.078125
0.0 0.642188 0.343750 0.022656 0.063281
0.0 0.652344 0.202344 0.044531 0.137500
0.0 0.956250 0.241406 0.082031 0.264844
0.0 0.617188 0.045313 0.087500 0.089844
0.0 0.903125 0.071875 0.175000 0.143750
0.0 0.787500 0.033594 0.081250 0.067188
0.0 0.713281 0.071875 0.157813 0.143750
0.0 0.468750 0.746875 0.035156 0.039062
0.0 0.476563 0.658594 0.100781 0.142969
0.0 0.407031 0.775781 0.040625 0.057813
0.0 0.396875 0.674219 0.089844 0.107813
0.0 0.462500 0.530469 0.110937 0.148438
0.0 0.183594 0.582031 0.032031 0.056250
0.0 0.351562 0.426562 0.040625 0.050781
0.0 0.402344 0.490625 0.067188 0.132031
0.0 0.454687 0.459375 0.028125 0.053906
0.0 0.404688 0.356250 0.043750 0.107813
0.0 0.329687 0.508594 0.079687 0.107031
0.0 0.777344 0.659375 0.071094 0.105469
0.0 0.282812 0.651563 0.020313 0.044531
0.0 0.257031 0.650000 0.014844 0.023438
0.0 0.249219 0.623437 0.012500 0.018750
0.0 0.314844 0.617969 0.058594 0.121875
0.0 0.331250 0.733594 0.015625 0.032812
0.0 0.346094 0.687500 0.030469 0.060938
0.0 0.341406 0.297656 0.045313 0.042187
0.0 0.264844 0.270312 0.029688 0.056250
0.0 0.293750 0.324219 0.046875 0.060156
0.0 0.257031 0.360937 0.064062 0.105469
0.0 0.217969 0.295313 0.039062 0.074219
0.0 0.267187 0.493750 0.046875 0.085938
0.0 0.316406 0.443750 0.085156 0.086719
0.0 0.326563 0.390625 0.054688 0.070312
0.0 0.259375 0.427344 0.027344 0.043750
0.0 0.224219 0.450781 0.028906 0.034375
0.0 0.278125 0.585156 0.035938 0.065625
0.0 0.230469 0.551562 0.061719 0.134375
0.0 0.236719 0.476562 0.023438 0.035156
0.0 0.181250 0.514844 0.039062 0.053906
0.0 0.192187 0.457031 0.036719 0.064844
0.0 0.143750 0.487500 0.016406 0.022656
0.0 0.157812 0.467969 0.013281 0.018750
0.0 0.229688 0.417188 0.014063 0.021875
0.0 0.206250 0.396094 0.014844 0.021094
0.0 0.206250 0.361719 0.032812 0.050781
0.0 0.138281 0.448438 0.024219 0.046094
0.0 0.169531 0.403906 0.050000 0.081250
0.0 0.086719 0.467188 0.025781 0.040625
0.0 0.125781 0.418750 0.020313 0.030469
0.0 0.100781 0.414844 0.005469 0.022656
0.0 0.081250 0.410156 0.010937 0.019531
0.0 0.175000 0.350000 0.059375 0.045313
0.0 0.203125 0.899219 0.298437 0.200000
0.0 0.057031 0.929688 0.028125 0.057031
0.0 0.028906 0.811719 0.035156 0.076562
0.0 0.213281 0.221094 0.038281 0.063281
0.0 0.196875 0.177344 0.011719 0.016406
0.0 0.180469 0.150000 0.023438 0.031250
0.0 0.141406 0.144531 0.010156 0.019531
0.0 0.129687 0.135938 0.011719 0.011719
0.0 0.153906 0.180469 0.025000 0.046094
0.0 0.172656 0.205469 0.015625 0.032031
0.0 0.167188 0.321094 0.013281 0.021094
0.0 0.139844 0.322656 0.025781 0.054688
0.0 0.187500 0.294531 0.015625 0.030469
0.0 0.173437 0.253906 0.043750 0.089062
0.0 0.144531 0.214844 0.008594 0.022656
0.0 0.147656 0.266406 0.023438 0.039844
0.0 0.125000 0.250781 0.027344 0.042969
0.0 0.121875 0.216406 0.018750 0.017969
0.0 0.118750 0.175000 0.017969 0.033594
0.0 0.113281 0.276563 0.020313 0.037500
0.0 0.132031 0.373438 0.025781 0.046094
0.0 0.118750 0.389844 0.019531 0.025000
0.0 0.100781 0.382812 0.010156 0.034375
0.0 0.111719 0.453906 0.010156 0.015625
0.0 0.052344 0.403125 0.005469 0.008594
0.0 0.097656 0.360156 0.065625 0.057031
0.0 0.043750 0.386719 0.007812 0.017187
0.0 0.055469 0.346875 0.022656 0.036719
0.0 0.073438 0.305469 0.075000 0.068750
0.0 0.104688 0.139844 0.026562 0.055469
0.0 0.075781 0.190625 0.050781 0.040625
0.0 0.083594 0.236719 0.060938 0.038281
0.0 0.077344 0.272656 0.013281 0.022656
0.0 0.057813 0.266406 0.023438 0.046094
0.0 0.025781 0.324219 0.014844 0.028906
0.0 0.041406 0.239062 0.025000 0.078906
0.0 0.017969 0.274219 0.029688 0.059375
0.0 0.027344 0.195312 0.014844 0.025781
0.0 0.026563 0.236719 0.017969 0.016406
0.0 0.011719 0.211719 0.023438 0.039844
0.0 0.099219 0.098437 0.039062 0.018750
0.0 0.094531 0.058594 0.033594 0.029688
0.0 0.072656 0.064844 0.009375 0.013281
0.0 0.087500 0.015625 0.008594 0.013281
0.0 0.074219 0.020312 0.006250 0.016406
0.0 0.078125 0.127344 0.021875 0.035938
0.0 0.039062 0.157812 0.070312 0.050781
0.0 0.053125 0.089844 0.038281 0.069531
0.0 0.027344 0.120313 0.008594 0.014844
0.0 0.055469 0.044531 0.010937 0.014063
0.0 0.052344 0.011719 0.007812 0.018750
0.0 0.038281 0.042969 0.009375 0.016406
0.0 0.027344 0.031250 0.017187 0.021094
0.0 0.028125 0.071094 0.008594 0.010937
0.0 0.013281 0.108594 0.026562 0.057812
0.0 0.011719 0.041406 0.005469 0.023438
0.0 0.003906 0.064062 0.007031 0.017187
0.0 0.016406 0.070312 0.013281 0.025781
0.0 0.025000 0.054688 0.014063 0.023438
0.0 0.013281 0.007812 0.026562 0.015625
