0.0 0.932031 0.901562 0.067969 0.121875
0.0 0.558594 0.890625 0.069531 0.069531
0.0 0.146875 0.793750 0.293750 0.412500
0.0 0.378125 0.708594 0.069531 0.067969
0.0 0.220312 0.772656 0.056250 0.074219
0.0 0.044531 0.764844 0.089062 0.140625
0.0 0.032812 0.302344 0.059375 0.067188
0.0 0.575781 0.638281 0.027344 0.149219
0.0 0.517187 0.617969 0.048438 0.124219
0.0 0.473437 0.703125 0.031250 0.106250
0.0 0.618750 0.502344 0.085938 0.085937
0.0 0.542969 0.418750 0.075000 0.128906
0.0 0.734375 0.535937 0.025000 0.075000
0.0 0.614844 0.168750 0.060156 0.069531
0.0 0.933594 0.310156 0.031250 0.086719
0.0 0.889844 0.331250 0.040625 0.072656
0.0 0.978125 0.132812 0.036719 0.071875
0.0 0.745313 0.125000 0.027344 0.049219
0.0 0.707031 0.407812 0.023438 0.048437
0.0 0.892969 0.473437 0.061719 0.057031
0.0 0.746875 0.806250 0.067969 0.067187
0.0 0.235156 0.064062 0.066406 0.115625
1.0 0.314844 0.439844 0.162500 0.197656
0.0 0.065625 0.585938 0.047656 0.067969
