0.0 0.266075 0.034825 0.006944 0.005664
0.0 0.657913 0.248286 0.012108 0.018510
0.0 0.705837 0.311495 0.015070 0.022752
0.0 0.667015 0.184946 0.006705 0.013106
0.0 0.713734 0.226966 0.011078 0.016839
0.0 0.737528 0.297423 0.010058 0.019660
0.0 0.728729 0.268802 0.006054 0.009255
0.0 0.745720 0.284946 0.008506 0.014907
0.0 0.724703 0.193418 0.005685 0.015927
0.0 0.679527 0.319904 0.010806 0.010806
0.0 0.645080 0.364551 0.008626 0.011186
0.0 0.605694 0.272167 0.009288 0.019529
0.0 0.620828 0.207014 0.010307 0.016709
0.0 0.445931 0.166059 0.012369 0.020050
0.0 0.442297 0.149243 0.005154 0.008354
0.0 0.484958 0.214134 0.005154 0.008354
0.0 0.442297 0.205498 0.007606 0.014007
0.0 0.549307 0.158886 0.007855 0.011056
0.0 0.529527 0.102805 0.010296 0.012217
0.0 0.500570 0.133054 0.008365 0.009645
0.0 0.499214 0.157846 0.008105 0.008105
