0.0 0.469542 0.677089 0.075108 0.139893
0.0 0.539628 0.570801 0.089732 0.124370
0.0 0.677460 0.703205 0.062099 0.093530
0.0 0.847441 0.166095 0.085860 0.101254
0.0 0.355486 0.086612 0.269321 0.173224
0.0 0.397731 0.074918 0.035878 0.062177
0.0 0.498645 0.120340 0.043321 0.057433
0.0 0.101626 0.920429 0.021985 0.032890
0.0 0.190502 0.924227 0.026354 0.036617
0.0 0.186039 0.884665 0.025321 0.030453
0.0 0.178272 0.803358 0.015438 0.034040
0.0 0.250962 0.809198 0.061732 0.113688
0.0 0.310085 0.758900 0.042425 0.061027
0.0 0.281684 0.933165 0.018379 0.020303
0.0 0.316979 0.963634 0.013373 0.021711
0.0 0.443379 0.942032 0.013639 0.032240
0.0 0.465857 0.940253 0.019537 0.022744
0.0 0.545970 0.977437 0.018903 0.032373
0.0 0.597337 0.987626 0.014655 0.020428
0.0 0.624477 0.939100 0.019024 0.024156
0.0 0.677698 0.881476 0.033293 0.042273
0.0 0.505525 0.807482 0.038561 0.046900
0.0 0.471305 0.874626 0.026221 0.031353
0.0 0.420229 0.824879 0.042672 0.049086
0.0 0.342556 0.787311 0.031744 0.033027
0.0 0.392150 0.765518 0.025854 0.051511
0.0 0.451867 0.773145 0.021735 0.040337
0.0 0.402700 0.589055 0.095192 0.054140
0.0 0.362195 0.490382 0.017233 0.031345
0.0 0.384192 0.448915 0.052430 0.049223
0.0 0.423570 0.511753 0.085832 0.069796
0.0 0.246684 0.546284 0.061982 0.106241
0.0 0.227679 0.697567 0.025854 0.051511
0.0 0.152865 0.619287 0.017491 0.032886
0.0 0.188942 0.635629 0.015692 0.031087
0.0 0.254319 0.633114 0.016858 0.042515
0.0 0.177686 0.579878 0.037266 0.034701
0.0 0.759449 0.336715 0.038315 0.058841
0.0 0.684327 0.165703 0.056835 0.093397
0.0 0.794229 0.058164 0.042148 0.037016
0.0 0.714301 0.417079 0.019412 0.026467
0.0 0.398442 0.302380 0.032909 0.044455
0.0 0.247871 0.198736 0.031106 0.038162
0.0 0.223007 0.290419 0.027003 0.044964
0.0 0.284333 0.680917 0.026741 0.038929
0.0 0.317763 0.637405 0.017096 0.021586
0.0 0.318711 0.267636 0.029452 0.055109
0.0 0.238495 0.354008 0.017741 0.025439
0.0 0.179728 0.440012 0.014659 0.024922
0.0 0.388771 0.658014 0.013373 0.021711
0.0 0.195203 0.829959 0.017483 0.023898
0.0 0.229645 0.184592 0.013631 0.023252
0.0 0.269735 0.162791 0.018903 0.032373
0.0 0.297720 0.180153 0.017229 0.026851
0.0 0.342079 0.742872 0.015821 0.031857
0.0 0.142848 0.773660 0.017100 0.026080
