0.0 0.799401 0.558429 0.083438 0.131692
0.0 0.229615 0.666030 0.050357 0.101916
0.0 0.115708 0.613194 0.072030 0.115656
0.0 0.371805 0.719811 0.054271 0.123676
0.0 0.387255 0.471804 0.055758 0.097401
0.0 0.463864 0.760005 0.040731 0.092951
0.0 0.244756 0.920843 0.056755 0.099059
0.0 0.849108 0.204871 0.055132 0.113962
0.0 0.083799 0.756977 0.042094 0.060602
0.0 0.536343 0.554216 0.031069 0.068085
0.0 0.293244 0.722625 0.051956 0.076414
0.0 0.798378 0.315137 0.045783 0.080816
0.0 0.897842 0.815852 0.094558 0.166608
0.0 0.831666 0.952664 0.071717 0.094673
0.0 0.175902 0.622714 0.035112 0.048993
0.0 0.191498 0.819965 0.030508 0.064220
