4 0.26875 0.17343750000000002 0.1109375 0.1734375 0.11093750000000002 0.290625 0.26875 0.290625
4 0.3062500000000001 0.6953125 0.11562500000000009 0.6953125 0.11562500000000009 0.8515625 0.3062500000000001 0.8515625
4 0.95625 0.6140625000000002 0.784375 0.6140625000000002 0.784375 0.8125 0.95625 0.8125
4 0.5890625000000002 0.928125 0.5015625000000001 0.928125 0.5015625000000001 1 0.5890625000000002 1
4 0.6921875000000002 0.8640625 0.6281250000000002 0.8640625 0.6281250000000002 0.934375 0.6921875000000002 0.934375
4 0.2734375000000001 0.9265625 0.13750000000000012 0.9265625 0.13750000000000012 1 0.2734375000000001 1
4 0.346875 0.26875 0.3 0.26875 0.3 0.3375 0.346875 0.3375
1 0.8140625 0.018750000000000083 0.546875 0.018750000000000065 0.5468750000000001 0.7859375000000001 0.8140625 0.7859375000000002
4 0.5984375 0.3375000000000001 0.559375 0.3375000000000001 0.559375 0.4109375 0.5984375 0.4109375
4 0.9875 0.05937500000000011 0.8671875 0.05937500000000011 0.8671875 0.2171875000000001 0.9875 0.2171875000000001
4 0.8671875 0.2406250000000001 0.7453125 0.2406250000000001 0.7453125 0.3578125000000001 0.8671875 0.3578125000000001
1 0.5359375 0.03593750000000005 0.3765625 0.035937500000000046 0.3765625 0.3531250000000001 0.5359375 0.3531250000000001
1 0.675 0.05625000000000008 0.5859375 0.056250000000000064 0.5859375000000001 0.8171875 0.6750000000000002 0.8171875