4 0.8109375 0.23203125 0.1578125 0.1171875
4 0.7890625 0.7734375 0.190625 0.15703125
4 0.1296875 0.71328125 0.17265625 0.19765625
4 0.4546875 0.9640625 0.0875 0.071875
4 0.33984375 0.89921875 0.06484375 0.06953125
4 0.7953125 0.96328125 0.1359375 0.0734375
4 0.67734375 0.303125 0.046875 0.06796875
1 0.31953125 0.4015625 0.26640625 0.7671875
4 0.421875 0.37421875 0.0390625 0.07265625
4 0.07265625 0.13828125 0.1203125 0.1578125
4 0.19375 0.29921875 0.12109375 0.11640625
1 0.54375 0.19453125 0.16015625 0.3171875
1 0.3703125 0.43671875 0.0890625 0.7609375