0 0.80390625 0.74375 0.30078125 0.484375
4 0.94296875 0.546875 0.1140625 0.19296875
4 0.19375 0.596875 0.0671875 0.06484375
4 0.3375 0.10859375 0.06484375 0.09375
4 0.303125 0.203125 0.0625 0.05078125
4 0.20625 0.184375 0.05625 0.0609375
4 0.065625 0.25859375 0.07421875 0.08046875
4 0.44375 0.1421875 0.075 0.0703125
4 0.66875 0.13359375 0.0609375 0.09375
4 0.578125 0.1390625 0.06328125 0.0734375
4 0.63984375 0.3546875 0.07890625 0.15625
1 0.453125 0.26640625 0.1125 0.1359375
1 0.2109375 0.35625 0.1546875 0.19921875