4 0.4390625 0.4796875 0.3921875000000001 0.4796875 0.3921875000000001 0.5265625 0.4390625 0.5265625
1 0.5953125000000001 0.590625 0.459375 0.590625 0.4593750000000001 0.771875 0.5953125000000001 0.771875
1 0.22031250000000008 0.753125 0.0671875000000001 0.753125 0.0671875000000001 0.828125 0.22031250000000008 0.828125
1 0.4937500000000002 0.8828125 0.3968750000000001 0.8828125 0.3968750000000001 0.990625 0.4937500000000002 0.990625
1 0.0640625000000001 0.7734375 0.014062500000000094 0.7734375 0.0140625000000001 0.859375 0.0640625000000001 0.859375
1 0.421875 0.20625000000000004 0.24375 0.20625 0.24375000000000005 0.425 0.421875 0.425
1 0.89375 0.2578125000000001 0.7671875 0.2578125000000001 0.7671875 0.3625000000000001 0.89375 0.3625000000000001
1 0.9890625 0.1437500000000001 0.8890625 0.1437500000000001 0.8890625 0.2718750000000001 0.9890625 0.2718750000000001
1 0.8828125 0.17187500000000008 0.8078125 0.17187500000000008 0.8078125 0.2640625000000001 0.8828125 0.2640625000000001
4 0.10781250000000005 0.221875 0.03125000000000002 0.221875 0.03125000000000003 0.3015625 0.10781250000000005 0.3015625
4 0.934375 0.6281250000000002 0.8875 0.6281250000000002 0.8875 0.6843750000000002 0.934375 0.6843750000000002
4 0.5203125000000002 0.7984375 0.46406250000000016 0.7984375 0.46406250000000016 0.8515625 0.5203125000000002 0.8515625