4 0.609375 0.4796875 0.5625 0.4796875 0.5625 0.5265625 0.609375 0.5265625
1 0.5406250000000001 0.590625 0.4046875 0.590625 0.4046875000000001 0.771875 0.5406250000000001 0.771875
1 0.9328125 0.7531250000000002 0.7796875000000002 0.7531250000000002 0.7796875000000002 0.828125 0.9328125 0.828125
1 0.6031250000000001 0.8828125 0.5062500000000002 0.8828125 0.5062500000000002 0.990625 0.6031250000000001 0.990625
1 0.9875 0.7734375000000002 0.9375 0.7734375000000002 0.9375 0.859375 0.9875 0.859375
1 0.75625 0.2062500000000001 0.578125 0.2062500000000001 0.578125 0.4250000000000001 0.75625 0.42500000000000016
1 0.2328125 0.2578125 0.10625000000000004 0.2578125 0.10625000000000004 0.3625 0.2328125 0.3625
1 0.11250000000000002 0.14375 0.012500000000000016 0.14375 0.012500000000000025 0.271875 0.11250000000000004 0.271875
1 0.1921875 0.17187500000000003 0.1171875 0.171875 0.11718750000000003 0.2640625 0.19218750000000004 0.2640625
4 0.96875 0.2218750000000001 0.8921875 0.2218750000000001 0.8921875 0.30156250000000007 0.96875 0.30156250000000007
4 0.11250000000000009 0.628125 0.06562500000000007 0.628125 0.06562500000000007 0.684375 0.11250000000000009 0.684375
4 0.5359375000000002 0.7984375 0.47968750000000016 0.7984375 0.47968750000000016 0.8515625 0.5359375000000002 0.8515625