4 0.26171875 0.875 0.0671875 0.04296875
4 0.2375 0.925 0.04921875 0.04296875
4 0.28515625 0.9328125 0.05078125 0.04140625
4 0.071875 0.890625 0.0484375 0.0328125
4 0.02265625 0.60703125 0.0453125 0.05390625
4 0.55859375 0.64453125 0.09375 0.04375
4 0.8859375 0.559375 0.1125 0.025
4 0.70390625 0.428125 0.0625 0.03046875
1 0.4484375 0.2625 0.2953125 0.1328125
4 0.58046875 0.39296875 0.0546875 0.03671875
4 0.24453125 0.5921875 0.06171875 0.0515625
4 0.13203125 0.20703125 0.071875 0.0359375
4 0.1921875 0.2421875 0.125 0.034375
4 0.26953125 0.1546875 0.046875 0.0375
1 0.45390625 0.015625 0.06640625 0.03046875
1 0.2265625 0.7359375 0.3109375 0.16015625
1 0.8546875 0.25859375 0.11796875 0.09375
4 0.7984375 0.09375 0.1984375 0.11953125
4 0.19921875 0.97109375 0.07109375 0.04296875