4 0.2953125000000001 0.853125 0.22812500000000008 0.853125 0.22812500000000008 0.896875 0.2953125000000001 0.896875
4 0.26250000000000007 0.903125 0.21250000000000008 0.903125 0.21250000000000008 0.946875 0.26250000000000007 0.946875
4 0.3109375000000001 0.9125 0.2593750000000001 0.9125 0.2593750000000001 0.953125 0.3109375000000001 0.953125
4 0.09687500000000011 0.875 0.04843750000000011 0.875 0.04843750000000011 0.9078125 0.09687500000000011 0.9078125
4 0.045312500000000075 0.5796875 7.099124413807313e-17 0.5796875 7.433988772949167e-17 0.634375 0.045312500000000075 0.634375
4 0.60625 0.6234375 0.5125 0.6234375 0.5125 0.6671875 0.60625 0.6671875
4 0.9421875 0.5468750000000002 0.8296875 0.5468750000000002 0.8296875 0.5718750000000001 0.9421875 0.5718750000000001
4 0.7359375 0.4125000000000001 0.6734375 0.4125 0.6734375 0.4437500000000001 0.7359375 0.4437500000000002
1 0.596875 0.19687500000000008 0.3015625 0.19687500000000005 0.3015625 0.3296875 0.596875 0.3296875000000001
4 0.6078125 0.3750000000000001 0.553125 0.3750000000000001 0.553125 0.4109375 0.6078125 0.4109375
4 0.2750000000000001 0.5671875 0.2140625000000001 0.5671875 0.2140625000000001 0.61875 0.2750000000000001 0.61875
4 0.16875000000000004 0.1890625 0.09687500000000002 0.1890625 0.09687500000000002 0.225 0.16875000000000004 0.225
4 0.2546875 0.225 0.12968750000000004 0.225 0.12968750000000004 0.259375 0.2546875 0.259375
4 0.29375 0.13593750000000004 0.246875 0.13593750000000004 0.246875 0.17343750000000005 0.29375 0.17343750000000005
1 0.4875 5.558748361754783e-17 0.4203125 5.147343577666219e-17 0.4203125 0.031250000000000056 0.4875 0.031250000000000056
1 0.3828125000000001 0.65625 0.07187500000000009 0.65625 0.07187500000000009 0.815625 0.3828125000000001 0.815625
1 0.9140625 0.21250000000000008 0.7953125 0.21250000000000008 0.7953125 0.3062500000000001 0.9140625 0.3062500000000001
4 0.8984375 0.0343750000000001 0.7 0.034375000000000086 0.7 0.1531250000000001 0.8984375 0.1531250000000001
4 0.23437500000000008 0.95 0.16406250000000014 0.95 0.16406250000000014 0.9921875 0.23437500000000008 0.9921875