0 0.34687500000000004 0.14843750000000003 0.1671875 0.1484375 0.16718750000000004 0.621875 0.3468750000000001 0.621875
1 0.8546875 0.3281250000000001 0.7265625 0.3281250000000001 0.7265625 0.4968750000000002 0.8546875 0.4968750000000002
1 0.4468750000000001 0.6640625 0.3625000000000001 0.6640625 0.3625000000000001 0.7796875 0.4468750000000002 0.7796875
1 0.946875 0.6640625000000002 0.828125 0.6640625000000002 0.828125 0.9328125 0.946875 0.9328125
4 0.6296875000000002 0.846875 0.5734375000000002 0.846875 0.5734375000000002 0.903125 0.6296875000000002 0.903125
4 0.5765625 0.409375 0.515625 0.409375 0.515625 0.46875 0.5765625 0.46875
4 0.7390625 0.2468750000000001 0.6734375 0.2468750000000001 0.6734375 0.3125000000000001 0.7390625 0.3125000000000001
4 0.75 0.1859375000000001 0.703125 0.1859375000000001 0.703125 0.2500000000000001 0.75 0.2500000000000001
4 0.86875 0.1281250000000001 0.8171875 0.1281250000000001 0.8171875 0.19531250000000008 0.86875 0.19531250000000008
4 0.7390625 0.09687500000000009 0.703125 0.09687500000000009 0.703125 0.15781250000000008 0.7390625 0.15781250000000008
4 0.09218750000000002 0.2125 0.05625000000000002 0.2125 0.05625000000000002 0.271875 0.09218750000000002 0.271875
1 0.2656250000000001 0.6671875 0.028125000000000077 0.6671875 0.0281250000000001 0.95625 0.2656250000000001 0.95625
4 0.1390625000000001 0.6765625 0.09687500000000009 0.6765625 0.09687500000000009 0.7375 0.1390625000000001 0.7375
4 0.8953125 0.5703125000000002 0.8453125 0.5703125000000002 0.8453125 0.6234375000000002 0.8953125 0.6234375000000002
1 0.7421875 0.4906250000000001 0.6859375 0.490625 0.6859375 0.6093750000000001 0.7421875 0.6093750000000002
1 0.5703125000000001 0.65625 0.4390625 0.65625 0.4390625000000001 0.8265625 0.5703125000000002 0.8265625
4 0.4078125000000002 0.8546875 0.30937500000000007 0.8546875 0.30937500000000007 0.9265625 0.4078125000000002 0.9265625
1 0.17812500000000006 0.4 0.04687500000000004 0.4 0.04687500000000006 0.621875 0.1781250000000001 0.621875