0 0.25703125 0.384375 0.17890625 0.4734375
1 0.790625 0.4125 0.12890625 0.16796875
1 0.4046875 0.721875 0.08515625 0.115625
1 0.8875 0.79765625 0.11875 0.26875
4 0.6015625 0.875 0.05703125 0.05703125
4 0.54609375 0.4390625 0.0609375 0.06015625
4 0.70625 0.2796875 0.06640625 0.06640625
4 0.7265625 0.21796875 0.04765625 0.0640625
4 0.84296875 0.1609375 0.0515625 0.0671875
4 0.72109375 0.1265625 0.03671875 0.0609375
4 0.07421875 0.2421875 0.03515625 0.05859375
1 0.146875 0.81171875 0.23828125 0.28828125
4 0.11796875 0.70703125 0.04140625 0.06015625
4 0.8703125 0.59609375 0.05 0.053125
1 0.71328125 0.55 0.05625 0.11875
1 0.50390625 0.74140625 0.13125 0.16953125
4 0.3578125 0.890625 0.0984375 0.071875
1 0.1125 0.5109375 0.13046875 0.22109375