1 0.60078125 0.4328125 0.11640625 0.12265625
0 0.12734375 0.228125 0.2546875 0.37109375
1 0.03671875 0.315625 0.0734375 0.1125
1 0.678125 0.8015625 0.13203125 0.09375
1 0.815625 0.796875 0.07109375 0.08046875
1 0.796875 0.91875 0.08515625 0.0921875
1 0.32109375 0.71796875 0.08671875 0.07890625
1 0.4078125 0.4890625 0.08203125 0.08515625
1 0.27109375 0.43515625 0.08515625 0.10078125
4 0.0578125 0.6875 0.10546875 0.10234375
4 0.50234375 0.590625 0.0453125 0.046875
4 0.23828125 0.57265625 0.03828125 0.04296875
4 0.31171875 0.571875 0.03828125 0.040625
4 0.41171875 0.56875 0.04296875 0.04140625
4 0.8296875 0.5671875 0.046875 0.02734375
4 0.70703125 0.69921875 0.03359375 0.02734375
4 0.75 0.6734375 0.03671875 0.025
4 0.4109375 0.88671875 0.08046875 0.0359375
4 0.46171875 0.89296875 0.03203125 0.040625
4 0.56796875 0.83828125 0.034375 0.034375
4 0.60234375 0.8859375 0.028125 0.02890625
4 0.2734375 0.9453125 0.059375 0.05078125
4 0.22265625 0.83984375 0.07421875 0.05859375
4 0.45546875 0.6921875 0.03671875 0.04140625
4 0.6109375 0.28203125 0.05546875 0.0609375
0 0.87734375 0.20234375 0.13046875 0.09140625
4 0.9171875 0.11328125 0.0421875 0.04140625
1 0.95390625 0.11171875 0.03046875 0.04921875