0 0.58828125 0.44140625 0.15546875 0.184375
0 0.86328125 0.23984375 0.13046875 0.16328125
0 0.928125 0.1078125 0.1 0.09609375
0 0.11875 0.20546875 0.23671875 0.35390625
0 0.27734375 0.4390625 0.115625 0.159375
0 0.403125 0.48671875 0.0828125 0.10703125
0 0.2359375 0.5765625 0.059375 0.0484375
0 0.30859375 0.57421875 0.04140625 0.03984375
0 0.32578125 0.72109375 0.12109375 0.11328125
0 0.22890625 0.85859375 0.09453125 0.11171875
0 0.42734375 0.8921875 0.12109375 0.06953125
0 0.67265625 0.80078125 0.103125 0.11953125
0 0.815625 0.8015625 0.0875 0.08046875
0 0.7984375 0.93203125 0.08984375 0.103125
0 0.49765625 0.5890625 0.04921875 0.04921875
0 0.0578125 0.6921875 0.09609375 0.14140625
0 0.5765625 0.81484375 0.05 0.04453125
0 0.41328125 0.57265625 0.04765625 0.04609375
0 0.2640625 0.9453125 0.084375 0.053125
