0 0.4109375 0.4421875 0.15546875 0.184375
0 0.1359375 0.2390625 0.13046875 0.16328125
0 0.071875 0.1078125 0.1 0.09609375
0 0.88125 0.2046875 0.23671875 0.35390625
0 0.721875 0.4390625 0.115625 0.159375
0 0.59609375 0.4859375 0.0828125 0.10703125
0 0.7640625 0.57734375 0.059375 0.0484375
0 0.6921875 0.575 0.04140625 0.03984375
0 0.6734375 0.7203125 0.12109375 0.11328125
0 0.771875 0.859375 0.09453125 0.11171875
0 0.571875 0.8921875 0.12109375 0.06953125
0 0.3265625 0.8 0.103125 0.11953125
0 0.184375 0.8015625 0.0875 0.08046875
0 0.2015625 0.9328125 0.08984375 0.103125
0 0.5015625 0.5890625 0.04921875 0.04921875
0 0.9421875 0.6921875 0.09609375 0.14140625
0 0.4234375 0.8140625 0.05 0.04453125
0 0.5875 0.5734375 0.04765625 0.04609375
0 0.7359375 0.9453125 0.084375 0.053125