0 0.553125 4.860316984116058e-17 0.240625 2.9468063604483184e-17 0.240625 0.17656250000000007 0.553125 0.1765625000000001
1 0.203125 0.12031250000000002 0.08750000000000002 0.1203125 0.08750000000000002 0.2390625 0.203125 0.2390625
1 0.825 0.38750000000000007 0.7 0.38750000000000007 0.7 0.5062500000000001 0.825 0.5062500000000002
0 0.9671875 0.031250000000000104 0.7109375 0.03125000000000009 0.7109375 0.3343750000000001 0.9671875 0.3343750000000001
0 0.2671875000000001 0.6 7.347880794884119e-17 0.6 9.797174393178826e-17 1 0.2671875000000001 1
0 0.6125 0.4765625 0.2453125000000001 0.4765625 0.2453125000000001 0.8234375 0.6125000000000002 0.8234375
1 0.9046875 0.7953125000000001 0.2984375000000001 0.7953125 0.2984375000000001 1 0.9046875 1
1 0.2203125 2.0187537079694652e-17 0.109375 1.3394574365674177e-17 0.109375 0.07031250000000003 0.2203125 0.07031250000000003
1 0.19687500000000005 0.2859375 0.13281250000000006 0.2859375 0.13281250000000006 0.346875 0.19687500000000005 0.346875
1 0.08125000000000004 0.3546875 4.343669115725768e-17 0.3546875 4.8411818778793805e-17 0.4359375 0.08125000000000004 0.4359375
1 0.7625 0.5906250000000001 0.63125 0.590625 0.63125 0.7234375000000001 0.7625 0.7234375000000002
1 0.07343750000000002 0.1140625 1.3968627552774498e-17 0.1140625 1.7891324331293363e-17 0.178125 0.07343750000000002 0.178125