0 0.45390625 0.6515625 0.36953125 0.36015625
0 0.15078125 0.78359375 0.30078125 0.42421875
0 0.63671875 0.9015625 0.5953125 0.196875
1 0.74296875 0.678125 0.12265625 0.1359375
1 0.78359375 0.4328125 0.12578125 0.1375
0 0.41171875 0.059375 0.38203125 0.11875
1 0.1796875 0.13125 0.1140625 0.11328125
1 0.0671875 0.371875 0.10703125 0.07890625
0 0.87578125 0.1765625 0.2484375 0.278125
1 0.03671875 0.1296875 0.0734375 0.05625
1 0.07734375 0.0875 0.0515625 0.0578125
4 0.1078125 0.23203125 0.0390625 0.03203125
4 0.1859375 0.2609375 0.0625 0.040625