0 0.54609375 0.3484375 0.36953125 0.36015625
0 0.84921875 0.21640625 0.30078125 0.42421875
0 0.36328125 0.0984375 0.5953125 0.196875
1 0.25703125 0.321875 0.12265625 0.1359375
1 0.21640625 0.5671875 0.12578125 0.1375
0 0.58828125 0.940625 0.38203125 0.11875
1 0.8203125 0.86875 0.1140625 0.11328125
1 0.9328125 0.628125 0.10703125 0.07890625
0 0.12421875 0.8234375 0.2484375 0.278125
1 0.96328125 0.8703125 0.0734375 0.05625
1 0.92265625 0.9125 0.0515625 0.0578125
4 0.8921875 0.76796875 0.0390625 0.03203125
4 0.8140625 0.7390625 0.0625 0.040625