0 0.33359375 0.42421875 0.26171875 0.2625
4 0.24609375 0.3421875 0.04375 0.03515625
1 0.3484375 0.646875 0.08046875 0.059375
1 0.36953125 0.65703125 0.02578125 0.02578125
1 0.4140625 0.509375 0.05703125 0.0625
0 0.18046875 0.70234375 0.2484375 0.3765625
0 0.4109375 0.87578125 0.196875 0.2484375
0 0.60390625 0.78359375 0.2125 0.25390625
0 0.73125 0.91875 0.43984375 0.1625
0 0.62578125 0.95078125 0.23515625 0.0984375
1 0.815625 0.64296875 0.0890625 0.084375
1 0.04140625 0.9484375 0.0828125 0.103125
0 0.33828125 0.1921875 0.26640625 0.24453125
0 0.68671875 0.1578125 0.45703125 0.31484375
0 0.8765625 0.47109375 0.20390625 0.221875
0 0.60078125 0.39921875 0.20625 0.18046875
0 0.9484375 0.7515625 0.103125 0.334375