0 0.69921875 0.1578125 0.1515625 0.21015625
0 0.32890625 0.14296875 0.4203125 0.2859375
0 0.14453125 0.43046875 0.2390625 0.2265625
0 0.4296875 0.7875 0.25234375 0.21796875
0 0.63046875 0.88046875 0.2328125 0.2390625
0 0.86484375 0.70234375 0.2453125 0.3953125
0 0.5796875 0.390625 0.46953125 0.24375
0 0.6671875 0.59765625 0.16484375 0.1515625
0 0.21953125 0.64375 0.1015625 0.11875
0 0.2234375 0.75234375 0.11484375 0.0609375
0 0.196875 0.915625 0.22734375 0.13984375
0 0.4125 0.9390625 0.2 0.121875
0 0.0390625 0.69140625 0.078125 0.3421875
