0 0.3328125 0.2578125 0.34453125 0.50859375
0 0.56015625 0.3171875 0.1859375 0.28046875
0 0.70703125 0.11171875 0.3953125 0.2234375
0 0.8828125 0.3125 0.22421875 0.125
0 0.86171875 0.4484375 0.1953125 0.15703125
0 0.8125 0.625 0.109375 0.10859375
0 0.790625 0.7375 0.09609375 0.09140625
0 0.5671875 0.7703125 0.27578125 0.23046875
0 0.3546875 0.8671875 0.20859375 0.265625
0 0.11484375 0.6625 0.2296875 0.47890625
0 0.2984375 0.61171875 0.06875 0.0890625
0 0.5953125 0.93203125 0.18828125 0.1359375
0 0.8359375 0.93046875 0.20625 0.1390625
0 0.96953125 0.634375 0.0609375 0.2625
