0 0.2796875 0.73671875 0.325 0.29765625
0 0.571875 0.67734375 0.24140625 0.225
0 0.1171875 0.3453125 0.21484375 0.4609375
0 0.3625 0.1359375 0.24140625 0.271875
0 0.58984375 0.25546875 0.27734375 0.2421875
0 0.7546875 0.059375 0.484375 0.11875
1 0.971875 0.3578125 0.05625 0.325
1 0.815625 0.3796875 0.103125 0.109375
1 0.8078125 0.25859375 0.103125 0.0984375
1 0.28359375 0.56875 0.0859375 0.07109375
1 0.38046875 0.5578125 0.0796875 0.07734375
1 0.3109375 0.39375 0.10234375 0.1015625
0 0.878125 0.55859375 0.20390625 0.19921875
0 0.86953125 0.6828125 0.23984375 0.15546875
0 0.7 0.890625 0.465625 0.21875