0 0.6359375 0.69921875 0.27421875 0.271875
0 0.83515625 0.6640625 0.096875 0.2484375
0 0.8375 0.471875 0.1125 0.121875
0 0.7765625 0.3484375 0.05546875 0.1328125
0 0.8140625 0.06171875 0.12109375 0.103125
0 0.13515625 0.81484375 0.23046875 0.22265625
0 0.271875 0.734375 0.24765625 0.3578125
0 0.115625 0.1015625 0.12734375 0.12734375
0 0.1859375 0.2734375 0.3671875 0.234375
0 0.42421875 0.50078125 0.171875 0.37890625
0 0.440625 0.178125 0.28203125 0.3390625
0 0.609375 0.246875 0.06328125 0.23125
0 0.68984375 0.2171875 0.046875 0.1140625
0 0.72421875 0.06640625 0.13046875 0.096875
0 0.60234375 0.478125 0.06953125 0.121875
0 0.134375 0.47109375 0.25 0.1671875
0 0.28515625 0.565625 0.1125 0.1171875
