0 0.3640625 0.69921875 0.27421875 0.271875
0 0.16484375 0.6640625 0.096875 0.2484375
0 0.1625 0.471875 0.1125 0.121875
0 0.2234375 0.3484375 0.05546875 0.1328125
0 0.1859375 0.06171875 0.12109375 0.103125
0 0.86484375 0.81484375 0.23046875 0.22265625
0 0.728125 0.734375 0.24765625 0.3578125
0 0.884375 0.1015625 0.12734375 0.12734375
0 0.8140625 0.2734375 0.3671875 0.234375
0 0.57578125 0.50078125 0.171875 0.37890625
0 0.559375 0.178125 0.28203125 0.3390625
0 0.390625 0.246875 0.06328125 0.23125
0 0.31015625 0.2171875 0.046875 0.1140625
0 0.27578125 0.06640625 0.13046875 0.096875
0 0.39765625 0.478125 0.06953125 0.121875
0 0.865625 0.47109375 0.25 0.1671875
0 0.71484375 0.565625 0.1125 0.1171875