0 0.3640625 0.7 0.27421875 0.271875
0 0.1640625 0.66484375 0.096875 0.2484375
0 0.1625 0.471875 0.1125 0.121875
0 0.2234375 0.34921875 0.05546875 0.1328125
0 0.1859375 0.0625 0.12109375 0.103125
0 0.8640625 0.8140625 0.23046875 0.22265625
0 0.728125 0.73515625 0.24765625 0.3578125
0 0.884375 0.1015625 0.12734375 0.12734375
0 0.81328125 0.2734375 0.3671875 0.234375
0 0.575 0.5 0.171875 0.37890625
0 0.559375 0.17890625 0.28203125 0.3390625
0 0.390625 0.246875 0.06328125 0.23125
0 0.309375 0.21796875 0.046875 0.1140625
0 0.275 0.0671875 0.13046875 0.096875
0 0.3984375 0.478125 0.06953125 0.121875
0 0.865625 0.47109375 0.25 0.1671875
0 0.7140625 0.56640625 0.1125 0.1171875