0 0.63984375 0.7328125 0.30234375 0.29453125
0 0.19453125 0.2703125 0.3890625 0.29453125
0 0.453125 0.42578125 0.246875 0.35078125
0 0.1578125 0.7953125 0.30625 0.3625
4 0.58984375 0.4453125 0.03515625 0.0453125
4 0.69765625 0.4265625 0.04296875 0.03984375
4 0.66796875 0.3984375 0.040625 0.04140625
4 0.72109375 0.38046875 0.03515625 0.059375
1 0.775 0.35703125 0.071875 0.11015625
1 0.834375 0.471875 0.14453125 0.1484375
1 0.846875 0.65078125 0.16953125 0.1796875
4 0.703125 0.09140625 0.03203125 0.05078125
1 0.815625 0.05078125 0.125 0.10078125
1 0.38828125 0.05625 0.14921875 0.11171875
1 0.50703125 0.05234375 0.1203125 0.1046875
1 0.6015625 0.190625 0.11484375 0.12421875
1 0.496875 0.20703125 0.1625 0.13203125
1 0.325 0.7484375 0.18046875 0.21875
1 0.2609375 0.54609375 0.190625 0.18984375
1 0.3203125 0.8859375 0.128125 0.10859375
4 0.83828125 0.84453125 0.034375 0.03984375
4 0.8625 0.37421875 0.03984375 0.034375
4 0.61796875 0.321875 0.06875 0.07578125
4 0.69453125 0.2265625 0.05859375 0.05703125
4 0.7015625 0.18125 0.071875 0.040625
4 0.8140625 0.178125 0.025 0.03828125
4 0.79453125 0.134375 0.0484375 0.040625
4 0.88125 0.14765625 0.03828125 0.0359375
4 0.88671875 0.24765625 0.03984375 0.04375
4 0.621875 0.03515625 0.05625 0.06953125
4 0.63671875 0.5234375 0.04921875 0.06171875
4 0.68046875 0.3265625 0.0203125 0.03984375
4 0.69609375 0.546875 0.02890625 0.05078125
4 0.2640625 0.11484375 0.04375 0.04140625
4 0.05234375 0.1265625 0.0484375 0.0609375
4 0.653125 0.89921875 0.06484375 0.059375
4 0.45 0.771875 0.04765625 0.05546875