0 0.3765625 0.79140625 0.23359375 0.40859375
0 0.7296875 0.74296875 0.39375 0.36015625
0 0.1375 0.1578125 0.22421875 0.2703125
4 0.384375 0.49921875 0.040625 0.05234375
4 0.24296875 0.45859375 0.03828125 0.0390625
4 0.28828125 0.42734375 0.0453125 0.05546875
4 0.0984375 0.45 0.040625 0.03359375
4 0.20390625 0.3765625 0.0484375 0.05625
4 0.02890625 0.615625 0.0375 0.03828125
4 0.0921875 0.60390625 0.0390625 0.04140625
4 0.1828125 0.68828125 0.03359375 0.04453125
4 0.0171875 0.83203125 0.03359375 0.02890625
4 0.1203125 0.91640625 0.0453125 0.04140625
4 0.096875 0.84453125 0.034375 0.03984375
4 0.64375 0.59140625 0.04296875 0.0546875
4 0.80625 0.61953125 0.0453125 0.046875
4 0.890625 0.43046875 0.0328125 0.05078125
4 0.975 0.96796875 0.02421875 0.025
4 0.703125 0.97890625 0.03203125 0.028125
4 0.47890625 0.8703125 0.05078125 0.04140625
4 0.26640625 0.68828125 0.03046875 0.05859375
4 0.196875 0.9890625 0.03515625 0.021875
4 0.49765625 0.5109375 0.05 0.06015625