0 0.1337890625 0.029282576562500003 0.3037109375 0.26647145 0.3701171875 0.1508052703125 0.3330078125 0.095168375 0.32421875 0.101024890625 0.2734375 0.177159590625 0.23828125 0.12884333750000002 0.2666015625 0.070278184375 0.28125 0.03074670625 0.28125 0.001464128125 0.1572265625 0 0.1337890625 0.029282576562500003
0 0.2333984375 0.8316251828125001 0.2548828125 0.8579795015625 0.2685546875 0.8565153734375001 0.3115234375 0.8418740843749999 0.3369140625 0.7920937046875001 0.3447265625 0.8008784765625 0.3515625 0.7745241578125001 0.3583984375 0.7554904828125 0.3662109375 0.7745241578125001 0.3642578125 0.803806734375 0.359375 0.8257686671875 0.3603515625 0.8565153734375001 0.369140625 0.865300146875 0.3740234375 0.8872620796874999 0.3828125 0.898975109375 0.4072265625 0.89751098125 0.42578125 0.9019033671875001 0.4306640625 0.9150805265624999 0.4404296875 0.9311859437500001 0.4560546875 0.9414348468749999 0.4716796875 0.9267935578125 0.4609375 0.918008784375 0.455078125 0.8960468515625 0.4658203125 0.8696925328124999 0.4658203125 0.828696925 0.462890625 0.762811128125 0.4716796875 0.724743778125 0.470703125 0.676427525 0.5068359375 0.5651537328125 0.4736328125 0.5519765734375001 0.4267578125 0.534407028125 0.4169921875 0.534407028125 0.3984375 0.541727671875 0.384765625 0.541727671875 0.375 0.5446559296875 0.361328125 0.5446559296875 0.3408203125 0.534407028125 0.3251953125 0.5241581265625 0.3212890625 0.49780380625 0.2880859375 0.4860907765625 0.25390625 0.6105417281250001 0.2197265625 0.6705710109374999 0.1982421875 0.6808199125 0.2001953125 0.6998535875 0.1865234375 0.7364568078125 0.1640625 0.7877013171875 0.181640625 0.8052708640624999 0.208984375 0.815519765625 0.2333984375 0.8316251828125001
0 0.66015625 0.5505124453125 0.62890625 0.59736456875 0.611328125 0.5959004390625 0.607421875 0.6105417281250001 0.6298828125 0.6983894578125 0.6572265625 0.648609078125 0.6767578125 0.54026354375 0.6669921875 0.382137628125 0.66015625 0.5505124453125
0 0.07421875 0.3147877015625 0.0966796875 0.427525621875 0.1630859375 0.5051244515625 0.19921875 0.5095168375 0.19921875 0.4948755484375 0.134765625 0.40263543124999995 0.12890625 0.3528550515625 0.0712890625 0.237188871875 0.07421875 0.3147877015625
0 0.2099609375 0.5944363109374999 0.228515625 0.6193265 0.25 0.5695461203125001 0.240234375 0.5563689609375 0.2099609375 0.5944363109374999
0 0.205078125 0.61639824375 0.138671875 0.6939970718749999 0.173828125 0.6808199125 0.2109375 0.6734992671875 0.197265625 0.644216690625 0.205078125 0.61639824375
0 0.6767578125 0.14787701250000002 0.6884765625 0.165446559375 0.7197265625 0.15959004375000002 0.76953125 0.0424597359375 0.728515625 0.05710102500000001 0.7216796875 0.06442166875000001 0.7080078125 0.0673499265625 0.7109375 0.04978038125 0.685546875 0.019033675 0.6083984375 0.1434846265625 0.62890625 0.1698389453125 0.650390625 0.1522694 0.6767578125 0.14787701250000002
0 0.77734375 0.02635431875 0.794921875 0.0102489015625 0.78125 0 0.767578125 0.013177159375 0.77734375 0.02635431875
0 0.8056640625 0.48901903437499994 0.7841796875 0.54026354375 0.796875 0.5651537328125 0.8173828125 0.5139092234375 0.8056640625 0.48901903437499994
0 0.8359375 0.41727672031249996 0.8125 0.47437774531250004 0.8369140625 0.49341142031249996 0.861328125 0.43338213750000004 0.8359375 0.41727672031249996
0 0.869140625 0.48316251875000005 0.8408203125 0.4948755484375 0.8447265625 0.51683748125 0.8681640625 0.5139092234375 0.869140625 0.48316251875000005
0 0.859375 0.6222547578125 0.845703125 0.503660321875 0.82421875 0.5095168375 0.8271484375 0.6046852125 0.8408203125 0.625183015625 0.859375 0.6222547578125
0 0.8759765625 0.549048315625 0.861328125 0.51683748125 0.85546875 0.5314787703125 0.8642578125 0.5622254765625 0.876953125 0.5666178625 0.8759765625 0.549048315625
0 0.1904296875 0.47437774531250004 0.197265625 0.496339678125 0.2265625 0.4714494875 0.2138671875 0.446559296875 0.1904296875 0.47437774531250004
0 0.1181640625 0.7554904828125 0.1171875 0.7364568078125 0.0751953125 0.7496339671875 0.0703125 0.758418740625 0.080078125 0.7759882874999999 0.1181640625 0.7554904828125
0 0.0224609375 0.8389458265625 0.0146484375 0.87847730625 0.005859375 0.9033674968750001 0.033203125 0.85505124375 0.0322265625 0.898975109375 0.05078125 0.8360175703125 0.046875 0.8008784765625 0.0224609375 0.8389458265625
0 0.9365234375 0.0995607609375 0.9423828125 0.10980966249999999 0.958984375 0.089311859375 0.94921875 0.08052708593749999 0.9365234375 0.0995607609375
0 0.9443359375 0.408491946875 0.9736328125 0.38945827187500004 0.96875 0.370424596875 0.9267578125 0.3953147875 0.9296875 0.4143484625 0.9443359375 0.408491946875
0 0.8525390625 0.28843338281249997 0.849609375 0.3103953140625 0.869140625 0.3162518296875 0.876953125 0.27672035156249997 0.8525390625 0.28843338281249997
0 0.6298828125 0.2708638359375 0.6083984375 0.24011712968749999 0.6015625 0.247437775 0.6025390625 0.267935578125 0.6201171875 0.2913616390625 0.6298828125 0.2708638359375
0 0.734375 0.4802342609375 0.712890625 0.4099560765625 0.71484375 0.4494875546875 0.697265625 0.431918009375 0.7138671875 0.4816983890625 0.734375 0.4802342609375
0 0.3515625 0.4055636890625 0.3408203125 0.3733528546875 0.32421875 0.38360175625 0.337890625 0.4304538796875 0.3515625 0.4055636890625
0 0.4208984375 0.2957540265625 0.4326171875 0.31918008750000004 0.455078125 0.30600292812499996 0.453125 0.27379209375 0.4208984375 0.2957540265625
0 0.5263671875 0.45973645625000004 0.5244140625 0.427525621875 0.5126953125 0.427525621875 0.5107421875 0.4494875546875 0.5166015625 0.4685212296875 0.5263671875 0.45973645625000004
0 0.7216796875 0.6207906296875 0.7431640625 0.5871156656250001 0.7412109375 0.5578330890625 0.7177734375 0.600292825 0.7216796875 0.6207906296875
0 0.609375 0.5841874078125 0.6171875 0.5636896046875 0.6044921875 0.5446559296875 0.5927734375 0.5841874078125 0.609375 0.5841874078125
0 0.755859375 0.420204978125 0.759765625 0.40117130312500004 0.7431640625 0.3777452421875 0.734375 0.41142020468749996 0.755859375 0.420204978125
0 0.0048828125 0.40117130312500004 0.0029296875 0.420204978125 0.015625 0.431918009375 0.0302734375 0.3909224015625 0.03125 0.38799414374999996 0.0224609375 0.3733528546875 0.0048828125 0.40117130312500004
0 0.41015625 0.4304538796875 0.412109375 0.45241581249999996 0.435546875 0.446559296875 0.4384765625 0.4304538796875 0.41015625 0.4304538796875
0 0.1859375 0.3953125 0.0265625 0.040625
0 0.0640625 0.6359375 0.015625 0.01875
0 0.0890625 0.515625 0.03515625 0.03203125
0 0.0578125 0.4578125 0.01953125 0.06015625
0 0.68203125 0.47109375 0.0203125 0.0484375
0 0.971875 0.2578125 0.0140625 0.0234375