0 0.5181183328125 0.08316799999999999 0.5349933328125 0.040957332812500004 0.5055225 0.015098667187500001 0.49363916718749995 0.0580693328125 0.49340083281249997 0.061492000000000005 0.5181183328125 0.08316799999999999
0 0.5326166671875 0.9425786671875 0.5321408328125 0.9368746671875 0.5295266671875 0.9361146671875 0.5264375 0.9460013328124999 0.51693 0.932692 0.5107508328125 0.926988 0.5083741671875 0.9315506671874999 0.4993425 0.9357346671875 0.4967283328125 0.9806066671875 0.5250108328125 0.9939159999999999 0.5281008328125 0.960072 0.5311908328125 0.9558880000000001 0.5326166671875 0.949804 0.5326166671875 0.9425786671875
0 0.7843266671875 0.3224746671875 0.7795291671875 0.3171346671875 0.7617983328125 0.328816 0.7576266671874999 0.33015066718749997 0.7557491671875 0.3248106671875 0.7515775 0.3231426671875 0.7490741671875 0.3248106671875 0.7478225000000001 0.328816 0.74824 0.33348933281250004 0.7538716671875 0.3465053328125 0.7586691671875 0.34950933281249996 0.7626324999999999 0.3458373328125 0.7628416671875 0.3398306671875 0.7841183328125 0.32648 0.7843266671875 0.3224746671875
0 0.7463625 0.3625253328125 0.7559575 0.3611906671875 0.7586691671875 0.3581866671875 0.7599208328125 0.3521786671875 0.7572091671875001 0.3501773328125 0.7505341671875 0.34950933281249996 0.7455275 0.34917600000000004 0.74073 0.3451706671875 0.7217475 0.3368266671875 0.71841 0.3411653328125 0.7234166671875 0.34917600000000004 0.7321774999999999 0.353848 0.735515 0.3578533328125 0.7405216671875 0.3608573328125 0.7463625 0.3625253328125
0 0.7688908328124999 0.37921333281249997 0.768265 0.375208 0.76451 0.3715373328125 0.7620075 0.37354 0.7599208328125 0.375876 0.7603383328125 0.3802146671875 0.7620075 0.383552 0.7636758328125001 0.384888 0.7674308328125 0.3838866671875 0.7688908328124999 0.37921333281249997
0 0.7889158328125 0.3364933328125 0.7868299999999999 0.3361586671875 0.7822408328125 0.339496 0.7841183328125 0.3451706671875 0.7868299999999999 0.3445026671875 0.7899591671875 0.3421666671875 0.7899591671875 0.3391626671875 0.7889158328125 0.3364933328125
0 0.7864133328125 0.4649893328125 0.7874558328125 0.4733333328125 0.7949658328125 0.4766706671875 0.8045608328125 0.482344 0.8118616671875 0.482344 0.8135308328124999 0.4760026671875 0.8154083328124999 0.47099599999999997 0.8170766671875 0.46398799999999996 0.8189541671875 0.45831333281250003 0.8185366671875001 0.45197200000000004 0.8101933328125 0.4479666671875 0.8118616671875 0.446632 0.8135308328124999 0.44196 0.8133225 0.43561866718750003 0.8116533328125 0.4332813328125 0.8083158328125 0.43128 0.8053950000000001 0.43128 0.8024749999999999 0.43361599999999995 0.8005975 0.43962399999999996 0.7991375 0.4446293328125 0.7941308328125001 0.44329466718750005 0.7910025 0.4513053328125 0.78829 0.4576466671875 0.7864133328125 0.4649893328125
0 0.7807808328125 0.19664933281250002 0.7728541671875 0.2066613328125 0.7703508328125 0.2046586671875 0.7822408328125 0.183632 0.7843266671875 0.1886386671875 0.7962175 0.188972 0.7970516671875 0.1579333328125 0.7784866671875 0.1606026671875 0.7726458328125 0.1686133328125 0.7632583328125 0.1609373328125 0.7572091671875001 0.1796266671875 0.7503258328125 0.20699466718749998 0.7709766671875 0.2363653328125 0.7778608328125001 0.22602000000000003 0.7816150000000001 0.21033333281250002 0.7866216671874999 0.200988 0.7807808328125 0.19664933281250002
0 0.7123608328125 0.4446293328125 0.7098575 0.44596533281250006 0.6962991671875 0.4479666671875 0.6962991671875 0.454976 0.7111091671875001 0.454976 0.7152808328125 0.45797999999999994 0.7161158328125 0.44830133281249995 0.7144466671874999 0.4402906671875 0.7123608328125 0.4446293328125
0 0.7384358328125 0.5237293328125 0.7376008328125 0.520392 0.7346808328125001 0.523396 0.7300916671875 0.5260666671875 0.7265458328125 0.5264 0.7238333328125 0.529404 0.7083975 0.5137173328125 0.6954641671874999 0.5150520000000001 0.6900408328125 0.5267333328125 0.7106925000000001 0.5571053328125 0.7142383328124999 0.5591079999999999 0.7296741671875 0.539416 0.7292575 0.5334093328125 0.7342633328125 0.529404 0.7384358328125 0.5237293328125
0 0.7282141671875 0.098524 0.7207049999999999 0.11387733281250001 0.73781 0.123556 0.7446933328124999 0.1058666671875 0.7476141671875001 0.09585466718749999 0.7409383328125 0.0978573328125 0.7282141671875 0.098524
0 0.0675925 0.9214813328125 0.058333332812500006 0.9111106671875 0.0361108328125 0.9051853328125 0.0407408328125 0.9333333328125001 0.0675925 0.9214813328125
0 0.0674791671875 0.7227106671875 0.070325 0.726396 0.08550083281250001 0.6986453328125 0.0910566671875 0.6826026671875 0.0845525 0.6789173328125 0.0674791671875 0.7227106671875
0 0.1940375 0.557508 0.1940375 0.5739853328125 0.2066391671875 0.5763693328125 0.2058258328125 0.5562066671875 0.1940375 0.557508
0 0.2925466671875 0.586776 0.2951216671875 0.5817893328125 0.2967475 0.5785373328125 0.2993216671875 0.575936 0.3047416671875 0.5696493328125001 0.307045 0.5642280000000001 0.3067741671875 0.5607599999999999 0.30352250000000003 0.5603266671875 0.298915 0.5646626671874999 0.2945791671875 0.5696493328125001 0.2913275 0.5757186671875 0.28929499999999997 0.5800546671875 0.28509416718749997 0.5869933328125 0.2808933328125 0.5947973328125 0.2773708328125 0.6015186671875 0.2741183328125 0.609324 0.2813 0.600652 0.2841458328125 0.6000013328125 0.2878041671875 0.5971826671875 0.2910558328125 0.5915453328125 0.2925466671875 0.586776
0 0.3466116671875 0.6899733328125001 0.3493216671875 0.686288 0.3330616671875 0.6687266671875001 0.3243891671875 0.6869386671875 0.3466116671875 0.6899733328125001
0 0.29959250000000004 0.82786 0.2990508328125 0.8241733328124999 0.2976958328125 0.8204879999999999 0.2944441671875 0.8196213328124999 0.28807499999999997 0.8183199999999999 0.2849583328125 0.8183199999999999 0.2823841671875 0.8200546671875 0.2822483328125 0.8239573328124999 0.2827908328125 0.8269920000000001 0.28699083281250004 0.8347973328125 0.28726250000000003 0.8436866671875001 0.28739750000000003 0.8493226671875 0.2888883328125 0.853876 0.29295333281249997 0.8553933328125 0.29959250000000004 0.8543093328125 0.300135 0.8445533328125 0.30027 0.836532 0.2999991671875 0.832412 0.29959250000000004 0.82786
0 0.4998633328125 0.7355013328125 0.500405 0.7389706671875 0.501625 0.741356 0.4987791671875 0.7476426671875 0.4955275 0.7550146671875 0.49918583281249995 0.7667213328125 0.5201883328125 0.76542 0.5200533328125 0.73702 0.5182916671875 0.7322493328124999 0.5111100000000001 0.7316 0.5088066671875 0.7287813328125 0.501625 0.7279133328125 0.4998633328125 0.7355013328125
0 0.5657166671875 0.6988626671875 0.5673425 0.696044 0.5688333328125 0.6953933328125 0.5696466671875 0.6919253328125 0.5686975000000001 0.6888893328125001 0.56111 0.6847706671875 0.5574516671875 0.6845533328125 0.5486433328125 0.7012466671875 0.5495924999999999 0.7081853328125 0.5559608328125 0.7092693328124999 0.56111 0.7062333328125 0.5646325 0.7045 0.5657166671875 0.6988626671875
0 0.5632225 0.1400186671875 0.5643916671875 0.151248 0.5696558328125 0.15499066718750001 0.5772591671875 0.151248 0.5778433328125 0.1381466671875 0.57375 0.1306613328125 0.5673158328125 0.1315973328125 0.5632225 0.1400186671875
0 0.338635 0.9279453328124999 0.3538416671875 0.9213946671875 0.3509175 0.9092293328125001 0.3351258328125 0.9129720000000001 0.338635 0.9279453328124999
0 0.2672816671875 0.9597613328125 0.26786666718749996 0.9728626671875 0.2778091671875 0.9719266671875 0.2778091671875 0.9532106671875 0.2672816671875 0.9597613328125
0 0.6316508328125 0.6734133328125 0.6304816671875 0.6808986671875 0.6322358328125001 0.6874493328125 0.6398391671875 0.6911933328125001 0.6451024999999999 0.6837066671875001 0.6451024999999999 0.6734133328125 0.6415933328125 0.6677986671875 0.634575 0.6677986671875 0.6316508328125 0.6734133328125
0 0.656215 0.796936 0.6626483328125 0.7866426671875 0.6603091671875 0.7763493328125 0.6509516671875 0.7735413328125 0.6486116671875 0.7847706671875 0.656215 0.796936
0 0.554755 0.6658026671874999 0.5607008328124999 0.6705599999999999 0.5638025 0.6664226671875 0.5617341671875 0.6591853328124999 0.5586325000000001 0.654636 0.5548841671875 0.6589786671875 0.554755 0.6658026671874999
0 0.7585658328125 0.542404 0.7649991671875 0.5386613328125 0.7667541671875 0.5339813328125 0.7632450000000001 0.5283666671875 0.7655841671875 0.523688 0.7696783328125 0.5208813328125 0.7743575 0.5152666671875 0.7720175 0.50778 0.7661691671875 0.508716 0.7591508328125001 0.5171373328125 0.7521325 0.5171373328125 0.7492083328125 0.5190093328125001 0.7462841671875 0.5264960000000001 0.7515475 0.5377253328125 0.7585658328125 0.542404
0 0.8211466671875 0.18868000000000001 0.825825 0.1793213328125 0.82758 0.168092 0.8205616671874999 0.16621999999999998 0.80711 0.20084399999999997 0.8123733328125 0.2073946671875 0.8141283328125001 0.20552399999999998 0.8170525 0.1999093328125 0.8193916671875 0.1942946671875 0.8211466671875 0.18868000000000001
0 0.7164558328124999 0.0707706671875 0.7135316671874999 0.058606667187499996 0.7076833328125 0.05112 0.7024191671875 0.0557986671875 0.7070983328125 0.07170666718749999 0.7070983328125 0.08199999999999999 0.7135316671874999 0.085744 0.7170408328125 0.07919333281249999 0.7164558328124999 0.0707706671875
0 0.6579166671875 0.7156399999999999 0.6645916671875 0.6992853328125 0.6787766671875 0.6992853328125 0.6796108328125 0.692944 0.6785683328125 0.6896066671875001 0.6721016671875 0.6889386671875 0.6654266671875 0.6869373328124999 0.6612541671875001 0.6862693328125 0.6572908328125 0.6856013328125 0.6575 0.6812626671875 0.6595858328124999 0.6759226671875 0.6554133328125 0.6752546671874999 0.6531191671875 0.6752546671874999 0.6501991671875 0.6805946671875 0.6489475 0.6999533328124999 0.6516591671875 0.7006213328124999 0.6508241671875 0.7136373328125 0.6441491671875 0.7306586671875 0.6451925000000001 0.7349973328125 0.6535366671875 0.7163066671875 0.6579166671875 0.7156399999999999
0 0.7918933328125 0.4147386671875 0.7913091671875 0.4097573328125 0.7870291671875 0.4044653328125 0.7831375 0.4044653328125 0.7804133328125 0.40415333281250004 0.7755491671875 0.4075786671875 0.7745766671875 0.41411600000000004 0.7745766671875 0.41972 0.7796350000000001 0.41816266718749995 0.7835266671875 0.4169173328125 0.7897525 0.415672 0.7918933328125 0.4147386671875
0 0.8062908328124999 0.0610906671875 0.8027891671875 0.0610906671875 0.7969516671875 0.06420400000000001 0.7930608328125001 0.06980800000000001 0.8025941671875 0.0754106671875 0.8072641671874999 0.06856266718750001 0.8107666671875 0.06327066718749999 0.8136850000000001 0.058912 0.8119333328125 0.057044 0.8062908328124999 0.0610906671875
0 0.7658208328125 0.0231106671875 0.7648483328125 0.025913332812500002 0.761735 0.029649332812500002 0.7594000000000001 0.031205332812499997 0.7557033328125 0.033696 0.7535633328125 0.0380546671875 0.7545358328125 0.040544000000000004 0.761735 0.0364973328125 0.7658208328125 0.033384000000000004 0.7689341671875 0.026535999999999997 0.7681558328125 0.0221773328125 0.7658208328125 0.0231106671875
0 0.7204866671875 0.258772 0.7206808328125 0.2640653328125 0.7272966671875001 0.2547253328125 0.7274908328125 0.251924 0.7249616671875 0.2469426671875 0.723405 0.251924 0.7204866671875 0.258772
0 0.5264483328125 0.689792 0.5170133328125 0.6765573328125 0.5152033328125001 0.6802786671875001 0.5243800000000001 0.6951693328124999 0.5264483328125 0.689792
0 0.5316583328125 0.761496 0.5266308328125 0.7618973328124999 0.5248708328125 0.757876 0.5216033328125 0.7582773328125 0.52286 0.7723546671875 0.5346741671874999 0.7703439999999999 0.5366858328124999 0.7647133328125 0.540205 0.7574733328125001 0.5417133328125 0.7538533328125 0.5349258328125 0.7566693328125 0.5316583328125 0.761496
0 0.49722 0.713232 0.49244333281249997 0.7240906671875 0.49923083281249997 0.7317319999999999 0.5117991671875 0.7261013328125 0.5115483328125 0.7220799999999999 0.50828 0.7188626671875 0.5030016671875 0.7168506671875 0.49722 0.713232
0 0.62725 0.31426666718749996 0.6368333328125 0.31426666718749996 0.6340833328125 0.29533333281249996 0.62175 0.2972 0.62725 0.31426666718749996
0 0.5928808328125 0.385108 0.6077966671875 0.36004 0.5847333328125 0.3564293328125 0.5728258328125 0.3730746671875 0.5928808328125 0.385108
0 0.5890625 0.2296875 0.01875 0.034375
0 0.70703125 0.16484375 0.0203125 0.0265625
0 0.75390625 0.4046875 0.00703125 0.01015625
0 0.79609375 0.3828125 0.00859375 0.01171875
0 0.7515625 0.48203125 0.00625 0.01171875
0 0.31953125 0.96953125 0.0078125 0.021875
0 0.6640625 0.884375 0.00625 0.01640625
0 0.7421875 0.134375 0.009375 0.0125
0 0.75625 0.1453125 0.00703125 0.015625
0 0.775 0.11015625 0.00546875 0.0125
0 0.71328125 0.23515625 0.01328125 0.01484375
0 0.665625 0.38203125 0.00703125 0.0125
0 0.63125 0.4421875 0.00625 0.01484375
0 0.784375 0.428125 0.01171875 0.0140625
0 0.60859375 0.73515625 0.00703125 0.0140625
0 0.60859375 0.68046875 0.00625 0.01953125
0 0.6265625 0.68984375 0.00390625 0.01484375
0 0.5325 0.6246666671875001 0.5254166671875 0.628 0.5083333328124999 0.654 0.5279166671875 0.688 0.5525 0.6606666671875 0.5325 0.6246666671875001
0 0.3720833328125 0.9053333328125 0.3745833328125 0.9053333328125 0.37625000000000003 0.9039999999999999 0.3783333328125 0.8993333328125 0.3783333328125 0.8913333328125 0.3775 0.89 0.37124999999999997 0.8893333328124999 0.3695833328125 0.8906666671875 0.36833333281249997 0.8926666671874999 0.36833333281249997 0.9006666671874999 0.3720833328125 0.9053333328125
0 0.4766666671875 0.958 0.47583333281250006 0.9646666671874999 0.475 0.966 0.475 0.9713333328125 0.47416666718749995 0.9726666671875 0.47416666718749995 0.982 0.47625 0.984 0.47874999999999995 0.984 0.48166666718749995 0.9793333328125 0.48250000000000004 0.9753333328125 0.485 0.9713333328125 0.48666666718749996 0.966 0.49000000000000005 0.962 0.49000000000000005 0.9593333328125 0.49083333281249997 0.958 0.49083333281249997 0.9553333328125 0.48875 0.952 0.48333333281249996 0.9473333328125 0.48125 0.9466666671875 0.4791666671875 0.9486666671874999 0.4783333328125 0.9513333328125 0.4783333328125 0.9553333328125 0.4766666671875 0.958
0 0.36666666718749996 0.9313333328125 0.3716666671875 0.9393333328125 0.3741666671875 0.9486666671874999 0.37625000000000003 0.952 0.37875000000000003 0.952 0.38166666718750003 0.9486666671874999 0.3825 0.9433333328125 0.3808333328125 0.9380000000000001 0.3783333328125 0.9339999999999999 0.3783333328125 0.9326666671874999 0.3720833328125 0.9226666671875 0.3708333328125 0.922 0.3691666671875 0.9166666671874999 0.36625 0.916 0.365 0.9179999999999999 0.365 0.922 0.36666666718749996 0.9259999999999999 0.36666666718749996 0.9313333328125
0 0.34125 0.9400000000000001 0.3395833328125 0.9413333328125001 0.3366666671875 0.9486666671874999 0.3366666671875 0.9553333328125 0.3445833328125 0.9560000000000001 0.34541666718749997 0.9573333328125001 0.34875 0.952 0.35208333281250004 0.9493333328125001 0.35375 0.9493333328125001 0.35583333281249996 0.9460000000000001 0.35583333281249996 0.942 0.3541666671875 0.9406666671874999 0.35125 0.9400000000000001 0.35041666718750003 0.9413333328125001 0.34541666718749997 0.9413333328125001 0.3445833328125 0.9400000000000001 0.34125 0.9400000000000001
0 0.3725 0.982 0.3754166671875 0.9866666671875001 0.3820833328125 0.9866666671875001 0.3829166671875 0.9880000000000001 0.3854166671875 0.9880000000000001 0.3895833328125 0.9933333328125 0.39125 0.9933333328125 0.3920833328125 0.9946666671875001 0.3933333328125 0.9926666671875 0.3933333328125 0.9913333328125 0.3895833328125 0.9853333328125 0.38708333281249996 0.984 0.385 0.9806666671875 0.3808333328125 0.9673333328125 0.3804166671875 0.9666666671874999 0.37875000000000003 0.9693333328125 0.37625000000000003 0.9693333328125 0.37333333281250003 0.974 0.3725 0.982
0 0.46708333281250003 0.9533333328125 0.46958333281250003 0.9506666671874999 0.4754166671875 0.9506666671874999 0.47750000000000004 0.9486666671874999 0.47750000000000004 0.9446666671875 0.4783333328125 0.9433333328125 0.47625 0.9400000000000001 0.47375 0.9386666671875 0.4725 0.9366666671875 0.47083333281249995 0.9313333328125 0.47041666718749997 0.9306666671875 0.46708333281250003 0.9333333328125001 0.46333333281250005 0.9406666671874999 0.4641666671875 0.9486666671874999 0.46708333281250003 0.9533333328125
0 0.44749999999999995 0.93 0.4545833328125 0.9466666671875 0.45583333281250005 0.9460000000000001 0.45583333281250005 0.9353333328125 0.4566666671875 0.9339999999999999 0.4566666671875 0.9286666671875 0.4575 0.9273333328125 0.4575 0.9206666671875 0.4566666671875 0.9193333328125 0.45375 0.9186666671875001 0.4529166671875 0.9199999999999999 0.4495833328125 0.9199999999999999 0.44749999999999995 0.922 0.44749999999999995 0.93
0 0.41916666718749995 0.8966666671875 0.4204166671875 0.8986666671875 0.4225 0.8953333328124999 0.4233333328125 0.89 0.42416666718749996 0.8886666671875 0.42416666718749996 0.882 0.425 0.8806666671875 0.425 0.8753333328125 0.4258333328125 0.874 0.425 0.8726666671875 0.42374999999999996 0.8720000000000001 0.42000000000000004 0.8793333328124999 0.42000000000000004 0.8833333328125 0.41916666718749995 0.8846666671875001 0.41916666718749995 0.8966666671875
0 0.5070833328125001 0.8173333328125001 0.5079166671875 0.8186666671875 0.5104166671875 0.8186666671875 0.5125 0.8153333328124999 0.5133333328125 0.8099999999999999 0.5125 0.8086666671874999 0.5125 0.806 0.51 0.8019999999999999 0.5045833328125 0.8013333328125001 0.5025000000000001 0.8046666671875 0.5025000000000001 0.8126666671875 0.5037499999999999 0.8160000000000001 0.5070833328125001 0.8173333328125001
0 0.44166666718750003 0.898 0.44166666718750003 0.9006666671874999 0.44291666718749995 0.9026666671875001 0.44458333281250006 0.9026666671875001 0.4470833328125 0.9 0.44875 0.9 0.45041666718749995 0.8973333328124999 0.45583333281250005 0.8939999999999999 0.45583333281250005 0.89 0.4516666671875 0.8833333328125 0.44625000000000004 0.8826666671875 0.4454166671875 0.884 0.44333333281250004 0.8846666671875001 0.44333333281250004 0.8926666671874999 0.44166666718750003 0.898
0 0.4654166671875 0.8746666671875 0.46624999999999994 0.876 0.47125000000000006 0.876 0.4725 0.874 0.4725 0.8699999999999999 0.47125000000000006 0.868 0.46749999999999997 0.8673333328125 0.46125 0.8666666671875 0.45999999999999996 0.8686666671875001 0.45999999999999996 0.8699999999999999 0.4620833328125 0.8733333328124999 0.4654166671875 0.8746666671875
0 0.3975 0.9153333328125 0.39958333281249997 0.9199999999999999 0.40041666718749996 0.9199999999999999 0.4025 0.9166666671874999 0.4033333328125 0.914 0.40416666718750005 0.9006666671874999 0.40041666718749996 0.9 0.3991666671875 0.9033333328125 0.3983333328125 0.9099999999999999 0.3975 0.9113333328125 0.3975 0.9153333328125
0 0.49874999999999997 1 0.5 0.998 0.5 0.9913333328125 0.49625 0.9866666671875001 0.49458333281250005 0.9866666671875001 0.49375 0.9853333328125 0.4916666671875 0.9846666671875001 0.4829166671875 0.984 0.48166666718749995 0.986 0.48166666718749995 0.99 0.48250000000000004 0.9913333328125 0.48333333281249996 0.9966666671875 0.48541666718750004 1 0.49874999999999997 1
0 0.41541666718750003 0.9466666671875 0.42000000000000004 0.9433333328125 0.4216666671875 0.9366666671875 0.42000000000000004 0.9353333328125 0.41624999999999995 0.9346666671875001 0.41500000000000004 0.9366666671875 0.4141666671875 0.9393333328125 0.4141666671875 0.9446666671875 0.41541666718750003 0.9466666671875
0 0.41166666718749995 0.9233333328125 0.4108333328125 0.922 0.40875000000000006 0.9213333328125 0.40750000000000003 0.9233333328125 0.40750000000000003 0.9246666671874999 0.41125 0.9253333328125001 0.41166666718749995 0.9233333328125
0 0.41624999999999995 0.9293333328125 0.4166666671875 0.9193333328125 0.4158333328125 0.9179999999999999 0.4145833328125 0.9173333328125001 0.41333333281250006 0.9193333328125 0.4125 0.9233333328125 0.41541666718750003 0.9293333328125 0.41624999999999995 0.9293333328125
0 0.6066666671875 0.6406666671875 0.6066666671875 0.642 0.6041666671875 0.6473333328125 0.60625 0.6506666671875 0.60875 0.6506666671875 0.6095833328125 0.6519999999999999 0.62375 0.6519999999999999 0.625 0.65 0.625 0.6473333328125 0.6216666671875 0.642 0.6216666671875 0.6353333328125 0.6233333328125 0.6313333328125 0.6233333328125 0.6273333328125 0.6241666671874999 0.626 0.6241666671874999 0.622 0.6224999999999999 0.6206666671875001 0.6195833328125 0.62 0.6145833328125 0.624 0.6125 0.6273333328125 0.61 0.6353333328125 0.6066666671875 0.6406666671875
0 0.6416666671875 0.6286666671875001 0.6425 0.63 0.6425 0.6326666671875001 0.6433333328125 0.634 0.64375 0.6373333328124999 0.6466666671875 0.6353333328125 0.6466666671875 0.6273333328125 0.6475 0.626 0.6466666671875 0.6206666671875001 0.645 0.6193333328125 0.6429166671875 0.6186666671875 0.6408333328125 0.622 0.6408333328125 0.6246666671875001 0.6416666671875 0.626 0.6416666671875 0.6286666671875001
0 0.6829166671875 0.4386666671875 0.6837500000000001 0.4373333328125 0.6870833328125 0.43600000000000005 0.6891666671875 0.4326666671875 0.6891666671875 0.4273333328125 0.68625 0.4226666671875 0.6849999999999999 0.422 0.6820833328125 0.42133333281249996 0.6775 0.4273333328125 0.6775 0.4313333328125 0.6783333328125 0.434 0.6829166671875 0.4386666671875
0 0.7116666671874999 0.5740000000000001 0.7116666671874999 0.5753333328125 0.7058333328125 0.5846666671875 0.7058333328125 0.5873333328125 0.7070833328125 0.5893333328125 0.7104166671875001 0.5893333328125 0.7133333328125 0.5846666671875 0.7133333328125 0.5820000000000001 0.7141666671875 0.5806666671875 0.7150000000000001 0.5753333328125 0.7183333328125 0.5713333328125 0.7183333328125 0.5686666671875 0.7191666671875 0.5673333328125 0.7183333328125 0.5660000000000001 0.7170833328125 0.5653333328125 0.7154166671875 0.568 0.7145833328125 0.568 0.7141666671875 0.5700000000000001 0.7116666671874999 0.5740000000000001
0 0.6379166671875 0.5826666671875 0.64375 0.5826666671875 0.6458333328125 0.5780000000000001 0.6458333328125 0.5713333328125 0.6445833328125 0.5693333328125 0.6425 0.5686666671875 0.6395833328125 0.568 0.6345833328125 0.572 0.6341666671875 0.5766666671875 0.6333333328124999 0.5780000000000001 0.6379166671875 0.5826666671875
0 0.6208333328125 0.518 0.62 0.5193333328125 0.62 0.5246666671875 0.6212500000000001 0.5266666671875 0.6295833328125 0.5266666671875 0.6316666671875 0.5233333328125 0.6316666671875 0.5086666671875 0.63 0.5033333328125 0.6283333328125 0.502 0.62375 0.5013333328125 0.6216666671875 0.5046666671875 0.6216666671875 0.5086666671875 0.6208333328125 0.51 0.6208333328125 0.518
0 0.5741666671875 0.5793333328125 0.5754166671875 0.5813333328125 0.58125 0.5813333328125 0.5833333328125 0.5793333328125 0.5841666671875 0.5766666671875 0.5841666671875 0.5713333328125 0.5825 0.5673333328125 0.5804166671875 0.5666666671875 0.57875 0.568 0.5758333328125 0.5726666671875 0.5741666671875 0.5780000000000001 0.5741666671875 0.5793333328125
0 0.55 0.63 0.5504166671874999 0.636 0.5554166671874999 0.6373333328124999 0.5566666671875 0.6353333328125 0.5575 0.6326666671875001 0.5575 0.6286666671875001 0.5591666671875 0.626 0.5591666671875 0.6206666671875001 0.5583333328125 0.6193333328125 0.5570833328125 0.6186666671875 0.5554166671874999 0.62 0.5541666671875001 0.622 0.5541666671875001 0.6233333328125 0.55 0.63
0 0.52625 0.9013333328125 0.5304166671874999 0.9013333328125 0.5316666671875 0.8993333328125 0.5316666671875 0.8926666671874999 0.53 0.8886666671875 0.52625 0.8880000000000001 0.525 0.89 0.525 0.8966666671875 0.5258333328125 0.898 0.52625 0.9013333328125
0 0.5841666671875 0.8926666671874999 0.585 0.89 0.585 0.882 0.5816666671874999 0.8779999999999999 0.5795833328125 0.8773333328125 0.5783333328125 0.8793333328124999 0.5791666671875 0.8926666671874999 0.58125 0.8960000000000001 0.5841666671875 0.8926666671874999
0 0.58125 0.916 0.5820833328125 0.9146666671875 0.5845833328125 0.9146666671875 0.5866666671874999 0.9113333328125 0.5866666671874999 0.9046666671875 0.585 0.9033333328125 0.58125 0.9026666671875001 0.5791666671875 0.9046666671875 0.5791666671875 0.9086666671874999 0.5783333328125 0.9113333328125 0.58125 0.916
0 0.545 0.9153333328125 0.5470833328125 0.9186666671875001 0.5495833328125 0.9186666671875001 0.5525 0.9126666671875 0.5525 0.8966666671875 0.5508333328125 0.8939999999999999 0.54625 0.8933333328125 0.545 0.8953333328124999 0.5441666671875 0.9086666671874999 0.545 0.9099999999999999 0.545 0.9153333328125
0 0.5629166671875 0.9253333328125001 0.5654166671875 0.9293333328125 0.5679166671875 0.9293333328125 0.5683333328125 0.9246666671874999 0.5654166671875 0.9213333328125 0.5629166671875 0.9199999999999999 0.5625 0.9179999999999999 0.5566666671875 0.9179999999999999 0.5591666671875 0.9206666671875 0.5591666671875 0.922 0.56125 0.9253333328125001 0.5629166671875 0.9253333328125001
0 0.5379166671875 0.916 0.5391666671875 0.914 0.5408333328125 0.9086666671874999 0.5408333328125 0.9019999999999999 0.5391666671875 0.9006666671874999 0.53625 0.9 0.5341666671875 0.9019999999999999 0.5341666671875 0.9086666671874999 0.5370833328125 0.916 0.5379166671875 0.916
0 0.6033333328125 0.8793333328124999 0.6016666671875 0.8766666671875001 0.6004166671875 0.876 0.59875 0.8773333328125 0.5983333328125 0.8806666671875 0.6012500000000001 0.8826666671875 0.6033333328125 0.8793333328124999
0 0.6479166671875001 0.8306666671875 0.6491666671874999 0.8286666671875 0.65 0.8233333328124999 0.6470833328125 0.8173333328125001 0.6458333328125 0.8166666671874999 0.6420833328125 0.8160000000000001 0.6391666671875 0.8193333328125 0.6391666671875 0.8273333328125 0.64125 0.8306666671875 0.6479166671875001 0.8306666671875
0 0.6058333328125001 0.8006666671874999 0.6058333328125001 0.8246666671874999 0.6070833328125 0.8266666671875 0.60875 0.8266666671875 0.61 0.8246666671874999 0.61 0.818 0.6108333328125 0.8166666671874999 0.6108333328125 0.8073333328125001 0.6120833328125 0.8039999999999999 0.6129166671874999 0.8039999999999999 0.6141666671875 0.8019999999999999 0.615 0.7993333328125 0.6120833328125 0.7946666671875 0.6083333328125 0.7926666671875 0.6079166671875 0.792 0.60625 0.7933333328125001 0.605 0.7953333328125 0.605 0.7993333328125 0.6058333328125001 0.8006666671874999
0 0.5962500000000001 0.8426666671874999 0.6004166671875 0.8426666671874999 0.6008333328125001 0.834 0.5983333328125 0.8326666671874999 0.5962500000000001 0.8320000000000001 0.5954166671875 0.8333333328125001 0.5929166671874999 0.8333333328125001 0.5925 0.8380000000000001 0.5962500000000001 0.8426666671874999
0 0.6008333328125001 0.826 0.6008333328125001 0.8166666671874999 0.59875 0.8160000000000001 0.5966666671875 0.818 0.5966666671875 0.8233333328124999 0.5995833328125 0.8266666671875 0.6008333328125001 0.826
0 0.5645833328125 0.7893333328125001 0.5675 0.786 0.5675 0.7793333328125 0.56375 0.7733333328125 0.5616666671874999 0.7726666671875 0.5608333328125 0.7726666671875 0.5591666671875 0.778 0.5591666671875 0.786 0.56125 0.7893333328125001 0.5645833328125 0.7893333328125001
0 0.5729166671875 0.7733333328125 0.5733333328125 0.7673333328124999 0.5708333328124999 0.766 0.5662499999999999 0.7653333328125 0.5650000000000001 0.7673333328124999 0.5650000000000001 0.77 0.5662499999999999 0.772 0.5729166671875 0.7733333328125
0 0.5446449999999999 0.784408 0.5413116671875 0.780408 0.5363116671875 0.780408 0.5329783328125 0.7830746671875 0.5317283328125 0.7850746671875 0.530895 0.7917413328125 0.537145 0.8110746671875001 0.554645 0.8270746671874999 0.557145 0.8270746671874999 0.560895 0.8170746671875 0.560895 0.8077413328124999 0.5625616671875 0.7997413328125 0.5625616671875 0.794408 0.559645 0.7897413328125 0.5563116671875 0.788408 0.5550616671874999 0.786408 0.555895 0.7770746671875 0.5542283328125001 0.7730746671875 0.5513116671875 0.772408 0.549645 0.7737413328125 0.5467283328125 0.778408 0.5467283328125 0.7810746671875 0.5446449999999999 0.784408
0 0.6945833328125001 0.488 0.6950000000000001 0.48333333281249996 0.6908333328125 0.47400000000000003 0.6870833328125 0.4733333328125 0.6866666671874999 0.47800000000000004 0.6891666671875 0.48333333281249996 0.6904166671875 0.488 0.6945833328125001 0.488
0 0.7025 0.30333333281249997 0.7025 0.2966666671875 0.7016666671875 0.2966666671875 0.7016666671875 0.3006666671875 0.7008333328125 0.302 0.70125 0.304 0.7025 0.30333333281249997
0 0.6895833328125 0.308 0.6904166671875 0.3093333328125 0.6991666671875 0.3086666671875 0.6991666671875 0.3046666671875 0.6970833328125 0.30133333281249997 0.6908333328125 0.3006666671875 0.6845833328125 0.3 0.6833333328125 0.302 0.6833333328125 0.306 0.6845833328125 0.308 0.6895833328125 0.308
0 0.6958333328124999 0.3273333328125 0.6995833328125001 0.3306666671875 0.70125 0.3333333328125 0.70625 0.3333333328125 0.7116666671874999 0.3273333328125 0.7116666671874999 0.3233333328125 0.7125 0.322 0.7095833328125 0.3186666671875 0.7079166671875 0.3186666671875 0.70625 0.316 0.70375 0.31466666718749997 0.7025 0.31266666718749997 0.7004166671875 0.312 0.6983333328125 0.314 0.6975 0.318 0.6958333328124999 0.3206666671875 0.6958333328124999 0.3273333328125
0 0.7204166671875 0.31066666718749997 0.7216666671875 0.3086666671875 0.7208333328125 0.306 0.7170833328125 0.30533333281249997 0.7158333328125 0.3086666671875 0.7179166671874999 0.312 0.71875 0.31066666718749997 0.7204166671875 0.31066666718749997
0 0.6945833328125001 0.2733333328125 0.6995833328125001 0.2733333328125 0.7033333328125 0.27799999999999997 0.7033333328125 0.2793333328125 0.7045833328125 0.2813333328125 0.7079166671875 0.2813333328125 0.71 0.27799999999999997 0.71 0.2713333328125 0.70625 0.2693333328125 0.7029166671875 0.2653333328125 0.7 0.2646666671875 0.6929166671875 0.264 0.6916666671875 0.266 0.6916666671875 0.2713333328125 0.69375 0.272 0.6945833328125001 0.2733333328125
0 0.6849999999999999 0.2593333328125 0.6849999999999999 0.25666666718750003 0.6841666671875 0.2553333328125 0.6795833328125 0.25466666718750003 0.6766666671875 0.2593333328125 0.6779166671875 0.2626666671875 0.6829166671875 0.2613333328125 0.6849999999999999 0.2593333328125
0 0.6879166671875 0.2946666671875 0.6908333328125 0.29133333281249996 0.6908333328125 0.2873333328125 0.6900000000000001 0.286 0.6829166671875 0.2853333328125 0.6816666671875 0.2873333328125 0.6808333328125 0.29133333281249996 0.6829166671875 0.2946666671875 0.6879166671875 0.2946666671875
0 0.47983833281250005 0.1209253328125 0.481505 0.1209253328125 0.48733833281249994 0.12759199999999998 0.4948383328125 0.1262586671875 0.49817166718749994 0.1222586671875 0.5048383328125 0.1222586671875 0.5056716671875 0.1209253328125 0.5098383328125 0.1209253328125 0.5119216671875 0.117592 0.511505 0.1142586671875 0.506505 0.11025866718749999 0.5048383328125 0.107592 0.4994216671875 0.10559199999999999 0.4898383328125 0.10492533281250001 0.4856716671875 0.107592 0.4806716671875 0.1142586671875 0.4769216671875 0.1162586671875 0.47983833281250005 0.1209253328125
0 0.305 0.366 0.30416666718749996 0.3673333328125 0.30416666718749996 0.374 0.3 0.38733333281250004 0.3 0.394 0.3020833328125 0.3986666671875 0.30625 0.3946666671875 0.31 0.38733333281250004 0.3125 0.37266666718749997 0.31083333281250003 0.358 0.3116666671875 0.3566666671875 0.3116666671875 0.33399999999999996 0.3133333328125 0.3286666671875 0.3125 0.3246666671875 0.3095833328125 0.324 0.30583333281249997 0.3286666671875 0.3066666671875 0.3473333328125 0.305 0.354 0.305 0.366
0 0.44166666718750003 0.8300000000000001 0.44375 0.8346666671875 0.44458333281250006 0.8346666671875 0.4458333328125 0.8313333328124999 0.4458333328125 0.8286666671875 0.445 0.8273333328125 0.4441666671875 0.8193333328125 0.44333333281250004 0.818 0.43916666718749997 0.818 0.4408333328125 0.8233333328124999 0.4408333328125 0.826 0.44166666718750003 0.8273333328125 0.44166666718750003 0.8300000000000001
0 0.4770833328125 0.8373333328125 0.4783333328125 0.8353333328125 0.4791666671875 0.8326666671874999 0.4791666671875 0.8286666671875 0.4783333328125 0.8273333328125 0.47375 0.8266666671875 0.4725 0.8286666671875 0.4725 0.8353333328125 0.47375 0.8373333328125 0.4770833328125 0.8373333328125
0 0.43624999999999997 0.82 0.4375 0.818 0.4375 0.8140000000000001 0.43583333281250003 0.8086666671874999 0.43541666718750005 0.808 0.43166666718749996 0.8113333328125 0.43166666718749996 0.818 0.43375 0.82 0.43624999999999997 0.82
0 0.21916666718750002 0.99 0.2204166671875 0.992 0.22374999999999998 0.992 0.22833333281249998 0.9846666671875001 0.22916666718749998 0.9806666671875 0.22625 0.9800000000000001 0.22541666718750003 0.9813333328124999 0.2204166671875 0.9813333328124999 0.21916666718750002 0.9833333328125 0.21916666718750002 0.99
0 0.2133333328125 0.986 0.2133333328125 0.9806666671875 0.2079166671875 0.9800000000000001 0.20750000000000002 0.9873333328125 0.20875 0.9893333328124999 0.21208333281249997 0.9880000000000001 0.2133333328125 0.986
0 0.3579166671875 0.9253333328125001 0.3591666671875 0.9233333328125 0.36 0.9206666671875 0.36 0.9153333328125 0.3583333328125 0.9126666671875 0.3570833328125 0.9119999999999999 0.35583333281249996 0.9153333328125 0.35583333281249996 0.9233333328125 0.3570833328125 0.9253333328125001 0.3579166671875 0.9253333328125001
0 0.6482033328125001 0.459992 0.654375 0.46307733281249996 0.6605466671875 0.46153466718749997 0.6595816671875 0.45567066718750004 0.6510958328124999 0.44826533281250003 0.6482033328125001 0.459992
0 0.5379166671875 0.9733333328124999 0.5429166671875 0.9746666671875 0.5458333328125 0.9713333328125 0.5458333328125 0.9686666671875 0.5466666671875 0.9673333328125 0.5466666671875 0.9593333328125 0.5429166671875 0.9546666671875 0.54 0.954 0.5370833328125 0.9533333328125 0.5358333328125 0.9553333328125 0.5349999999999999 0.958 0.5349999999999999 0.9686666671875 0.5379166671875 0.9733333328124999
0 0.065 0.9673333328125 0.065 0.97 0.06625 0.9720000000000001 0.06875 0.9720000000000001 0.0695833328125 0.9706666671875 0.0720833328125 0.9706666671875 0.0754166671875 0.968 0.0775 0.9633333328125 0.0775 0.9606666671875 0.0758333328125 0.9593333328125 0.0745833328125 0.9586666671874999 0.07375000000000001 0.96 0.0720833328125 0.96 0.0670833328125 0.9640000000000001 0.065 0.9673333328125
0 0.13625 0.21600000000000003 0.14208333281250002 0.2253333328125 0.1454166671875 0.22799999999999998 0.1520833328125 0.2226666671875 0.1566666671875 0.2153333328125 0.15291666718750002 0.2106666671875 0.15125 0.2106666671875 0.14875 0.20800000000000002 0.1454166671875 0.20800000000000002 0.1416666671875 0.2046666671875 0.1395833328125 0.20400000000000001 0.13458333281249998 0.20800000000000002 0.1341666671875 0.21400000000000002 0.1354166671875 0.21600000000000003 0.13625 0.21600000000000003
0 0.0158333328125 0.0566666671875 0.0141666671875 0.05933333281249999 0.0141666671875 0.0646666671875 0.0204166671875 0.072 0.0354166671875 0.0853333328125 0.0375 0.08199999999999999 0.04 0.0726666671875 0.0433333328125 0.066 0.0458333328125 0.057999999999999996 0.0458333328125 0.0526666671875 0.037083332812499994 0.0426666671875 0.027500000000000004 0.034 0.0245833328125 0.0333333328125 0.0225 0.0366666671875 0.02 0.046 0.017499999999999998 0.05 0.0158333328125 0.0566666671875
0 0.4725 0.7726666671875 0.465 0.774 0.46708333281250003 0.7813333328125001 0.47458333281250004 0.7866666671875 0.47750000000000004 0.778 0.4725 0.7726666671875
0 0.5095833328125 0.7866666671875 0.5066666671875 0.7806666671875 0.505 0.786 0.5095833328125 0.7866666671875
0 0.49000000000000005 0.7606666671875 0.49083333281249997 0.766 0.4954166671875 0.768 0.4933333328125 0.7593333328125 0.49000000000000005 0.7606666671875
0 0.46291666718749996 0.8093333328125001 0.465 0.8033333328125 0.46166666718749994 0.8046666671875 0.46291666718749996 0.8093333328125001
0 0.46291666718749996 0.8386666671875 0.4641666671875 0.8313333328124999 0.4591666671875 0.8353333328125 0.46291666718749996 0.8386666671875
0 0.6666666671875 0.47000000000000003 0.6670833328125 0.4773333328125 0.6725 0.4766666671875 0.6708333328125 0.47000000000000003 0.6666666671875 0.47000000000000003
0 0.6379166671875 0.27599999999999997 0.6341666671875 0.262 0.6291666671875 0.2646666671875 0.6379166671875 0.27599999999999997
