0 0.5609375 0.5328125 0.07109375 0.08515625
0 0.4578125 0.56796875 0.0546875 0.12109375
0 0.3265625 0.703125 0.05 0.09375
0 0.61171875 0.46640625 0.04453125 0.04375
0 0.6171875 0.290625 0.02421875 0.04765625
0 0.665625 0.91875 0.04609375 0.109375
0 0.25390625 0.0390625 0.05625 0.075
3 0.409375 0.33046875 0.15078125 0.4984375
0 0.5015625 0.7 0.0421875 0.13203125
0 0.56953125 0.6234375 0.071875 0.03515625
0 0.453125 0.85625 0.01953125 0.034375
0 0.47265625 0.94375 0.02109375 0.025
0 0.52109375 0.89765625 0.02734375 0.03828125
0 0.30078125 0.9078125 0.0265625 0.04140625
0 0.7296875 0.0625 0.10078125 0.125
0 0.6453125 0.01953125 0.02421875 0.0390625
0 0.56015625 0.0484375 0.02109375 0.040625
0 0.30859375 0.2609375 0.021875 0.04921875
0 0.70625 0.596875 0.03515625 0.07890625
0 0.61953125 0.83359375 0.0203125 0.0453125
0 0.5015625 0.81796875 0.01015625 0.0203125
0 0.740625 0.71875 0.0125 0.02421875
0 0.75234375 0.653125 0.0109375 0.021875
0 0.334375 0.990625 0.0140625 0.01640625
0 0.725 0.915625 0.0125 0.025
