0 0.22421875 0.26484375 0.06015625 0.084375
0 0.43671875 0.1828125 0.0703125 0.06328125
0 0.48359375 0.40390625 0.05703125 0.12109375
0 0.40859375 0.3953125 0.03671875 0.1234375
0 0.5265625 0.34453125 0.0390625 0.08125
0 0.63515625 0.33671875 0.0375 0.04765625
0 0.7953125 0.1265625 0.103125 0.1875
0 0.82109375 0.2765625 0.0359375 0.03828125
0 0.8078125 0.8765625 0.06640625 0.1
0 0.365625 0.76796875 0.0546875 0.1
0 0.22734375 0.7984375 0.0328125 0.0453125
0 0.36328125 0.50703125 0.0875 0.078125
1 0.615625 0.63515625 0.3296875 0.23671875
0 0.44765625 0.5625 0.08203125 0.0921875
0 0.2671875 0.571875 0.03515625 0.0546875
0 0.23984375 0.45703125 0.03203125 0.0515625