0 0.6609375 0.08984375 0.0390625 0.1375
0 0.5 0.3109375 0.0484375 0.1625
0 0.328125 0.30546875 0.053125 0.10625
0 0.2953125 0.0984375 0.0265625 0.0578125
0 0.61328125 0.16875 0.02265625 0.0546875
0 0.5234375 0.10625 0.03046875 0.0640625
0 0.49921875 0.17421875 0.025 0.03671875
0 0.44765625 0.13515625 0.02734375 0.0515625
0 0.703125 0.40859375 0.04453125 0.121875
0 0.60234375 0.540625 0.05625 0.084375
0 0.5578125 0.484375 0.05625 0.11953125
0 0.56796875 0.38359375 0.0828125 0.04375
0 0.60390625 0.7078125 0.04453125 0.0578125
0 0.259375 0.95078125 0.06796875 0.08984375
0 0.72890625 0.93203125 0.10625 0.1359375
0 0.646875 0.9703125 0.02890625 0.059375
0 0.75625 0.81953125 0.03671875 0.059375
3 0.40625 0.65703125 0.153125 0.484375
0 0.46015625 0.4359375 0.05390625 0.14921875
0 0.46953125 0.05859375 0.02265625 0.04609375
0 0.73515625 0.27734375 0.0296875 0.040625
0 0.6796875 0.2921875 0.0171875 0.0375
