1 0.5890625 0.66875 0.15703125 0.4984375
0 0.5375 0.428125 0.059375 0.13359375
0 0.49765625 0.3015625 0.04921875 0.1421875
0 0.43984375 0.471875 0.07265625 0.08515625
0 0.428125 0.3734375 0.075 0.05234375
0 0.3359375 0.08828125 0.0359375 0.12109375
0 0.6953125 0.0921875 0.02734375 0.04453125
0 0.290625 0.4 0.03359375 0.1046875
0 0.3828125 0.709375 0.02734375 0.0609375
0 0.39765625 0.5375 0.04375 0.06171875
0 0.74609375 0.95390625 0.05703125 0.09140625
0 0.690625 0.74296875 0.0203125 0.06015625
0 0.6703125 0.2984375 0.0453125 0.1078125
0 0.54609375 0.14375 0.0234375 0.03984375
0 0.47578125 0.1015625 0.03515625 0.05078125
0 0.353125 0.98203125 0.0359375 0.03515625
0 0.440625 0.95078125 0.02734375 0.04921875
0 0.271875 0.93671875 0.10546875 0.1265625
0 0.52421875 0.05859375 0.02109375 0.03046875
0 0.3765625 0.16953125 0.02421875 0.06328125