0 0.04296875 0 0.0421875 0.0078703703125 0.060416667187499995 0.090277778125 0.0684895828125 0.10185185156250001 0.0841145828125 0.11388888906250001 0.0859375 0.11898148125 0.0791666671875 0.1384259265625 0.07291666718749999 0.1476851859375 0.0723958328125 0.1541666671875 0.09635416718749999 0.266203703125 0.0973958328125 0.28472222187499996 0.109375 0.316203703125 0.1140625 0.35694444375 0.11796875 0.3620370375 0.121875 0.3458333328125 0.1252604171875 0.3416666671875 0.1388020828125 0.3453703703125 0.1541666671875 0.3791666671875 0.1583333328125 0.383796296875 0.1604166671875 0.3773148140625 0.159375 0.3495370375 0.16171875 0.340740740625 0.1690104171875 0.3361111109375 0.18359375 0.35 0.1888020828125 0.3490740734375 0.1966145828125 0.3416666671875 0.2052083328125 0.32083333281250004 0.20572916718749998 0.29675925937500003 0.2109375 0.278240740625 0.1927083328125 0.19583333281249998 0.2361979171875 0.1611111109375 0.240625 0.146759259375 0.23854166718749997 0.128240740625 0.23854166718749997 0.11898148125 0.2403645828125 0.1166666671875 0.2627604171875 0.11388888906250001 0.27734375 0.12407407343750002 0.2830729171875 0.125 0.2848958328125 0.1208333328125 0.284375 0.1115740734375 0.2786458328125 0.09398148125 0.2697916671875 0.078240740625 0.2703125 0.06064814843750001 0.2669270828125 0.047222221875 0.2627604171875 0.047222221875 0.2502604171875 0.059259259375 0.23151041718749998 0.08425925937499999 0.2296875 0.0791666671875 0.23177083281250002 0.0495370375 0.2455729171875 0.027777778125000003 0.2606770828125 0.0240740734375 0.2598958328125 0.008796296875 0.25546875 0.002777778125 0.24244791718749997 0 0.1934895828125 0 0.18203125 0.004629629687499999 0.1533854171875 0.025 0.1455729171875 0 0.04296875 0
0 0.390625 0.30601851875 0.3916666671875 0.2865740734375 0.3893229171875 0.28055555625 0.3830729171875 0.28055555625 0.3713541671875 0.3013888890625 0.3713541671875 0.3134259265625 0.3770833328125 0.316203703125 0.38046875 0.30648148124999997 0.390625 0.30601851875
0 0.56484375 0.1379629625 0.5677083328125 0.14305555625 0.5692708328125 0.1550925921875 0.5744791671875 0.1245370375 0.56796875 0.1111111109375 0.5497395828125 0.1074074078125 0.534375 0.1125 0.5348958328125 0.1254629625 0.5395833328124999 0.13287037031249999 0.5403645828125 0.15555555625 0.54453125 0.14351851875 0.5565104171875 0.1361111109375 0.56484375 0.1379629625
0 0.7393229171875 0.23148148124999998 0.7427083328124999 0.23101851875 0.7502604171875 0.22407407343750002 0.7622395828124999 0.22685185156249998 0.7645833328125 0.2236111109375 0.75703125 0.21574074062499998 0.7481770828125 0.21203703749999997 0.7299479171875001 0.1833333328125 0.7078125 0.19583333281249998 0.7221354171875001 0.2148148140625 0.73203125 0.221296296875 0.7393229171875 0.23148148124999998
0 0.8778645828125 0.275 0.8765625 0.2791666671875 0.8825520828125001 0.2898148140625 0.9010416671874999 0.3106481484375 0.9143229171874999 0.34444444375 0.91796875 0.3490740734375 0.921875 0.34861111093749997 0.915625 0.3393518515625 0.9140625 0.3300925921875 0.90234375 0.303703703125 0.8778645828125 0.275
0 0.5856770828125 0.46296296249999996 0.5770833328125 0.48194444374999995 0.5768229171875 0.48981481406249994 0.5940104171875 0.49351851875 0.5942708328124999 0.503240740625 0.5966145828125 0.5083333328124999 0.6424479171875 0.527777778125 0.6479166671875001 0.5254629625 0.6479166671875001 0.49490740781250003 0.6424479171875 0.4824074078125 0.5893229171875001 0.4611111109375 0.5856770828125 0.46296296249999996
0 0.4994791671875 0.334722221875 0.49791666718750005 0.346759259375 0.4994791671875 0.36990740781250003 0.49583333281249997 0.3763888890625 0.49583333281249997 0.38935185156249996 0.5028645828125 0.397222221875 0.5278645828124999 0.43981481406249995 0.53359375 0.44444444375 0.5348958328125 0.41805555625 0.5333333328125 0.39398148125 0.50234375 0.33055555625 0.4994791671875 0.334722221875
0 0.5708333328124999 0.43379629687500004 0.5736979171875001 0.440740740625 0.5765625 0.434722221875 0.5776041671875001 0.4236111109375 0.56875 0.316203703125 0.5653645828125 0.3120370375 0.5622395828125 0.3129629625 0.56875 0.41157407343749997 0.5708333328124999 0.43379629687500004
0 0.5765625 0.5939814812499999 0.56953125 0.5851851859375 0.5591145828124999 0.5861111109375 0.5533854171875 0.5824074078125 0.5479166671875 0.571759259375 0.5442708328125 0.5550925921875 0.5442708328125 0.5365740734375 0.54140625 0.5324074078125001 0.5377604171875 0.5333333328125 0.5341145828125 0.5240740734375 0.53125 0.5263888890625 0.5317708328124999 0.5513888890625 0.5067708328125 0.578240740625 0.5098958328125 0.5921296296875 0.5169270828125 0.60555555625 0.5216145828125 0.603703703125 0.54453125 0.578703703125 0.5549479171875 0.5898148140624999 0.5606770828125 0.60555555625 0.5653645828125 0.597222221875 0.5765625 0.5939814812499999
0 0.8828125 0.6356481484375001 0.8799479171875 0.63055555625 0.8533854171874999 0.6416666671875 0.8591145828125001 0.6777777781250001 0.8830729171874999 0.66851851875 0.8885416671874999 0.6625 0.8828125 0.6356481484375001
0 0.8947916671874999 0.6495370375 0.8989583328125 0.666203703125 0.9005208328125001 0.6856481484375 0.909375 0.709722221875 0.9138020828125001 0.7101851859375 0.9192708328125001 0.6560185187500001 0.91640625 0.65 0.90390625 0.640740740625 0.8953125 0.6421296296875 0.8947916671874999 0.6495370375
0 0.9497395828125 0.8583333328125 0.9638020828125 0.8620370375 0.96875 0.858796296875 0.9627604171874999 0.8435185187500001 0.9533854171874999 0.8351851859374999 0.9440104171874999 0.834259259375 0.9333333328125001 0.8421296296874999 0.9346354171875 0.8490740734375001 0.9497395828125 0.8583333328125
0 0.60859375 0.790740740625 0.5966145828125 0.7731481484375 0.590625 0.7828703703125 0.5963541671875 0.8245370375000001 0.6158854171875 0.8435185187500001 0.61953125 0.8435185187500001 0.6395833328125 0.8106481484374999 0.6356770828125 0.8083333328125001 0.6294270828124999 0.8203703703125 0.62421875 0.8203703703125 0.6203125 0.8106481484374999 0.6200520828125 0.7898148140625 0.60859375 0.790740740625
0 0.2513020828125 0.89444444375 0.24713541718749998 0.902777778125 0.23567708281250002 0.9046296296874999 0.23072916718749997 0.91805555625 0.22421875 0.9259259265625 0.21744791718749998 0.9268518515625 0.2265625 0.95601851875 0.2322916671875 0.9625 0.23125 0.9773148140625001 0.23567708281250002 0.9861111109375 0.2390625 0.9763888890624999 0.2427083328125 0.9495370375000001 0.2526041671875 0.9356481484374999 0.2609375 0.9134259265625 0.2552083328125 0.896759259375 0.2513020828125 0.89444444375
0 0.13125 0.49583333281249997 0.13984375 0.509259259375 0.1434895828125 0.5101851859375001 0.1552083328125 0.490277778125 0.1541666671875 0.478240740625 0.15677083281249998 0.45694444375 0.14609375 0.45648148125 0.13359375 0.46851851875 0.1291666671875 0.478240740625 0.13125 0.49583333281249997
0 0.07890625 0.209259259375 0.07421875 0.2101851859375 0.054427082812500006 0.22314814843750003 0.0489583328125 0.23009259218749997 0.0479166671875 0.2356481484375 0.0463541671875 0.2523148140625 0.0479166671875 0.2856481484375 0.06328125 0.3009259265625 0.06640625 0.3 0.0645833328125 0.2708333328125 0.065625 0.2504629625 0.07473958281250001 0.22777777812500002 0.0830729171875 0.22407407343750002 0.08541666718749999 0.2171296296875 0.07890625 0.209259259375
0 0.21875 0.2476851859375 0.2231770828125 0.2546296296875 0.2283854171875 0.25648148125 0.23125 0.253240740625 0.23854166718749997 0.23009259218749997 0.23567708281250002 0.22407407343750002 0.23151041718749998 0.22407407343750002 0.22734375 0.2296296296875 0.2192708328125 0.2328703703125 0.21875 0.2476851859375
0 0.4682291671875 0.3365740734375 0.4700520828125 0.340740740625 0.47421875 0.3398148140625 0.4859375 0.315277778125 0.49114583281249996 0.2958333328125 0.49114583281249996 0.28379629687499996 0.48619791718750005 0.2833333328125 0.47578125 0.2925925921875 0.4682291671875 0.31805555625 0.4682291671875 0.3365740734375
0 0.7276041671875 0.4421296296875 0.7221354171875001 0.4379629625 0.7166666671875 0.44120370312499996 0.715625 0.45046296249999995 0.7203125 0.4606481484375 0.7177083328125 0.4671296296875 0.71875 0.48101851875 0.7216145828125 0.48425925937500003 0.73359375 0.48148148125 0.7338541671875001 0.47453703750000004 0.7286458328125 0.4671296296875 0.7296875 0.45231481406249996 0.7276041671875 0.4421296296875
0 0.8970760421874999 0.1396731484375 0.8997854171874999 0.1155916671875 0.9085901046875 0.10656111093750001 0.9048651046874999 0.0885 0.9048651046874999 0.0872953703125 0.8848848953124999 0.11258148125 0.8913192703125 0.1426833328125 0.8970760421874999 0.1396731484375
0 0.923490625 0.12101018593749999 0.9136697921874999 0.1372648140625 0.9190880203124999 0.15773425937500002 0.927215625 0.1517138890625 0.9278932296875 0.12703055624999998 0.923490625 0.12101018593749999
0 0.91875 0.0953125 0.015625 0.0328125
0 0.9755208328125 0.3143518515625 0.97109375 0.29907407343750003 0.9580729171875 0.30648148124999997 0.9572916671874999 0.316203703125 0.9606770828125001 0.3240740734375 0.9653645828125 0.3240740734375 0.9755208328125 0.3143518515625
0 0.8627604171875 0.5527777781250001 0.8651041671874999 0.54305555625 0.86328125 0.5379629625 0.85703125 0.5379629625 0.8411458328125001 0.5476851859375 0.84140625 0.5583333328125 0.84921875 0.559259259375 0.8627604171875 0.5527777781250001
0 0.8747395828125001 0.5296296296875 0.8786458328125001 0.5254629625 0.8791666671874999 0.515277778125 0.8752604171874999 0.50555555625 0.8666666671875 0.5115740734374999 0.8661458328125 0.5226851859375 0.86796875 0.527777778125 0.8747395828125001 0.5296296296875
0 0.9901041671874999 0.558796296875 0.98515625 0.5583333328125 0.9833333328125 0.565277778125 0.98125 0.5791666671875 0.9846354171874999 0.5851851859375 0.990625 0.5773148140625 0.9901041671874999 0.558796296875
0 0.90625 0.9486111109375001 0.89921875 0.9444444437499999 0.8927083328125001 0.9495370375000001 0.8916666671875 0.95694444375 0.89609375 0.9601851859374999 0.9044270828125001 0.95555555625 0.90625 0.9486111109375001
0 0.7197916671875 0.8652777781250001 0.7197916671875 0.871759259375 0.7372395828125 0.8740740734375001 0.740625 0.8412037031249999 0.73359375 0.8379629625 0.7299479171875001 0.8324074078124999 0.7265625 0.834722221875 0.7265625 0.8476851859375 0.7197916671875 0.8652777781250001
0 0.6921875 0.5930555562500001 0.69453125 0.5981481484375 0.70078125 0.5898148140624999 0.7065104171875001 0.5925925921874999 0.7083333328125 0.5875 0.7083333328125 0.5736111109375 0.7065104171875001 0.5694444437499999 0.7033854171875 0.5694444437499999 0.6942708328125 0.584722221875 0.6921875 0.5930555562500001
0 0.7481770828125 0.5601851859375 0.753125 0.5541666671875001 0.7557291671875 0.5365740734375 0.7533854171875001 0.5324074078125001 0.7489583328125 0.540277778125 0.7463541671875 0.5504629624999999 0.7463541671875 0.5578703703125 0.7481770828125 0.5601851859375
0 0.05859375 0.7 0.0635416671875 0.6976851859375001 0.0640625 0.691203703125 0.058333332812500006 0.6828703703125 0.054427082812500006 0.6703703703125 0.05078125 0.66851851875 0.0447916671875 0.678240740625 0.0440104171875 0.690740740625 0.05859375 0.7
0 0.08671875 0.3888888890625 0.08255208281250001 0.3898148140625 0.0744791671875 0.4106481484375 0.07291666718749999 0.4263888890625 0.07473958281250001 0.4296296296875 0.08671875 0.42870370312499995 0.0966145828125 0.43981481406249995 0.1018229171875 0.4379629625 0.1041666671875 0.4328703703125 0.1041666671875 0.4236111109375 0.0916666671875 0.4078703703125 0.090625 0.3976851859375 0.08671875 0.3888888890625
0 0.2361979171875 0.403703703125 0.2502604171875 0.409259259375 0.25625 0.4078703703125 0.2552083328125 0.3949074078125 0.24453125 0.3768518515625 0.24088541718749998 0.3768518515625 0.2364583328125 0.38842592656249997 0.2348958328125 0.3949074078125 0.2361979171875 0.403703703125
0 0.6989583328125 0.29675925937500003 0.6903645828125 0.2833333328125 0.6778645828125 0.271296296875 0.6794270828125 0.2796296296875 0.69453125 0.3 0.6994791671875 0.3013888890625 0.6989583328125 0.29675925937500003
0 0.6111979171875 0.00648148125 0.6104166671875 0.015277778124999999 0.6122395828125 0.019444443750000002 0.6197916671875 0.0208333328125 0.61953125 0.0009259265625 0.6111979171875 0.00648148125
0 0.8424479171874999 0.0231481484375 0.8395833328125001 0.028240740625 0.8471354171875 0.0351851859375 0.8515625 0.022685185937499998 0.8515625 0.0143518515625 0.8424479171874999 0.0231481484375
0 0.8921875 0.1986111109375 0.8932291671874999 0.1856481484375 0.8903645828125001 0.18148148125000002 0.8822916671875 0.19583333281249998 0.8841145828125001 0.20277777812500003 0.8903645828125001 0.20277777812500003 0.8921875 0.1986111109375
0 0.9244791671874999 0.19953703750000001 0.9221354171874999 0.19537037031249999 0.9166666671874999 0.1986111109375 0.9192708328125001 0.21898148125 0.9216145828125001 0.222222221875 0.9255208328125001 0.21435185156249997 0.9244791671874999 0.19953703750000001
0 0.7846354171875001 0.13981481406250001 0.7895833328124999 0.13935185156250002 0.7916666671875 0.1263888890625 0.7903645828125 0.1120370375 0.7880208328125 0.1125 0.7864583328125 0.1245370375 0.7822916671875 0.128240740625 0.7817708328124999 0.13287037031249999 0.7846354171875001 0.13981481406250001
0 0.5760416671875 0.1050925921875 0.5755208328125 0.1115740734375 0.5794270828125 0.1148148140625 0.5864583328124999 0.10694444375 0.5846354171875 0.1 0.5760416671875 0.1050925921875
0 0.61484375 0.1601851859375 0.6158854171875 0.16944444375 0.61953125 0.17314814843749998 0.6239583328125 0.171759259375 0.6200520828125 0.1620370375 0.61484375 0.1601851859375
0 0.9640625 0.95546875 0.01328125 0.0203125
0 0.9640625 0.91484375 0.0109375 0.03671875
0 0.82578125 0.96171875 0.00703125 0.01796875
0 0.77578125 0.79453125 0.0125 0.0203125
0 0.971875 0.7609375 0.0125 0.040625
0 0.9921875 0.8453125 0.00625 0.0171875
0 0.79453125 0.56171875 0.0078125 0.01953125
0 0.8125 0.1421875 0.0125 0.021875
0 0.8203125 0.01328125 0.0078125 0.02265625
0 0.734375 0.096875 0.01328125 0.01953125
0 0.75078125 0.13046875 0.0078125 0.0125
0 0.62421875 0.07265625 0.01171875 0.01953125
0 0.58984375 0.040625 0.0125 0.0375
0 0.49609375 0.0078125 0.01015625 0.01328125
0 0.39296875 0.03984375 0.021875 0.0265625
0 0.32734375 0.046875 0.015625 0.02421875
0 0.32109375 0.02109375 0.0078125 0.01328125
0 0.43359375 0.07734375 0.01015625 0.0125
0 0.65078125 0.1390625 0.00859375 0.0109375
0 0.7015625 0.19296875 0.0078125 0.02734375
0 0.671875 0.15234375 0.00703125 0.01328125
0 0.66796875 0.07734375 0.01015625 0.01171875
0 0.63984375 0.04296875 0.0078125 0.00859375
0 0.896875 0.27890625 0.0078125 0.01015625
0 0.95625 0.2203125 0.0078125 0.01484375
0 0.984375 0.28046875 0.0125 0.021875
0 0.93671875 0.20390625 0.01015625 0.015625
0 0.81015625 0.28203125 0.009375 0.0125
0 0.8265625 0.34375 0.01015625 0.0140625
0 0.6953125 0.2609375 0.0078125 0.01171875
0 0.69140625 0.27578125 0.0078125 0.00859375
0 0.6421875 0.21796875 0.01171875 0.0140625
0 0.61015625 0.2625 0.01015625 0.0125
0 0.640625 0.26875 0.00703125 0.0140625
0 0.60234375 0.21015625 0.00859375 0.0125
0 0.67421875 0.32578125 0.00625 0.01171875
0 0.70546875 0.340625 0.00703125 0.01484375
0 0.696875 0.36953125 0.0078125 0.01171875
0 0.6921875 0.4 0.00625 0.0125
0 0.6796875 0.40625 0.01015625 0.0125
0 0.68125 0.49453125 0.0125 0.01953125
0 0.8765625 0.4109375 0.009375 0.0171875
0 0.9421875 0.7234375 0.0078125 0.02265625
0 0.85625 0.89765625 0.00625 0.01328125
0 0.86796875 0.9546875 0.009375 0.01953125
0 0.83203125 0.934375 0.00703125 0.02734375
0 0.91484375 0.7875 0.00546875 0.01328125
0 0.890625 0.78828125 0.00859375 0.01484375
0 0.890625 0.73125 0.00703125 0.01484375
0 0.8671875 0.61875 0.0109375 0.02734375
0 0.9328125 0.54765625 0.0078125 0.01875
0 0.90390625 0.5390625 0.009375 0.01171875
0 0.77421875 0.52578125 0.01015625 0.021875
0 0.7796875 0.5578125 0.0046875 0.01171875
0 0.796875 0.525 0.00859375 0.01484375
0 0.57890625 0.153125 0.00859375 0.01875
0 0.746875 0.0625 0.01171875 0.01875
0 0.55859375 0.22578125 0.0078125 0.01640625
0 0.53671875 0.20859375 0.0078125 0.01953125
0 0.50859375 0.296875 0.01015625 0.0109375
0 0.53046875 0.30546875 0.0078125 0.01328125
0 0.54765625 0.35 0.00703125 0.0140625
0 0.38984375 0.0859375 0.01171875 0.01171875
0 0.3671875 0.16796875 0.0203125 0.02890625
0 0.0390625 0.21796875 0.0078125 0.0140625
0 0.0578125 0.11171875 0.0078125 0.01640625
0 0.03125 0.22109375 0.0078125 0.0109375
0 0.00703125 0.2328125 0.00625 0.01015625
0 0.80859375 0.684375 0.00625 0.015625
0 0.81015625 0.7625 0.01015625 0.01484375
0 0.784375 0.77578125 0.009375 0.009375
0 0.96328125 0.59609375 0.009375 0.01640625
0 0.9625 0.6953125 0.0078125 0.0171875
0 0.928125 0.97109375 0.009375 0.009375
0 0.9234375 0.8125 0.00859375 0.01640625
0 0.7703125 0.69375 0.00546875 0.015625
0 0.77578125 0.63125 0.00703125 0.0171875
0 0.175 0.828125 0.01875 0.05625
3 0.41588541718750005 0.7870370375 0.4302083328125 0.7671296296875 0.4380208328125 0.7449074078125 0.44114583281249997 0.7226851859375001 0.440625 0.7106481484375 0.44244791718750004 0.7083333328125 0.5416666671875 0.7041666671875 0.5364583328125 0.68194444375 0.53359375 0.678703703125 0.43776041718750003 0.6768518515624999 0.4359375 0.6625 0.428125 0.6421296296875 0.42760416718750005 0.60694444375 0.421875 0.5893518515625 0.40520833281249996 0.5606481484375 0.4057291671875 0.5541666671875001 0.4088541671875 0.5495370375 0.40989583281249997 0.5375 0.4049479171875 0.5296296296875 0.40078125 0.5314814812499999 0.3984375 0.5375 0.3984375 0.546759259375 0.40260416718750003 0.55694444375 0.40208333281249997 0.5615740734375 0.3848958328125 0.5930555562500001 0.378125 0.6134259265625001 0.3770833328125 0.621759259375 0.3802083328125 0.6300925921875 0.3802083328125 0.641203703125 0.37265625 0.6796296296875 0.27578125 0.6796296296875 0.2708333328125 0.6865740734375 0.2666666671875 0.7013888890625 0.2666666671875 0.70601851875 0.26953125 0.7083333328125 0.33932291718749996 0.709259259375 0.3684895828125 0.70555555625 0.3703125 0.7384259265625001 0.3760416671875 0.7625 0.38619791718749996 0.7787037031249999 0.3997395828125 0.7898148140625 0.41588541718750005 0.7870370375
