0 0.2640625 0.07109375 0.13828125 0.14140625
0 0.35078125 0.02890625 0.03125 0.05
0 0.74375 0.0453125 0.06875 0.08984375
0 0.38359375 0.29296875 0.02890625 0.046875
0 0.4359375 0.5265625 0.06796875 0.07265625
0 0.5390625 0.56875 0.05625 0.1375
0 0.6703125 0.7046875 0.053125 0.10390625
0 0.496875 0.70390625 0.05078125 0.14296875
0 0.33515625 0.9203125 0.03671875 0.115625
0 0.2875 0.59140625 0.03515625 0.1109375
0 0.3921875 0.471875 0.0421875 0.07265625
0 0.68984375 0.9203125 0.0484375 0.06015625
0 0.54375 0.859375 0.025 0.03359375
0 0.5171875 0.9515625 0.03046875 0.025
0 0.46875 0.89609375 0.03671875 0.04296875
3 0.58359375 0.33984375 0.15078125 0.49765625
