0 0.8375 0.19140625 0.26015625 0.3828125
0 0.76640625 0.234375 0.03203125 0.0421875
0 0.93046875 0.25625 0.06640625 0.15
0 0.61640625 0.29921875 0.040625 0.04609375
0 0.44921875 0.13203125 0.0828125 0.07265625
0 0.26640625 0.21640625 0.05703125 0.0703125
0 0.09375 0.6515625 0.0265625 0.06640625
0 0.4296875 0.375 0.02578125 0.13359375
0 0.4890625 0.3875 0.0578125 0.13515625
0 0.13125 0.6578125 0.053125 0.06484375
0 0.1046875 0.30390625 0.05390625 0.10234375
0 0.3921875 0.8 0.0546875 0.0765625
0 0.38046875 0.4796875 0.084375 0.0921875
0 0.27578125 0.45390625 0.0171875 0.0546875
0 0.04765625 0.846875 0.02734375 0.04921875
0 0.75859375 0.93515625 0.05703125 0.12890625
0 0.940625 0.6859375 0.02890625 0.05625
0 0.85703125 0.47734375 0.03359375 0.06953125
0 0.09296875 0.11875 0.05546875 0.0984375
0 0.2734375 0.85703125 0.03046875 0.05078125
0 0.91640625 0.4296875 0.0359375 0.0765625
1 0.6046875 0.66171875 0.2671875 0.27578125