0 0.43203125 0.378125 0.08203125 0.0421875
0 0.29453125 0.40703125 0.03671875 0.08203125
0 0.39609375 0.5375 0.03828125 0.0625
0 0.33671875 0.08125 0.03359375 0.11328125
0 0.49765625 0.2984375 0.04140625 0.134375
3 0.5921875 0.66953125 0.15625 0.490625
0 0.53984375 0.42421875 0.0546875 0.13046875
0 0.671875 0.29453125 0.0453125 0.0890625
0 0.69765625 0.09296875 0.0234375 0.05
0 0.496875 0.18125 0.01171875 0.02265625
0 0.54765625 0.14609375 0.01875 0.0359375
0 0.478125 0.10625 0.0296875 0.04609375
0 0.5265625 0.05703125 0.01640625 0.0265625
0 0.38671875 0.7109375 0.0234375 0.04296875
0 0.38046875 0.16328125 0.025 0.05625
0 0.26015625 0.278125 0.0109375 0.028125
0 0.31484375 0.2890625 0.0125 0.0265625
0 0.24375 0.34453125 0.0265625 0.0328125
0 0.74609375 0.9546875 0.0578125 0.08984375
0 0.44140625 0.95 0.034375 0.05
0 0.35390625 0.97734375 0.0296875 0.0453125
0 0.271875 0.93359375 0.103125 0.1328125
0 0.24609375 0.8015625 0.02109375 0.04140625
0 0.271875 0.08203125 0.0203125 0.02421875
0 0.4359375 0.4703125 0.0703125 0.06796875
0 0.690625 0.73828125 0.0203125 0.0484375
0 0.24140625 0.69140625 0.01796875 0.0546875
0 0.53125 0.32421875 0.00703125 0.02265625
