1 0.59765625 0.71484375 0.1546875 0.5703125
0 0.4921875 0.303125 0.0546875 0.14609375
0 0.43984375 0.46796875 0.07109375 0.08984375
0 0.27890625 0.9234375 0.12265625 0.1453125
0 0.66875 0.3015625 0.0515625 0.1015625
0 0.434375 0.37734375 0.075 0.03203125
0 0.2953125 0.4 0.04453125 0.10859375
0 0.33828125 0.090625 0.0375 0.13203125
0 0.38828125 0.71015625 0.025 0.078125
0 0.74609375 0.9515625 0.0609375 0.096875
0 0.7 0.0921875 0.02734375 0.065625
0 0.53828125 0.4265625 0.046875 0.14140625
0 0.35625 0.97734375 0.025 0.0453125
0 0.396875 0.53828125 0.03828125 0.0546875
0 0.69296875 0.7375 0.025 0.0609375
0 0.47890625 0.09921875 0.03203125 0.04296875
0 0.5484375 0.146875 0.01875 0.04921875
0 0.440625 0.94921875 0.02578125 0.0609375