0 0.77578125 0.26484375 0.06015625 0.084375
0 0.56328125 0.1828125 0.0703125 0.06328125
0 0.51640625 0.40390625 0.05703125 0.12109375
0 0.59140625 0.3953125 0.03671875 0.1234375
0 0.4734375 0.34453125 0.0390625 0.08125
0 0.36484375 0.33671875 0.0375 0.04765625
0 0.2046875 0.1265625 0.103125 0.1875
0 0.17890625 0.2765625 0.0359375 0.03828125
0 0.1921875 0.8765625 0.06640625 0.1
0 0.634375 0.76796875 0.0546875 0.1
0 0.77265625 0.7984375 0.0328125 0.0453125
0 0.63671875 0.50703125 0.0875 0.078125
1 0.384375 0.63515625 0.3296875 0.23671875
0 0.55234375 0.5625 0.08203125 0.0921875
0 0.7328125 0.571875 0.03515625 0.0546875
0 0.76015625 0.45703125 0.03203125 0.0515625