0 0.5234375 0.58984375 0.05625 0.10234375
0 0.55078125 0.44296875 0.0953125 0.0796875
0 0.5828125 0.60625 0.0234375 0.11015625
0 0.63046875 0.503125 0.1015625 0.08671875
0 0.47890625 0.66171875 0.046875 0.0671875
0 0.63125 0.240625 0.0515625 0.071875
0 0.775 0.74765625 0.07109375 0.0734375
0 0.56640625 0.82265625 0.0640625 0.0609375
0 0.20234375 0.12734375 0.065625 0.0921875
1 0.3890625 0.36875 0.3234375 0.221875
0 0.76484375 0.53515625 0.0234375 0.04609375
0 0.73828125 0.43203125 0.01953125 0.0296875
0 0.359375 0.66796875 0.03046875 0.0390625
0 0.20625 0.8453125 0.08515625 0.1578125
0 0.17890625 0.7140625 0.02734375 0.03828125
0 0.2953125 0.88125 0.01953125 0.025
0 0.3421875 0.2125 0.0328125 0.0359375
0 0.77109375 0.203125 0.0296875 0.0390625
0 0.63984375 0.909375 0.01953125 0.0265625