0 0.521875 0.409375 0.0640625 0.11484375
0 0.55546875 0.56640625 0.0921875 0.0953125
0 0.63125 0.5046875 0.09609375 0.07109375
3 0.3703125 0.64140625 0.3875 0.24765625
0 0.47578125 0.34296875 0.04375 0.06953125
0 0.7796875 0.25625 0.0796875 0.0625
0 0.63671875 0.75625 0.0640625 0.075
0 0.21015625 0.15703125 0.0859375 0.1546875
0 0.18359375 0.2828125 0.03125 0.06015625
0 0.3625 0.33125 0.02890625 0.06171875
0 0.565625 0.19296875 0.0609375 0.0640625
0 0.196875 0.86484375 0.0515625 0.09296875
0 0.77265625 0.7953125 0.0265625 0.05078125
0 0.584375 0.39609375 0.0234375 0.12890625
0 0.20078125 0.4109375 0.028125 0.05078125
0 0.76796875 0.46796875 0.0265625 0.0609375
0 0.740625 0.5703125 0.028125 0.0484375
0 0.34296875 0.790625 0.03046875 0.04375
