3 0.59140625 0.33125 0.1421875 0.49921875
0 0.746875 0.0421875 0.059375 0.084375
0 0.2703125 0.065625 0.12578125 0.13125
0 0.35390625 0.025 0.01953125 0.04609375
0 0.43046875 0.6265625 0.0765625 0.05703125
0 0.3890625 0.29609375 0.01875 0.040625
0 0.39765625 0.47421875 0.04140625 0.06875
0 0.4375 0.534375 0.06796875 0.08984375
0 0.28828125 0.59921875 0.03515625 0.1
0 0.3375 0.91875 0.03515625 0.11328125
0 0.47734375 0.8953125 0.02734375 0.053125
0 0.67734375 0.69609375 0.0421875 0.08125
0 0.69609375 0.90703125 0.02734375 0.0171875
0 0.55 0.8546875 0.03203125 0.06015625
0 0.496875 0.7 0.04921875 0.15390625
