0 0.4390625 0.5328125 0.07109375 0.08515625
0 0.54140625 0.5671875 0.0546875 0.11953125
0 0.50234375 0.70859375 0.05859375 0.15703125
0 0.6734375 0.70078125 0.04921875 0.090625
0 0.2625 0.071875 0.09375 0.14375
0 0.28828125 0.59921875 0.04453125 0.1046875
0 0.7421875 0.0453125 0.06015625 0.0859375
0 0.3375 0.9234375 0.03984375 0.1125
0 0.69921875 0.90859375 0.02734375 0.0625
0 0.47578125 0.89765625 0.03125 0.04921875
0 0.3859375 0.2921875 0.02578125 0.05625
0 0.39375 0.46171875 0.040625 0.0609375
0 0.43984375 0.05234375 0.02109375 0.053125
1 0.59296875 0.3328125 0.1578125 0.48671875
0 0.42890625 0.62578125 0.0765625 0.03203125
0 0.690625 0.26328125 0.02265625 0.05
0 0.35390625 0.021875 0.021875 0.04296875
0 0.378125 0.8359375 0.02890625 0.059375