0 0.50390625 0.3 0.04453125 0.14609375
0 0.32890625 0.3 0.04921875 0.0953125
1 0.40859375 0.66640625 0.1546875 0.4984375
0 0.4609375 0.4265625 0.0515625 0.1375
0 0.5640625 0.47265625 0.07421875 0.08359375
0 0.571875 0.3765625 0.07421875 0.04609375
0 0.665625 0.08203125 0.03671875 0.13125
0 0.70859375 0.409375 0.03515625 0.0921875
0 0.73125 0.93828125 0.10859375 0.1234375
0 0.646875 0.97265625 0.02109375 0.05390625
0 0.6140625 0.715625 0.0234375 0.06484375
0 0.60546875 0.53984375 0.03984375 0.06640625
0 0.45546875 0.14140625 0.02109375 0.05234375
0 0.5234375 0.1 0.028125 0.04765625
0 0.303125 0.0921875 0.03359375 0.04921875
0 0.26015625 0.95625 0.065625 0.08671875
0 0.309375 0.73984375 0.025 0.0546875
0 0.62265625 0.17421875 0.025 0.0625
0 0.62578125 0.20234375 0.00078125 0.01953125
0 0.4734375 0.05546875 0.02265625 0.03046875
0 0.56015625 0.946875 0.03203125 0.059375