0 0.51796875 0.61484375 0.053125 0.11328125
0 0.6140625 0.50546875 0.0890625 0.0890625
0 0.5390625 0.446875 0.08046875 0.1203125
0 0.56796875 0.628125 0.0515625 0.1484375
0 0.4828125 0.6859375 0.04453125 0.0796875
0 0.24296875 0.0640625 0.05390625 0.115625
0 0.05703125 0.31875 0.034375 0.0734375
0 0.55703125 0.86953125 0.05859375 0.0796875
0 0.73671875 0.790625 0.065625 0.07265625
0 0.61640625 0.19765625 0.05703125 0.09296875
0 0.16953125 0.79921875 0.25078125 0.4015625
0 0.06796875 0.740625 0.04765625 0.115625
0 0.0890625 0.58046875 0.034375 0.0578125
0 0.8984375 0.69453125 0.05078125 0.09453125
0 0.9515625 0.159375 0.04375 0.03984375
1 0.40546875 0.33125 0.28125 0.29296875
0 0.3671875 0.1640625 0.025 0.0375
0 0.86953125 0.3578125 0.03828125 0.09140625
0 0.90859375 0.3328125 0.03671875 0.0859375
0 0.38203125 0.70078125 0.02578125 0.05234375
0 0.23125 0.76328125 0.025 0.0578125
0 0.73046875 0.146875 0.02890625 0.0546875
0 0.90859375 0.88125 0.04921875 0.0953125
0 0.14765625 0.5203125 0.04140625 0.0671875