0 0.5171875 0.39453125 0.059375 0.1265625
0 0.54453125 0.5765625 0.08125 0.11328125
0 0.23984375 0.940625 0.053125 0.10234375
0 0.56796875 0.38046875 0.046875 0.1421875
0 0.55390625 0.14453125 0.053125 0.084375
0 0.609375 0.490625 0.090625 0.08359375
0 0.7375 0.2109375 0.06640625 0.0640625
0 0.14609375 0.4796875 0.03203125 0.0890625
0 0.0578125 0.6875 0.028125 0.0484375
0 0.95234375 0.84921875 0.0421875 0.0546875
0 0.8984375 0.31171875 0.05078125 0.090625
0 0.6140625 0.81015625 0.05859375 0.08828125
0 0.16875 0.2015625 0.2578125 0.40234375
0 0.06875 0.25703125 0.046875 0.10859375
0 0.08984375 0.4171875 0.03046875 0.07578125
0 0.23125 0.24140625 0.028125 0.04609375
0 0.86875 0.6703125 0.03984375 0.08515625
0 0.90859375 0.67734375 0.028125 0.09296875
0 0.17734375 0.82734375 0.02421875 0.06328125
0 0.72578125 0.46796875 0.021875 0.0859375
0 0.90859375 0.115625 0.05390625 0.08828125
0 0.4796875 0.3109375 0.03125 0.0734375
1 0.40625 0.66171875 0.290625 0.2671875
0 0.38203125 0.296875 0.03046875 0.04453125
0 0.7296875 0.853125 0.03046875 0.06328125