3 0.6125 0.64453125 0.190625 0.41328125
0 0.30546875 0.1546875 0.0421875 0.10234375
0 0.25625 0.42109375 0.03984375 0.09296875
0 0.4984375 0.33125 0.05 0.1171875
0 0.378125 0.534375 0.04921875 0.04453125
0 0.425 0.4796875 0.08515625 0.06796875
0 0.36640625 0.67734375 0.03046875 0.04609375
0 0.70390625 0.32890625 0.05234375 0.07890625
0 0.734375 0.15859375 0.03125 0.04609375
0 0.47578125 0.16796875 0.0359375 0.040625
0 0.55703125 0.20546875 0.025 0.0359375
0 0.359375 0.21875 0.02578125 0.03359375
0 0.79375 0.890625 0.06484375 0.07890625
0 0.2859375 0.90390625 0.24140625 0.19140625
0 0.32890625 0.90859375 0.03359375 0.03671875
0 0.41796875 0.40078125 0.0953125 0.0375
0 0.5453125 0.440625 0.0625 0.11640625
0 0.43203125 0.8796875 0.02578125 0.05
0 0.728125 0.7046875 0.025 0.0546875
