0 0.57890625 0.60546875 0.0265625 0.12265625
0 0.51796875 0.590625 0.05859375 0.10625
0 0.63671875 0.51171875 0.09765625 0.084375
0 0.471875 0.66015625 0.0296875 0.0578125
0 0.35859375 0.6671875 0.03828125 0.05234375
0 0.19609375 0.128125 0.0578125 0.1125
0 0.20390625 0.84140625 0.08359375 0.1625
0 0.178125 0.71171875 0.02421875 0.06171875
0 0.5640625 0.809375 0.075 0.06171875
0 0.77421875 0.74375 0.06953125 0.065625
0 0.76953125 0.20078125 0.0265625 0.05859375
0 0.63359375 0.24296875 0.06796875 0.0796875
0 0.5453125 0.43984375 0.0890625 0.07265625
1 0.3875 0.3671875 0.32734375 0.240625
0 0.196875 0.58984375 0.028125 0.04296875
0 0.7609375 0.52734375 0.02421875 0.05703125
0 0.73515625 0.42890625 0.02421875 0.0359375
0 0.7203125 0.67890625 0.0359375 0.0453125
0 0.79375 0.4640625 0.015625 0.04453125