0 0.2625 0.2078125 0.06640625 0.06953125
0 0.4296875 0.37421875 0.01953125 0.13671875
0 0.4828125 0.3859375 0.04921875 0.11328125
0 0.61953125 0.3015625 0.021875 0.05078125
0 0.52265625 0.31328125 0.03203125 0.07109375
0 0.3859375 0.49453125 0.08359375 0.06796875
0 0.45859375 0.56640625 0.0734375 0.09609375
0 0.759375 0.93671875 0.0453125 0.11484375
0 0.946875 0.6890625 0.0328125 0.04765625
0 0.8421875 0.20234375 0.25234375 0.4046875
0 0.93515625 0.2578125 0.04375 0.10625
0 0.76875 0.23984375 0.02421875 0.04296875
0 0.8546875 0.48125 0.034375 0.065625
0 0.91171875 0.41953125 0.03984375 0.06875
0 0.7546875 0.39140625 0.025 0.03984375
0 0.03046875 0.7609375 0.01796875 0.07578125
0 0.09453125 0.671875 0.034375 0.08125
0 0.13203125 0.65078125 0.040625 0.06328125
0 0.0359375 0.93203125 0.01875 0.0890625
0 0.05078125 0.8515625 0.03828125 0.04375
0 0.10859375 0.31640625 0.0578125 0.09140625
0 0.27578125 0.459375 0.0328125 0.0453125
0 0.3 0.58359375 0.01796875 0.03203125
0 0.25078125 0.54609375 0.02265625 0.03515625
0 0.140625 0.5296875 0.05078125 0.06171875
0 0.4453125 0.13203125 0.05 0.065625
0 0.0953125 0.12109375 0.04921875 0.09765625
0 0.38828125 0.81015625 0.05703125 0.071875
0 0.27265625 0.8546875 0.02890625 0.05
0 0.02890625 0.303125 0.04921875 0.0765625
0 0.82421875 0.82109375 0.0234375 0.05
0 0.1046875 0.95234375 0.03125 0.03515625
0 0.31171875 0.2828125 0.0375 0.053125
0 0.18828125 0.14453125 0.01953125 0.03828125
0 0.21640625 0.12890625 0.01171875 0.046875
0 0.265625 0.096875 0.02109375 0.021875
0 0.634375 0.84140625 0.03046875 0.0546875
3 0.5953125 0.65703125 0.2828125 0.2703125
0 0.675 0.04921875 0.02421875 0.0375
0 0.01796875 0.57109375 0.01484375 0.0453125
