3 0.39765625 0.30078125 0.1703125 0.59453125
0 0.32734375 0.7015625 0.046875 0.0875
0 0.56328125 0.5328125 0.0671875 0.08125
0 0.509375 0.7109375 0.05234375 0.1484375
0 0.74453125 0.06875 0.0765625 0.1375
0 0.70625 0.60234375 0.03203125 0.11640625
0 0.6609375 0.91640625 0.03515625 0.12265625
0 0.3015625 0.909375 0.03203125 0.04609375
0 0.521875 0.89296875 0.03359375 0.05078125
0 0.45234375 0.8578125 0.02578125 0.0453125
0 0.6125 0.28828125 0.0265625 0.0578125
0 0.60390625 0.4625 0.03984375 0.065625
0 0.5671875 0.62421875 0.078125 0.04765625
0 0.46328125 0.571875 0.0546875 0.134375
0 0.25546875 0.04609375 0.0609375 0.0921875
0 0.646875 0.021875 0.02265625 0.04375
0 0.559375 0.04609375 0.0265625 0.0546875
0 0.30703125 0.2625 0.0203125 0.0671875
