0 0.67265625 0.70078125 0.046875 0.0875
0 0.43359375 0.621875 0.07578125 0.0625
0 0.43671875 0.5328125 0.0671875 0.0828125
0 0.4734375 0.890625 0.03515625 0.03984375
0 0.35625 0.02734375 0.02734375 0.05234375
3 0.590625 0.33203125 0.15234375 0.49296875
0 0.53828125 0.57421875 0.04765625 0.13203125
0 0.39609375 0.46171875 0.03828125 0.05
0 0.7 0.9078125 0.0234375 0.040625
0 0.5484375 0.85546875 0.0171875 0.04296875
0 0.3875 0.2875 0.025 0.046875
0 0.44140625 0.05 0.0203125 0.04453125
0 0.74609375 0.040625 0.0578125 0.08125
0 0.6921875 0.2609375 0.021875 0.04609375
0 0.29453125 0.596875 0.03359375 0.07421875
0 0.3375 0.91953125 0.03359375 0.1078125
0 0.271875 0.0609375 0.1015625 0.12109375
0 0.49609375 0.7 0.0421875 0.13359375
0 0.5234375 0.9421875 0.0203125 0.0234375
0 0.2734375 0.915625 0.015625 0.02578125
0 0.2265625 0.703125 0.01875 0.02578125
0 0.259375 0.7203125 0.01171875 0.02109375
