1 0.59375 0.33671875 0.28359375 0.284375
0 0.834375 0.8015625 0.25390625 0.396875
0 0.26171875 0.79375 0.06015625 0.0703125
0 0.13125 0.35 0.040625 0.0765625
0 0.09296875 0.3484375 0.0296875 0.05859375
0 0.0453125 0.15625 0.040625 0.0296875
0 0.26875 0.1515625 0.03046875 0.06484375
0 0.38828125 0.196875 0.053125 0.0828125
0 0.7578125 0.065625 0.05546875 0.12265625
0 0.9421875 0.3171875 0.02734375 0.05078125
0 0.44296875 0.8703125 0.05625 0.0765625
0 0.1 0.69609375 0.0515625 0.09765625
0 0.09140625 0.87734375 0.046875 0.09921875
0 0.5171875 0.6875 0.03359375 0.0765625
0 0.484375 0.615625 0.05703125 0.12421875
0 0.42890625 0.6125 0.01796875 0.153125
0 0.38359375 0.50703125 0.07890625 0.06875
0 0.6171875 0.703125 0.02421875 0.0484375
0 0.27421875 0.53828125 0.02578125 0.06328125
0 0.3125 0.7140625 0.03046875 0.0421875
0 0.128125 0.4828125 0.02109375 0.0390625
0 0.1484375 0.45546875 0.0296875 0.03984375
0 0.034375 0.6875 0.025 0.04453125
0 0.76875 0.759375 0.01875 0.04921875
0 0.93125 0.74453125 0.03828125 0.115625
0 0.853125 0.51171875 0.0359375 0.0875
0 0.63203125 0.1640625 0.02421875 0.0375
0 0.821875 0.1765625 0.02421875 0.065625
0 0.296875 0.41796875 0.025 0.03828125
0 0.45625 0.43046875 0.07421875 0.1