1 0.3859375 0.6359375 0.3296875 0.22578125
0 0.5484375 0.55703125 0.08828125 0.075
0 0.58125 0.3953125 0.02421875 0.1171875
0 0.5171875 0.40625 0.05078125 0.09765625
0 0.475 0.3421875 0.03359375 0.05625
0 0.35859375 0.33203125 0.03125 0.034375
0 0.1796875 0.2796875 0.02734375 0.034375
0 0.7765625 0.2546875 0.0734375 0.05
0 0.5640625 0.1921875 0.05234375 0.05390625
0 0.6328125 0.49609375 0.08828125 0.0609375
0 0.765625 0.4671875 0.02578125 0.04453125
0 0.73671875 0.5703125 0.0265625 0.0328125
0 0.7703125 0.80078125 0.02578125 0.04140625
0 0.63515625 0.7609375 0.06015625 0.06640625
0 0.19375 0.8703125 0.0515625 0.084375
0 0.20625 0.1546875 0.0828125 0.15
0 0.19921875 0.41171875 0.0296875 0.034375
0 0.33984375 0.7875 0.02734375 0.0296875
0 0.796875 0.53828125 0.01484375 0.02734375
0 0.63671875 0.0890625 0.015625 0.02421875
0 0.603125 0.12109375 0.01328125 0.01875
0 0.60703125 0.1015625 0.01015625 0.01796875
0 0.7796875 0.159375 0.0171875 0.01953125
0 0.29609375 0.11953125 0.0203125 0.03046875
0 0.72109375 0.31953125 0.02890625 0.03203125
0 0.64140625 0.2234375 0.015625 0.015625
0 0.71328125 0.49765625 0.0171875 0.01484375
0 0.4234375 0.1453125 0.0125 0.01796875
0 0.3796875 0.1171875 0.015625 0.01640625