3 0.609375 0.36171875 0.33671875 0.22265625
0 0.80703125 0.1296875 0.07421875 0.0828125
0 0.36875 0.2421875 0.059375 0.0734375
0 0.22890625 0.20625 0.0296875 0.05
0 0.36796875 0.503125 0.0953125 0.07890625
0 0.45390625 0.4328125 0.09375 0.0609375
0 0.48359375 0.5953125 0.0546875 0.10078125
0 0.421875 0.60546875 0.0375 0.1171875
0 0.2390625 0.534375 0.03046875 0.0390625
0 0.2265625 0.753125 0.08125 0.0734375
0 0.43671875 0.809375 0.05859375 0.05234375
0 0.525 0.6625 0.03671875 0.06796875
0 0.64375 0.67734375 0.0375 0.05
0 0.80234375 0.84765625 0.11640625 0.17890625
0 0.81953125 0.7203125 0.0390625 0.040625
0 0.26796875 0.4328125 0.03359375 0.0546875
