0 0.4765625 0.58984375 0.05625 0.10234375
0 0.44921875 0.44296875 0.0953125 0.0796875
0 0.4171875 0.60625 0.0234375 0.11015625
0 0.36953125 0.503125 0.1015625 0.08671875
0 0.52109375 0.66171875 0.046875 0.0671875
0 0.36875 0.240625 0.0515625 0.071875
0 0.225 0.74765625 0.07109375 0.0734375
0 0.43359375 0.82265625 0.0640625 0.0609375
0 0.79765625 0.12734375 0.065625 0.0921875
3 0.6109375 0.36875 0.3234375 0.221875
0 0.23515625 0.53515625 0.0234375 0.04609375
0 0.26171875 0.43203125 0.01953125 0.0296875
0 0.640625 0.66796875 0.03046875 0.0390625
0 0.79375 0.8453125 0.08515625 0.1578125
0 0.82109375 0.7140625 0.02734375 0.03828125
0 0.7046875 0.88125 0.01953125 0.025
0 0.6578125 0.2125 0.0328125 0.0359375
0 0.22890625 0.203125 0.0296875 0.0390625
0 0.36015625 0.909375 0.01953125 0.0265625
