0 0.50859375 0.3046875 0.053125 0.146875
0 0.328125 0.303125 0.04765625 0.0890625
0 0.7265625 0.925 0.1125 0.1421875
0 0.66171875 0.0875 0.03671875 0.1265625
0 0.559375 0.47421875 0.065625 0.0671875
0 0.565625 0.38203125 0.07421875 0.04140625
0 0.30078125 0.09375 0.028125 0.05234375
0 0.5203125 0.1046875 0.0359375 0.04140625
0 0.44765625 0.1484375 0.02421875 0.04921875
0 0.7046875 0.40625 0.03203125 0.09296875
0 0.60078125 0.5390625 0.03828125 0.06875
0 0.25 0.9484375 0.0546875 0.103125
0 0.6109375 0.71015625 0.02265625 0.05390625
0 0.640625 0.97734375 0.02734375 0.0453125
1 0.40546875 0.66328125 0.15703125 0.49296875
0 0.46015625 0.4296875 0.0546875 0.128125
0 0.61796875 0.1703125 0.02578125 0.06953125
0 0.55625 0.953125 0.025 0.05625