1 0.5953125 0.67421875 0.1546875 0.4953125
0 0.34296875 0.08515625 0.06171875 0.11015625
0 0.4765625 0.109375 0.0234375 0.05546875
0 0.5 0.29765625 0.04296875 0.16328125
0 0.55 0.14140625 0.034375 0.04609375
0 0.70078125 0.0859375 0.04375 0.02734375
0 0.66875 0.29921875 0.059375 0.07890625
0 0.38828125 0.525 0.0390625 0.053125
0 0.440625 0.48359375 0.06328125 0.10546875
0 0.4375 0.3765625 0.08984375 0.06171875
0 0.54296875 0.42421875 0.06953125 0.12890625
0 0.29609375 0.4109375 0.0484375 0.103125
0 0.38828125 0.7171875 0.0421875 0.0765625
0 0.27109375 0.93359375 0.1046875 0.1328125
0 0.35078125 0.971875 0.0203125 0.05546875
0 0.746875 0.95234375 0.06875 0.0953125