1 0.6015625 0.33046875 0.2890625 0.253125
0 0.39140625 0.20078125 0.0578125 0.109375
0 0.76015625 0.06328125 0.06875 0.12578125
0 0.946875 0.31484375 0.034375 0.0734375
0 0.85703125 0.521875 0.03515625 0.075
0 0.8546875 0.8046875 0.23046875 0.390625
0 0.6171875 0.70625 0.0296875 0.06484375
0 0.76796875 0.75859375 0.0359375 0.06328125
0 0.93828125 0.740625 0.05546875 0.12890625
0 0.434375 0.625 0.046875 0.15703125
0 0.48671875 0.6171875 0.05546875 0.121875
0 0.46328125 0.4390625 0.08046875 0.1140625
0 0.3890625 0.5078125 0.0828125 0.0984375
0 0.09296875 0.33828125 0.02265625 0.0875
0 0.13046875 0.3421875 0.04453125 0.0859375
0 0.265625 0.79609375 0.0625 0.0921875
0 0.4484375 0.88046875 0.05078125 0.06484375
0 0.09296875 0.88515625 0.05546875 0.08828125
0 0.0375 0.68203125 0.02109375 0.04765625
0 0.05234375 0.1609375 0.03828125 0.05703125
0 0.2734375 0.15078125 0.021875 0.06484375
0 0.31328125 0.50390625 0.02734375 0.04375
0 0.303125 0.4296875 0.02890625 0.05234375
0 0.2765625 0.5484375 0.03359375 0.05859375
0 0.10234375 0.69140625 0.05625 0.09453125
0 0.1265625 0.484375 0.02734375 0.0421875
0 0.14609375 0.459375 0.02265625 0.02890625
0 0.31875 0.7171875 0.040625 0.05
0 0.16796875 0.98125 0.04296875 0.0359375
0 0.91328125 0.58046875 0.04609375 0.0671875