0 0.49296875 0.303125 0.05390625 0.14296875
3 0.5890625 0.6734375 0.15078125 0.4890625
0 0.53984375 0.4359375 0.06015625 0.15
0 0.43828125 0.475 0.0703125 0.09375
0 0.6921875 0.73828125 0.02265625 0.0421875
0 0.746875 0.95625 0.053125 0.0875
0 0.2703125 0.9375 0.1046875 0.12421875
0 0.35390625 0.97890625 0.021875 0.0375
0 0.4390625 0.946875 0.01953125 0.046875
0 0.38671875 0.7109375 0.02578125 0.04296875
0 0.39296875 0.5359375 0.03671875 0.05
0 0.428125 0.37578125 0.071875 0.03984375
0 0.290625 0.403125 0.03359375 0.07265625
0 0.6984375 0.090625 0.0265625 0.0453125
0 0.33515625 0.084375 0.03046875 0.10859375
0 0.54765625 0.1421875 0.0171875 0.03125
0 0.47734375 0.1015625 0.0296875 0.0421875
0 0.67265625 0.2984375 0.04296875 0.0890625
0 0.52578125 0.059375 0.02265625 0.0171875
