0 0.27265625 0.07109375 0.12109375 0.14140625
0 0.74765625 0.04921875 0.06484375 0.09765625
0 0.35546875 0.02890625 0.0265625 0.0578125
0 0.390625 0.29140625 0.0328125 0.0640625
0 0.39609375 0.46015625 0.04453125 0.053125
0 0.2890625 0.5953125 0.0375 0.11171875
0 0.43671875 0.6296875 0.0890625 0.05859375
0 0.49921875 0.69609375 0.040625 0.14140625
0 0.54765625 0.575 0.04921875 0.134375
0 0.67890625 0.6984375 0.0515625 0.09453125
0 0.70234375 0.91015625 0.03671875 0.06015625
0 0.48046875 0.90078125 0.03359375 0.0453125
0 0.34140625 0.925 0.03984375 0.12265625
1 0.590625 0.33984375 0.1625 0.49765625
0 0.434375 0.52421875 0.07421875 0.07109375