0 0.51640625 0.6125 0.05390625 0.11875
0 0.61875 0.515625 0.0890625 0.090625
0 0.6109375 0.19609375 0.05546875 0.090625
0 0.53984375 0.44921875 0.07265625 0.11796875
0 0.94765625 0.16015625 0.04609375 0.0546875
0 0.903125 0.32734375 0.03359375 0.1140625
0 0.86953125 0.35234375 0.0375 0.06953125
0 0.73125 0.7921875 0.06875 0.07578125
0 0.5515625 0.8671875 0.05546875 0.06640625
0 0.90390625 0.88359375 0.046875 0.08046875
0 0.89375 0.69375 0.053125 0.09296875
0 0.14453125 0.515625 0.0390625 0.0703125
0 0.0546875 0.3171875 0.03515625 0.0578125
0 0.2390625 0.06015625 0.053125 0.1109375
0 0.153125 0.80546875 0.24453125 0.38828125
0 0.0640625 0.74375 0.0484375 0.11328125
0 0.22890625 0.75625 0.0234375 0.059375
0 0.4765625 0.69296875 0.02578125 0.075
0 0.3796875 0.703125 0.02578125 0.0515625
0 0.71953125 0.54453125 0.02109375 0.0640625
0 0.72734375 0.14921875 0.02265625 0.059375
3 0.403125 0.3453125 0.28359375 0.26171875
0 0.2453125 0.6015625 0.02734375 0.0546875
