3 0.58359375 0.646875 0.14140625 0.46015625
0 0.33671875 0.06875 0.04765625 0.121875
0 0.69765625 0.09453125 0.05390625 0.0625
0 0.4875 0.30234375 0.0515625 0.14609375
0 0.47578125 0.0984375 0.01953125 0.04765625
0 0.28515625 0.40078125 0.040625 0.13046875
0 0.3875 0.55 0.05 0.06953125
0 0.43828125 0.471875 0.07890625 0.1140625
0 0.38515625 0.69296875 0.034375 0.075
0 0.26484375 0.91171875 0.1171875 0.1765625
0 0.34375 0.98046875 0.03125 0.0390625
0 0.7421875 0.96171875 0.065625 0.0765625
0 0.675 0.2953125 0.05078125 0.12265625
