0 0.69765625 0.09296875 0.02734375 0.04140625
0 0.54609375 0.1453125 0.025 0.03515625
0 0.4984375 0.178125 0.0125 0.0265625
0 0.4765625 0.10390625 0.02890625 0.03984375
0 0.37890625 0.1640625 0.02265625 0.0453125
0 0.33515625 0.0828125 0.03359375 0.10625
0 0.49609375 0.3 0.04375 0.1328125
0 0.67109375 0.29609375 0.04296875 0.09140625
0 0.5265625 0.0546875 0.0140625 0.02578125
0 0.43359375 0.47578125 0.0671875 0.07734375
0 0.4296875 0.3765625 0.07265625 0.034375
1 0.5890625 0.671875 0.15234375 0.496875
0 0.5359375 0.42890625 0.0484375 0.12578125
0 0.39453125 0.5375 0.0359375 0.053125
0 0.3859375 0.709375 0.02109375 0.04296875
0 0.29375 0.40078125 0.03671875 0.0796875
0 0.35234375 0.97890625 0.02578125 0.04140625
0 0.26953125 0.9359375 0.1015625 0.128125
0 0.31171875 0.28671875 0.0125 0.0265625
0 0.259375 0.278125 0.01484375 0.0234375
0 0.246875 0.3453125 0.01484375 0.01328125
0 0.228125 0.290625 0.009375 0.01953125
0 0.27421875 0.07890625 0.0109375 0.02265625
0 0.2453125 0.80234375 0.01875 0.0296875
0 0.2453125 0.67734375 0.01171875 0.025
0 0.74765625 0.9578125 0.0609375 0.084375
0 0.66484375 0.01015625 0.01328125 0.015625
0 0.2921875 0.053125 0.0109375 0.0171875
0 0.68984375 0.73828125 0.025 0.04609375