0 0.4828125 0.39453125 0.059375 0.1265625
0 0.45546875 0.5765625 0.08125 0.11328125
0 0.76015625 0.940625 0.053125 0.10234375
0 0.43203125 0.38046875 0.046875 0.1421875
0 0.44609375 0.14453125 0.053125 0.084375
0 0.390625 0.490625 0.090625 0.08359375
0 0.2625 0.2109375 0.06640625 0.0640625
0 0.85390625 0.4796875 0.03203125 0.0890625
0 0.9421875 0.6875 0.028125 0.0484375
0 0.04765625 0.84921875 0.0421875 0.0546875
0 0.1015625 0.31171875 0.05078125 0.090625
0 0.3859375 0.81015625 0.05859375 0.08828125
0 0.83125 0.2015625 0.2578125 0.40234375
0 0.93125 0.25703125 0.046875 0.10859375
0 0.91015625 0.4171875 0.03046875 0.07578125
0 0.76875 0.24140625 0.028125 0.04609375
0 0.13125 0.6703125 0.03984375 0.08515625
0 0.09140625 0.67734375 0.028125 0.09296875
0 0.82265625 0.82734375 0.02421875 0.06328125
0 0.27421875 0.46796875 0.021875 0.0859375
0 0.09140625 0.115625 0.05390625 0.08828125
0 0.5203125 0.3109375 0.03125 0.0734375
3 0.59375 0.66171875 0.290625 0.2671875
0 0.61796875 0.296875 0.03046875 0.04453125
0 0.2703125 0.853125 0.03046875 0.06328125
