0 0.43046875 0.378125 0.01875 0.128125
0 0.4828125 0.384375 0.0609375 0.12109375
0 0.4578125 0.57578125 0.0765625 0.11484375
0 0.390625 0.4953125 0.090625 0.08203125
0 0.26640625 0.20859375 0.0609375 0.06015625
0 0.078125 0.1375 0.02578125 0.04453125
0 0.10234375 0.1125 0.028125 0.05859375
0 0.08046875 0.09296875 0.01328125 0.03828125
0 0.09375 0.67265625 0.02734375 0.0828125
0 0.13203125 0.65390625 0.03828125 0.053125
0 0.05 0.8453125 0.04375 0.0359375
0 0.26875 0.8515625 0.0265625 0.04765625
0 0.3859375 0.80703125 0.04921875 0.0734375
1 0.59609375 0.659375 0.27734375 0.26640625
0 0.5203125 0.31328125 0.0296875 0.0625
0 0.44609375 0.13125 0.0421875 0.05625
0 0.6171875 0.296875 0.02421875 0.04609375
0 0.8359375 0.20078125 0.2484375 0.38046875
0 0.7703125 0.2390625 0.025 0.04140625
0 0.93359375 0.25625 0.04453125 0.09609375
0 0.275 0.46015625 0.01875 0.0515625
0 0.034375 0.309375 0.02109375 0.03515625
0 0.12734375 0.51640625 0.01640625 0.028125
0 0.15078125 0.54609375 0.02578125 0.028125
0 0.3 0.58125 0.0171875 0.03125
0 0.75390625 0.39296875 0.028125 0.04375
0 0.94453125 0.684375 0.0265625 0.046875
0 0.75703125 0.93515625 0.04921875 0.10390625