0 0.49140625 0.3046875 0.053125 0.146875
0 0.671875 0.303125 0.04765625 0.0890625
0 0.2734375 0.925 0.1125 0.1421875
0 0.33828125 0.0875 0.03671875 0.1265625
0 0.440625 0.47421875 0.065625 0.0671875
0 0.434375 0.38203125 0.07421875 0.04140625
0 0.69921875 0.09375 0.028125 0.05234375
0 0.4796875 0.1046875 0.0359375 0.04140625
0 0.55234375 0.1484375 0.02421875 0.04921875
0 0.2953125 0.40625 0.03203125 0.09296875
0 0.39921875 0.5390625 0.03828125 0.06875
0 0.75 0.9484375 0.0546875 0.103125
0 0.3890625 0.71015625 0.02265625 0.05390625
0 0.359375 0.97734375 0.02734375 0.0453125
3 0.59453125 0.66328125 0.15703125 0.49296875
0 0.53984375 0.4296875 0.0546875 0.128125
0 0.38203125 0.1703125 0.02578125 0.06953125
0 0.44375 0.953125 0.025 0.05625
