0 0.7359375 0.07109375 0.13828125 0.14140625
0 0.64921875 0.02890625 0.03125 0.05
0 0.25625 0.0453125 0.06875 0.08984375
0 0.61640625 0.29296875 0.02890625 0.046875
0 0.5640625 0.5265625 0.06796875 0.07265625
0 0.4609375 0.56875 0.05625 0.1375
0 0.3296875 0.7046875 0.053125 0.10390625
0 0.503125 0.70390625 0.05078125 0.14296875
0 0.66484375 0.9203125 0.03671875 0.115625
0 0.7125 0.59140625 0.03515625 0.1109375
0 0.6078125 0.471875 0.0421875 0.07265625
0 0.31015625 0.9203125 0.0484375 0.06015625
0 0.45625 0.859375 0.025 0.03359375
0 0.4828125 0.9515625 0.03046875 0.025
0 0.53125 0.89609375 0.03671875 0.04296875
1 0.41640625 0.33984375 0.15078125 0.49765625