0 0.2390625 0.059375 0.04765625 0.10390625
0 0.0546875 0.31171875 0.03046875 0.03203125
1 0.40703125 0.3390625 0.27578125 0.27421875
0 0.54296875 0.43515625 0.07578125 0.08828125
0 0.571875 0.62265625 0.02578125 0.13828125
0 0.6109375 0.503125 0.07421875 0.08046875
0 0.4796875 0.6875 0.03359375 0.06875
0 0.51484375 0.6109375 0.0484375 0.11953125
0 0.6140625 0.19296875 0.0515625 0.08359375
0 0.73125 0.14609375 0.0234375 0.0453125
0 0.94921875 0.159375 0.03671875 0.02265625
0 0.16640625 0.8 0.24921875 0.4
0 0.23125 0.75859375 0.0265625 0.040625
0 0.38046875 0.7 0.0265625 0.04296875
0 0.553125 0.86640625 0.053125 0.06484375
0 0.73203125 0.79296875 0.07109375 0.0625
0 0.86953125 0.3453125 0.04140625 0.0609375
0 0.9078125 0.325 0.0296875 0.08046875
0 0.89609375 0.6875 0.0546875 0.084375
0 0.9640625 0.6875 0.0171875 0.03125
0 0.84609375 0.96875 0.015625 0.02890625
0 0.89609375 0.8859375 0.0296875 0.05859375
0 0.92109375 0.859375 0.02109375 0.0375
0 0.70078125 0.415625 0.02109375 0.03046875
0 0.72421875 0.5359375 0.015625 0.053125
0 0.853125 0.45078125 0.0203125 0.03046875
0 0.8734375 0.4828125 0.01484375 0.02890625
0 0.14609375 0.51875 0.03828125 0.06015625
0 0.5890625 0.959375 0.01640625 0.04375
0 0.61640625 0.98515625 0.01640625 0.02578125
0 0.89765625 0.05 0.02109375 0.02109375
0 0.984375 0.43203125 0.01484375 0.03515625
0 0.75 0.45078125 0.01796875 0.03515625
0 0.82265625 0.9859375 0.0125 0.02734375
0 0.73359375 0.903125 0.01953125 0.0234375
0 0.8890625 0.80390625 0.01875 0.02421875