0 0.7609375 0.059375 0.04765625 0.10390625
0 0.9453125 0.31171875 0.03046875 0.03203125
1 0.59296875 0.3390625 0.27578125 0.27421875
0 0.45703125 0.43515625 0.07578125 0.08828125
0 0.428125 0.62265625 0.02578125 0.13828125
0 0.3890625 0.503125 0.07421875 0.08046875
0 0.5203125 0.6875 0.03359375 0.06875
0 0.48515625 0.6109375 0.0484375 0.11953125
0 0.3859375 0.19296875 0.0515625 0.08359375
0 0.26875 0.14609375 0.0234375 0.0453125
0 0.05078125 0.159375 0.03671875 0.02265625
0 0.83359375 0.8 0.24921875 0.4
0 0.76875 0.75859375 0.0265625 0.040625
0 0.61953125 0.7 0.0265625 0.04296875
0 0.446875 0.86640625 0.053125 0.06484375
0 0.26796875 0.79296875 0.07109375 0.0625
0 0.13046875 0.3453125 0.04140625 0.0609375
0 0.0921875 0.325 0.0296875 0.08046875
0 0.10390625 0.6875 0.0546875 0.084375
0 0.0359375 0.6875 0.0171875 0.03125
0 0.15390625 0.96875 0.015625 0.02890625
0 0.10390625 0.8859375 0.0296875 0.05859375
0 0.07890625 0.859375 0.02109375 0.0375
0 0.29921875 0.415625 0.02109375 0.03046875
0 0.27578125 0.5359375 0.015625 0.053125
0 0.146875 0.45078125 0.0203125 0.03046875
0 0.1265625 0.4828125 0.01484375 0.02890625
0 0.85390625 0.51875 0.03828125 0.06015625
0 0.4109375 0.959375 0.01640625 0.04375
0 0.38359375 0.98515625 0.01640625 0.02578125
0 0.10234375 0.05 0.02109375 0.02109375
0 0.015625 0.43203125 0.01484375 0.03515625
0 0.25 0.45078125 0.01796875 0.03515625
0 0.17734375 0.9859375 0.0125 0.02734375
0 0.26640625 0.903125 0.01953125 0.0234375
0 0.1109375 0.80390625 0.01875 0.02421875