3 0.4925 0.8398576515625 0.4995 0.8380782921875 0.5095 0.809608540625 0.545 0.8051601421875001 0.5425 0.795373665625 0.5075000000000001 0.7935943062499999 0.49450000000000005 0.7419928828125 0.484 0.769572953125 0.485 0.7820284703125 0.4795 0.797153025 0.445 0.7962633453125 0.4445 0.80782918125 0.47850000000000004 0.8060498218750001 0.48200000000000004 0.82651245625 0.4925 0.8398576515625
0 0.371 0.32117437656250003 0.38849999999999996 0.35587188593749997 0.395 0.35498220625 0.4 0.34074733125 0.391 0.3158362984375 0.3755 0.3113879 0.371 0.32117437656250003
0 0.41950000000000004 0.27402135156249996 0.4145 0.27402135156249996 0.41200000000000003 0.2855871890625 0.418 0.3069395015625 0.41600000000000004 0.33362989375 0.42800000000000005 0.338967971875 0.43200000000000005 0.330071175 0.43099999999999994 0.3016014234375 0.42300000000000004 0.2927046265625 0.41950000000000004 0.27402135156249996
0 0.4875 0.3309608546875 0.48600000000000004 0.338967971875 0.491 0.356761565625 0.487 0.37099644062500003 0.49349999999999994 0.382562278125 0.508 0.3887900359375 0.51 0.3781138796875 0.505 0.36209964375000003 0.49400000000000005 0.33540925312500003 0.4875 0.3309608546875
0 0.5375 0.403914590625 0.554 0.40302491093750004 0.562 0.3870106765625 0.5585 0.3772242 0.536 0.3905693953125 0.5375 0.403914590625
0 0.517 0.32651245625 0.5265 0.3487544484375 0.5309999999999999 0.34786476875 0.536 0.33540925312500003 0.5265 0.3113879 0.5215 0.313167259375 0.517 0.32651245625
0 0.506 0.2713523125 0.513 0.2713523125 0.512 0.22508896875 0.5105000000000001 0.21886120937500003 0.5045 0.21886120937500003 0.506 0.2713523125
0 0.52 0.264234875 0.517 0.2802491109375 0.5309999999999999 0.2838078296875 0.5405 0.28113879062499997 0.5429999999999999 0.266014234375 0.5275000000000001 0.2544483984375 0.52 0.264234875
0 0.379 0.258896796875 0.376 0.273131671875 0.383 0.273131671875 0.394 0.258896796875 0.3755 0.24021352343750002 0.372 0.248220640625 0.379 0.258896796875
0 0.3305 0.24911032031250002 0.325 0.255338078125 0.323 0.27491103125 0.32999999999999996 0.2766903921875 0.3335 0.26512455468749996 0.34199999999999997 0.26067615625 0.34049999999999997 0.2544483984375 0.3305 0.24911032031250002
0 0.33199999999999996 0.233985765625 0.3335 0.21708185000000002 0.318 0.2197508890625 0.3205 0.23309608593750003 0.33199999999999996 0.233985765625
0 0.11850000000000001 0.4501779359375 0.134 0.45284697500000004 0.13999999999999999 0.44217081875 0.1365 0.42348754375000003 0.11200000000000002 0.4314946625 0.11850000000000001 0.4501779359375
0 0.14250000000000002 0.2597864765625 0.146 0.258896796875 0.147 0.233985765625 0.1365 0.215302490625 0.137 0.244661921875 0.14250000000000002 0.2597864765625
0 0.046 0.153914590625 0.052500000000000005 0.1637010671875 0.057999999999999996 0.1628113875 0.061 0.14501779374999998 0.053500000000000006 0.1298932390625 0.0475 0.12811387968750002 0.046 0.153914590625
0 0.034804 0.11210676093750001 0.036586 0.125350534375 0.036481 0.13523665468749999 0.040150000000000005 0.13542170781250001 0.044344 0.12348398593750001 0.038997 0.1070693953125 0.035117999999999996 0.1081886125 0.034804 0.11210676093750001
0 0.019 0.258896796875 0.025500000000000002 0.2758007125 0.040999999999999995 0.2838078296875 0.046 0.273131671875 0.042499999999999996 0.2615658359375 0.0305 0.2508896796875 0.019 0.258896796875
0 0.02 0.3087188609375 0.02 0.331850534375 0.024 0.3514234875 0.033 0.360320284375 0.041999999999999996 0.349644128125 0.031 0.3087188609375 0.0235 0.3042704625 0.02 0.3087188609375
0 0.08299999999999999 0.2161921703125 0.092 0.2215302484375 0.11000000000000001 0.2108540921875 0.1055 0.183274021875 0.08199999999999999 0.1930604984375 0.08299999999999999 0.2161921703125
0 0.0875 0.18505338124999998 0.095 0.1859430609375 0.099 0.17348754375 0.0865 0.15302491093749998 0.08299999999999999 0.17348754375 0.0875 0.18505338124999998
0 0.125 0.12188612031249998 0.123 0.10409252656250001 0.11850000000000001 0.1014234875 0.118 0.11832740156249999 0.125 0.12188612031249998
0 0.136 0.0951957296875 0.135 0.11298932343750001 0.141 0.11298932343750001 0.152 0.09697508906249999 0.1505 0.085409253125 0.1395 0.0871886125 0.136 0.0951957296875
0 0.143 0.168149465625 0.14550000000000002 0.17615658437499998 0.16599999999999998 0.1770462640625 0.17099999999999999 0.169928825 0.1665 0.16192170781249998 0.14850000000000002 0.16192170781249998 0.143 0.168149465625
0 0.16699999999999998 0.15925266875 0.1785 0.18505338124999998 0.182 0.1841637015625 0.186 0.1752669046875 0.182 0.15747330937499998 0.1685 0.14056939531249998 0.16699999999999998 0.15925266875
0 0.1985 0.1743772234375 0.205 0.17348754375 0.20400000000000001 0.146797153125 0.1995 0.1423487546875 0.194 0.1628113875 0.1985 0.1743772234375
0 0.2085 0.1316725984375 0.213 0.13078291875 0.21400000000000002 0.12010676093749999 0.1945 0.096085409375 0.198 0.11298932343750001 0.2085 0.1316725984375
0 0.22000000000000003 0.11654804218749999 0.223 0.08807829218749999 0.2125 0.085409253125 0.211 0.10943060468750002 0.22000000000000003 0.11654804218749999
0 0.26 0.0809608546875 0.264 0.0845195734375 0.273 0.07384341562499999 0.27149999999999996 0.0658362984375 0.261 0.07384341562499999 0.26 0.0809608546875
0 0.22999999999999998 0.12188612031249998 0.238 0.13078291875 0.256 0.11298932343750001 0.2535 0.099644128125 0.236 0.0987544484375 0.22999999999999998 0.12188612031249998
0 0.292 0.23932384375 0.296 0.2286476875 0.28650000000000003 0.21174377187500001 0.281 0.2233096078125 0.292 0.23932384375
0 0.248 0.258896796875 0.253 0.258896796875 0.268 0.255338078125 0.2615 0.23309608593750003 0.24900000000000003 0.233985765625 0.248 0.258896796875
0 0.269 0.22508896875 0.274 0.2161921703125 0.2665 0.20996441250000003 0.263 0.2233096078125 0.269 0.22508896875
0 0.302 0.1272242 0.305 0.14857651249999998 0.296 0.1752669046875 0.303 0.1770462640625 0.313 0.161032028125 0.318 0.141459075 0.3145 0.1298932390625 0.302 0.1272242
0 0.2905 0.11921708125 0.28900000000000003 0.13078291875 0.296 0.141459075 0.2905 0.11921708125
0 0.3935 0.099644128125 0.3815 0.11743772187499998 0.35950000000000004 0.11209964375 0.348 0.11654804218749999 0.3505 0.1370106765625 0.3605 0.14056939531249998 0.3695 0.1601423484375 0.385 0.16637010624999998 0.391 0.1628113875 0.393 0.14857651249999998 0.40599999999999997 0.12010676093749999 0.3935 0.099644128125
0 0.391 0.1823843421875 0.39649999999999996 0.197508896875 0.40099999999999997 0.19839857656249998 0.40700000000000003 0.1877224203125 0.3995 0.1690391453125 0.3955 0.1690391453125 0.391 0.1823843421875
0 0.34550000000000003 0.19395017812499998 0.359 0.1966192171875 0.364 0.1912811390625 0.36150000000000004 0.17615658437499998 0.34500000000000003 0.1788256234375 0.34550000000000003 0.19395017812499998
0 0.315 0.2144128109375 0.314 0.1966192171875 0.3065 0.19217081875 0.306 0.2090747328125 0.315 0.2144128109375
0 0.28900000000000003 0.19839857656249998 0.28650000000000003 0.186832740625 0.281 0.1877224203125 0.28450000000000003 0.19928825625 0.28900000000000003 0.19839857656249998
0 0.27799999999999997 0.13967971562499998 0.282 0.15925266875 0.28700000000000003 0.15925266875 0.29100000000000004 0.146797153125 0.26749999999999996 0.11565836249999999 0.266 0.12010676093749999 0.27799999999999997 0.13967971562499998
0 0.2545 0.1565836296875 0.2485 0.1459074734375 0.2435 0.1512455515625 0.23900000000000002 0.161032028125 0.23900000000000002 0.1823843421875 0.252 0.2019572953125 0.2615 0.17793594375 0.2705 0.17793594375 0.277 0.161032028125 0.2545 0.1565836296875
0 0.23399999999999999 0.2161921703125 0.23500000000000001 0.2037366546875 0.2285 0.19928825625 0.22799999999999998 0.2090747328125 0.23399999999999999 0.2161921703125
0 0.217 0.153914590625 0.225 0.161032028125 0.22799999999999998 0.15925266875 0.227 0.14857651249999998 0.21749999999999997 0.1459074734375 0.217 0.153914590625
0 0.21200000000000002 0.047153025 0.21200000000000002 0.061387899999999995 0.219 0.06316725937499999 0.233 0.045373665625 0.2325 0.0355871890625 0.21949999999999997 0.0355871890625 0.21200000000000002 0.047153025
0 0.333 0.040035587500000004 0.3365 0.05871886093749999 0.354 0.061387899999999995 0.36 0.05782918124999999 0.36 0.048932384375 0.35150000000000003 0.039145907812500005 0.333 0.040035587500000004
0 0.24300000000000002 0.05782918124999999 0.23900000000000002 0.07206405625 0.252 0.0827402140625 0.25 0.054270462500000005 0.2395 0.039145907812500005 0.238 0.047153025 0.24300000000000002 0.05782918124999999
0 0.10800000000000001 0.31227757968750003 0.1145 0.32206405625 0.12 0.32117437656250003 0.125 0.3158362984375 0.124 0.2998220640625 0.1045 0.284697509375 0.10800000000000001 0.31227757968750003
0 0.1605 0.2722419921875 0.158 0.2820284703125 0.158 0.2927046265625 0.16299999999999998 0.2962633453125 0.173 0.2873665484375 0.173 0.2802491109375 0.1655 0.2722419921875 0.1605 0.2722419921875
0 0.20099999999999998 0.2766903921875 0.20400000000000001 0.262455515625 0.1965 0.25622775781249996 0.197 0.273131671875 0.20099999999999998 0.2766903921875
0 0.183 0.262455515625 0.186 0.251779359375 0.1815 0.2473309609375 0.178 0.258896796875 0.183 0.262455515625
0 0.1625 0.24199288281250003 0.151 0.25 0.16 0.25355871875 0.1625 0.24199288281250003
0 0.1765 0.197508896875 0.1555 0.20106761562500003 0.157 0.226868328125 0.16399999999999998 0.23220640625 0.1755 0.21886120937500003 0.1865 0.22241992812500003 0.187 0.20729537343749999 0.1765 0.197508896875
0 0.125 0.2019572953125 0.133 0.2090747328125 0.13899999999999998 0.2037366546875 0.13899999999999998 0.1966192171875 0.1255 0.1672597859375 0.125 0.2019572953125
0 0.043 0.255338078125 0.052000000000000005 0.266014234375 0.057999999999999996 0.251779359375 0.0455 0.22775800781250002 0.040999999999999995 0.237544484375 0.043 0.255338078125
0 0.399 0.43505338125000004 0.40700000000000003 0.46352313125 0.414 0.46352313125 0.42000000000000004 0.45284697500000004 0.413 0.4243772234375 0.4035 0.42348754375000003 0.399 0.43505338125000004
0 0.39849999999999997 0.403914590625 0.3775 0.39501779375 0.377 0.3834519578125 0.3665 0.375444840625 0.354 0.38523131718750003 0.35550000000000004 0.4128113875 0.3655 0.407473309375 0.3795 0.41992882500000006 0.3845 0.4359430609375 0.389 0.43505338125000004 0.39249999999999996 0.421708184375 0.39649999999999996 0.4270462640625 0.40199999999999997 0.4225978640625 0.39849999999999997 0.403914590625
0 0.34550000000000003 0.3505338078125 0.341 0.36921708125 0.346 0.37099644062500003 0.35550000000000004 0.3629893234375 0.3635 0.36476868281249997 0.363 0.35320284687500003 0.34550000000000003 0.3505338078125
0 0.34249999999999997 0.313167259375 0.33399999999999996 0.328291815625 0.329 0.356761565625 0.33799999999999997 0.358540925 0.34700000000000003 0.342526690625 0.346 0.328291815625 0.3505 0.31494661874999996 0.34249999999999997 0.313167259375
0 0.4345 0.45551601406250003 0.434 0.4813167265625 0.43949999999999995 0.476868328125 0.4445 0.48220640625 0.44699999999999995 0.4884341640625 0.442 0.49733096093749996 0.44800000000000006 0.5062277578125001 0.45899999999999996 0.4955516015625 0.45499999999999996 0.4759786484375 0.43949999999999995 0.4537366546875 0.4345 0.45551601406250003
0 0.4085 0.48398576562500006 0.40499999999999997 0.5062277578125001 0.4125 0.523131671875 0.41900000000000004 0.5222419921875 0.422 0.5097864765625 0.41600000000000004 0.49733096093749996 0.417 0.4830960859375 0.4085 0.48398576562500006
0 0.5495 0.5533807828125 0.5549999999999999 0.552491103125 0.5549999999999999 0.5169039140625 0.5495 0.5124555156249999 0.546 0.5382562281250001 0.5495 0.5533807828125
0 0.4875 0.4572953734375 0.4665 0.45907473281250005 0.465 0.4830960859375 0.476 0.4866548046875 0.48650000000000004 0.4715302484375 0.499 0.46530249062499995 0.48949999999999994 0.46619217031250004 0.4875 0.4572953734375
0 0.4915 0.505338078125 0.497 0.5044483984375 0.499 0.4955516015625 0.49050000000000005 0.4786476875 0.488 0.4955516015625 0.4915 0.505338078125
0 0.5035000000000001 0.52491103125 0.49400000000000005 0.531138790625 0.504 0.534697509375 0.5035000000000001 0.52491103125
0 0.4965 0.5516014234375 0.495 0.559608540625 0.5 0.5613878999999999 0.4965 0.5516014234375
0 0.453 0.57206405625 0.454 0.563167259375 0.44749999999999995 0.5533807828125 0.446 0.57206405625 0.453 0.57206405625
0 0.23700000000000002 0.468861209375 0.23500000000000001 0.4830960859375 0.24 0.48487544531250004 0.24300000000000002 0.46708185 0.238 0.44750889687499995 0.23349999999999999 0.4448398578125 0.23700000000000002 0.468861209375
0 0.315 0.3994661921875 0.3055 0.403914590625 0.3025 0.39501779375 0.2805 0.3985765125 0.27799999999999997 0.4243772234375 0.29 0.42793594375 0.2955 0.41459074687499997 0.3045 0.40569395 0.3145 0.40569395 0.315 0.3994661921875
0 0.26549999999999996 0.3843416375 0.2725 0.393238434375 0.284 0.39412811406250003 0.2785 0.37366547968749997 0.26949999999999996 0.3629893234375 0.263 0.363879003125 0.26549999999999996 0.3843416375
0 0.24300000000000002 0.40302491093750004 0.2455 0.411032028125 0.2545 0.411032028125 0.2565 0.41992882500000006 0.266 0.42081850468750004 0.2665 0.386120996875 0.2575 0.386120996875 0.2545 0.39501779375 0.24300000000000002 0.40302491093750004
0 0.21949999999999997 0.34697508906249996 0.215 0.3798932390625 0.221 0.38523131718750003 0.2305 0.37366547968749997 0.2435 0.3772242 0.24700000000000003 0.3514234875 0.21949999999999997 0.34697508906249996
0 0.257 0.356761565625 0.259 0.34786476875 0.2545 0.3398576515625 0.25 0.35320284687500003 0.257 0.356761565625
0 0.211 0.3158362984375 0.21800000000000003 0.3158362984375 0.22999999999999998 0.3033807828125 0.22749999999999998 0.28647686875 0.213 0.2944839859375 0.211 0.3158362984375
0 0.178 0.3104982203125 0.1905 0.320284696875 0.188 0.33540925312500003 0.193 0.33540925312500003 0.2 0.3229537359375 0.202 0.3051601421875 0.1795 0.29893238437499997 0.178 0.3104982203125
0 0.199 0.36921708125 0.17099999999999999 0.4119217078125 0.175 0.4137010671875 0.2015 0.382562278125 0.213 0.35320284687500003 0.20049999999999998 0.3416370109375 0.199 0.36921708125
0 0.14450000000000002 0.3772242 0.159 0.38523131718750003 0.16399999999999998 0.3727758 0.1605 0.3594306046875 0.142 0.3656583625 0.14450000000000002 0.3772242
0 0.132 0.38523131718750003 0.137 0.37099644062500003 0.1255 0.3629893234375 0.121 0.3798932390625 0.132 0.38523131718750003
0 0.071 0.40124555156249997 0.06999999999999999 0.4137010671875 0.077 0.4172597859375 0.088 0.40836298906249996 0.08549999999999999 0.39679715312499997 0.0755 0.39501779375 0.071 0.40124555156249997
0 0.0125 0.411032028125 0.019 0.4457295375 0.028999999999999998 0.461743771875 0.034 0.45818505312499996 0.033 0.44750889687499995 0.019 0.41548042656249995 0.0125 0.411032028125
0 0 0.5258007124999999 0.0045 0.5338078296875 0.013500000000000002 0.523131671875 0.03 0.53291815 0.032 0.5222419921875 0.026500000000000003 0.5071174375 0 0.5044483984375 0 0.5258007124999999
0 0.0905 0.47330960781250003 0.091 0.5062277578125001 0.0995 0.5266903921874999 0.10300000000000001 0.5258007124999999 0.10800000000000001 0.5151245546875 0.101 0.4991103203125 0.099 0.4741992875 0.0905 0.47330960781250003
0 0.1585 0.5320284703125 0.16399999999999998 0.531138790625 0.15 0.49733096093749996 0.14550000000000002 0.49644128125 0.154 0.5240213515625001 0.1585 0.5320284703125
0 0.209 0.534697509375 0.21000000000000002 0.5151245546875 0.2045 0.5071174375 0.205 0.531138790625 0.209 0.534697509375
0 0.248 0.5169039140625 0.252 0.5169039140625 0.256 0.5062277578125001 0.2545 0.49644128125 0.248 0.5026690390625 0.248 0.5169039140625
0 0.2545 0.5640569390625 0.2475 0.5693950171875 0.2355 0.5569395015625 0.225 0.5809608546875 0.233 0.5898576515625 0.2465 0.5800711749999999 0.2565 0.58362989375 0.259 0.5685053375 0.2545 0.5640569390625
0 0.188 0.05071174375 0.17250000000000001 0.0480427046875 0.1685 0.0338078296875 0.145 0.04359430625 0.145 0.05249110312500001 0.1565 0.0711743765625 0.16299999999999998 0.070284696875 0.1685 0.05871886093749999 0.17250000000000001 0.0676156578125 0.1865 0.06939501718749999 0.188 0.05071174375
0 0.0125 0.0729537359375 0.008 0.0791814953125 0.008 0.10587188593750001 0.014000000000000002 0.10943060468750002 0.0245 0.103202846875 0.028000000000000004 0.0916370109375 0.0235 0.08007117500000001 0.0125 0.0729537359375
0 0.020499999999999997 0.053380782812500006 0.026000000000000002 0.05249110312500001 0.031 0.045373665625 0.027500000000000004 0.0320284703125 0.018 0.04359430625 0.020499999999999997 0.053380782812500006
0 0.063 0.07206405625 0.06899999999999999 0.0774021359375 0.0785 0.0729537359375 0.079 0.06494661874999999 0.0635 0.060498220312499996 0.063 0.07206405625
0 0.078 0.10053380781250001 0.079 0.0916370109375 0.0735 0.09074733125 0.073 0.10053380781250001 0.078 0.10053380781250001
0 0.096 0.141459075 0.1 0.136120996875 0.0975 0.1298932390625 0.093 0.13256227812500002 0.096 0.141459075
0 0.145 0.0151245546875 0.154 0.018683273437500002 0.16499999999999998 0.011565835937500001 0.1635 0 0.146 0.0008896796875 0.145 0.0151245546875
0 0.264 0.027580071875 0.269 0.0222419921875 0.2665 0.012455515625 0.261 0.0204626328125 0.264 0.027580071875
0 0.292 0.031138790625000003 0.303 0.041814946874999995 0.307 0.03647686875 0.305 0.0258007125 0.2935 0.01779359375 0.292 0.031138790625000003
0 0.3445 0.0355871890625 0.34900000000000003 0.034697509375000005 0.34500000000000003 0.011565835937500001 0.3395 0.01067615625 0.33799999999999997 0.0222419921875 0.3445 0.0355871890625
0 0.418 0.027580071875 0.40049999999999997 0.023131671875000002 0.398 0.038256228125 0.38849999999999996 0.0480427046875 0.36150000000000004 0.0213523125 0.359 0.038256228125 0.369 0.056049821875 0.367 0.07562277656250001 0.397 0.0951957296875 0.41 0.0774021359375 0.40499999999999997 0.056049821875 0.41500000000000004 0.04359430625 0.418 0.027580071875
0 0.4575 0.014234875 0.442 0.03291815 0.44349999999999995 0.046263345312499995 0.454 0.05071174375 0.45199999999999996 0.070284696875 0.45599999999999996 0.07562277656250001 0.47800000000000004 0.056049821875 0.47300000000000003 0.02935943125 0.46449999999999997 0.014234875 0.4575 0.014234875
0 0.47350000000000003 0.0658362984375 0.47000000000000003 0.0845195734375 0.477 0.08629893281249999 0.47350000000000003 0.0658362984375
0 0.48600000000000004 0.0685053375 0.49050000000000005 0.08362989374999999 0.499 0.0827402140625 0.51 0.070284696875 0.5025000000000001 0.0516014234375 0.4915 0.055160142187500004 0.48600000000000004 0.0685053375
0 0.553 0.0258007125 0.553 0.0151245546875 0.5455 0.001779359375 0.5405 0.001779359375 0.5335 0.016014234375 0.505 0.0222419921875 0.5065000000000001 0.0373665484375 0.5145 0.0355871890625 0.5195000000000001 0.0498220640625 0.5295 0.0498220640625 0.53 0.06494661874999999 0.5349999999999999 0.07206405625 0.5525 0.0658362984375 0.5559999999999999 0.056049821875 0.5389999999999999 0.03647686875 0.553 0.0258007125
0 0.5325 0.08007117500000001 0.524 0.0934163703125 0.525 0.1076512453125 0.5309999999999999 0.11298932343750001 0.54 0.10409252656250001 0.542 0.0845195734375 0.5385 0.08007117500000001 0.5325 0.08007117500000001
0 0.5509999999999999 0.10943060468750002 0.5519999999999999 0.1272242 0.562 0.13256227812500002 0.5660000000000001 0.1236654796875 0.5660000000000001 0.0987544484375 0.5555 0.096085409375 0.5509999999999999 0.10943060468750002
0 0.541 0.14857651249999998 0.55 0.15569395 0.5605 0.1548042703125 0.562 0.13790035625 0.5425 0.1370106765625 0.541 0.14857651249999998
0 0.5305 0.1690391453125 0.529 0.1930604984375 0.5349999999999999 0.1948398578125 0.5535 0.19217081875 0.561 0.1788256234375 0.5515 0.1601423484375 0.5305 0.1690391453125
0 0.492 0.153914590625 0.497 0.15569395 0.511 0.1343416375 0.49850000000000005 0.12811387968750002 0.492 0.143238434375 0.492 0.153914590625
0 0.46299999999999997 0.12900355937500002 0.4655 0.1387900359375 0.48 0.13790035625 0.48600000000000004 0.1343416375 0.4835 0.12455515937499999 0.46950000000000003 0.12099644062499999 0.46299999999999997 0.12900355937500002
0 0.46799999999999997 0.161032028125 0.471 0.150355871875 0.46349999999999997 0.1476868328125 0.462 0.15925266875 0.46799999999999997 0.161032028125
0 0.47450000000000003 0.1690391453125 0.46749999999999997 0.17081850468749998 0.46900000000000003 0.1966192171875 0.481 0.2037366546875 0.49450000000000005 0.1957295375 0.496 0.1877224203125 0.4845 0.1886121 0.47450000000000003 0.1690391453125
0 0.45999999999999996 0.2001779359375 0.461 0.1770462640625 0.4575 0.1725978640625 0.453 0.18950177968749998 0.45999999999999996 0.2001779359375
0 0.441 0.1752669046875 0.446 0.1770462640625 0.454 0.169928825 0.45149999999999996 0.1565836296875 0.442 0.164590746875 0.441 0.1752669046875
0 0.438 0.1628113875 0.44000000000000006 0.146797153125 0.4325 0.14056939531249998 0.433 0.161032028125 0.438 0.1628113875
0 0.40599999999999997 0.161032028125 0.4125 0.16192170781249998 0.418 0.17348754375 0.422 0.169928825 0.421 0.15747330937499998 0.4125 0.1423487546875 0.40599999999999997 0.161032028125
0 0.42400000000000004 0.1966192171875 0.41950000000000004 0.17615658437499998 0.41 0.1823843421875 0.4145 0.197508896875 0.42400000000000004 0.1966192171875
0 0.426 0.2802491109375 0.4265 0.28825622812499996 0.4415 0.28825622812499996 0.445 0.2944839859375 0.44400000000000006 0.3140569390625 0.44800000000000006 0.3176156578125 0.45099999999999996 0.3158362984375 0.45149999999999996 0.277580071875 0.43150000000000005 0.27402135156249996 0.426 0.2802491109375
0 0.477 0.3176156578125 0.47850000000000004 0.30782918125 0.46699999999999997 0.3069395015625 0.46749999999999997 0.31494661874999996 0.477 0.3176156578125
0 0.5045 0.34697508906249996 0.51 0.346085409375 0.517 0.33540925312500003 0.5055 0.32384341562499996 0.5 0.338967971875 0.5045 0.34697508906249996
0 0.44299999999999995 0.2019572953125 0.44000000000000006 0.23932384375 0.441 0.255338078125 0.44699999999999995 0.2571174375 0.45099999999999996 0.2233096078125 0.45099999999999996 0.2055160140625 0.44749999999999995 0.19928825625 0.44299999999999995 0.2019572953125
0 0.389 0.2215302484375 0.389 0.2126334515625 0.3855 0.21174377187500001 0.385 0.2215302484375 0.389 0.2215302484375
0 0.3295 0.10854092500000001 0.33999999999999997 0.1076512453125 0.344 0.0916370109375 0.3395 0.085409253125 0.325 0.09697508906249999 0.3295 0.10854092500000001
0 0.3095 0.088967971875 0.317 0.08807829218749999 0.32799999999999996 0.0774021359375 0.3265 0.0658362984375 0.306 0.0774021359375 0.3095 0.088967971875
0 0.2435 0.008896796875 0.23900000000000002 0.013345195312499999 0.24500000000000002 0.018683273437500002 0.2435 0.008896796875
0 0.587 0.3834519578125 0.5940000000000001 0.38523131718750003 0.593 0.3656583625 0.5865 0.3629893234375 0.584 0.3727758 0.587 0.3834519578125
0 0.6075 0.316725978125 0.593 0.33540925312500003 0.618 0.358540925 0.616 0.34074733125 0.62 0.32651245625 0.6165 0.3185053375 0.6075 0.316725978125
0 0.6165 0.2615658359375 0.6075 0.2704626328125 0.6005 0.24911032031250002 0.5915 0.2722419921875 0.5735 0.2722419921875 0.5690000000000001 0.2838078296875 0.5735 0.295373665625 0.5905 0.28113879062499997 0.612 0.2980427046875 0.6184999999999999 0.284697509375 0.63 0.2766903921875 0.6285000000000001 0.2615658359375 0.6165 0.2615658359375
0 0.593 0.22508896875 0.599 0.235765125 0.606 0.2286476875 0.6005 0.21708185000000002 0.5955 0.21708185000000002 0.593 0.22508896875
0 0.5349999999999999 0.2286476875 0.5375 0.23487544531250001 0.5575 0.22775800781250002 0.5690000000000001 0.233985765625 0.5730000000000001 0.2286476875 0.5705 0.21708185000000002 0.5465 0.21174377187500001 0.5349999999999999 0.2286476875
0 0.571 0.258896796875 0.5695 0.24911032031250002 0.561 0.248220640625 0.5635 0.2597864765625 0.571 0.258896796875
0 0.526 0.251779359375 0.529 0.2055160140625 0.5245 0.202846975 0.518 0.251779359375 0.526 0.251779359375
0 0.5 0.258896796875 0.4955 0.24555160156250003 0.489 0.24644128125 0.4915 0.25800711718749997 0.5 0.258896796875
0 0.5845 0.17081850468749998 0.58 0.18950177968749998 0.601 0.2019572953125 0.605 0.18950177968749998 0.599 0.1823843421875 0.597 0.168149465625 0.5845 0.17081850468749998
0 0.657 0.1770462640625 0.663 0.168149465625 0.6525000000000001 0.1583629890625 0.651 0.1770462640625 0.657 0.1770462640625
0 0.627 0.10053380781250001 0.636 0.10587188593750001 0.638 0.0916370109375 0.6315000000000001 0.0747330953125 0.6275000000000001 0.0747330953125 0.627 0.10053380781250001
0 0.649 0.06494661874999999 0.649 0.041814946874999995 0.6435 0.0373665484375 0.641 0.05782918124999999 0.649 0.06494661874999999
0 0.560589 0.060971529687500005 0.572589 0.08232384375 0.571589 0.1143523125 0.588589 0.11791103124999999 0.590589 0.105455515625 0.573589 0.06275088906250001 0.5570890000000001 0.0387295375 0.560589 0.060971529687500005
0 0.499 0.6201067609375001 0.48150000000000004 0.608540925 0.476 0.6183274015625 0.48 0.646797153125 0.485 0.6485765125 0.48949999999999994 0.6387900359375001 0.4955 0.6423487546875 0.5 0.636120996875 0.499 0.6201067609375001
0 0.46749999999999997 0.702846975 0.46449999999999997 0.6886121000000001 0.4485 0.69217081875 0.445 0.6983985765625 0.44800000000000006 0.73220640625 0.461 0.7375444843750001 0.4665 0.72064056875 0.47750000000000004 0.718861209375 0.484 0.7037366546875 0.46749999999999997 0.702846975
0 0.525 0.65925266875 0.5345 0.6761565843749999 0.541 0.6752669046875 0.5429999999999999 0.65925266875 0.5345 0.6441281140624999 0.5295 0.6441281140624999 0.525 0.65925266875
0 0.5589999999999999 0.6770462640625 0.561 0.6521352312500001 0.5555 0.6494661921875 0.5519999999999999 0.6734875437500001 0.5589999999999999 0.6770462640625
0 0.603 0.6556939500000001 0.5965 0.6370106765625 0.5865 0.6387900359375001 0.5835 0.6316725984375 0.5745 0.6298932390624999 0.561 0.636120996875 0.5635 0.6601423484375 0.5820000000000001 0.664590746875 0.5875 0.6459074734375 0.5940000000000001 0.6485765125 0.5934999999999999 0.6619217078124999 0.603 0.6556939500000001
0 0.5415 0.6298932390624999 0.5549999999999999 0.629003559375 0.5559999999999999 0.6201067609375001 0.5495 0.613879003125 0.54 0.6201067609375001 0.5415 0.6298932390624999
0 0.6365000000000001 0.6298932390624999 0.633 0.641459075 0.635 0.664590746875 0.637 0.6788256234375 0.644 0.6841637015625001 0.65 0.671708184375 0.65 0.657473309375 0.657 0.6485765125 0.6365000000000001 0.6298932390624999
0 0.6405000000000001 0.5444839859374999 0.6245 0.5498220640625 0.6195 0.5427046265625 0.615 0.548932384375 0.621 0.5809608546875 0.627 0.5827402140625 0.6275000000000001 0.5658362984374999 0.6315000000000001 0.5729537359375 0.64 0.5685053375 0.6405000000000001 0.5444839859374999
0 0.608 0.5400355875 0.613 0.5435943062499999 0.628 0.5204626328125 0.6265 0.508896796875 0.606 0.5169039140625 0.608 0.5400355875
0 0.607 0.44039145937499996 0.612 0.41903914531249997 0.5974999999999999 0.41459074687499997 0.596 0.42793594375 0.607 0.44039145937499996
0 0.6115 0.41992882500000006 0.626 0.42081850468750004 0.628 0.4119217078125 0.6184999999999999 0.40213523125000006 0.607 0.4119217078125 0.6115 0.41992882500000006
0 0.576 0.769572953125 0.5825 0.7882562281250001 0.588 0.7873665484375 0.601 0.77491103125 0.5965 0.7580071171875 0.5805 0.7615658359374999 0.576 0.769572953125
0 0.592 0.7037366546875 0.597 0.7072953734375 0.601 0.7001779359375 0.5974999999999999 0.6886121000000001 0.592 0.6948398578125 0.592 0.7037366546875
0 0.587 0.7037366546875 0.588 0.6948398578125 0.5845 0.69217081875 0.5820000000000001 0.7001779359375 0.587 0.7037366546875
0 0.632 0.8122775796875 0.6315000000000001 0.777580071875 0.627 0.7838078296875 0.626 0.8069395015625 0.632 0.8122775796875
0 0.612 0.8229537359375 0.617 0.82651245625 0.6235 0.8256227765625 0.624 0.8158362984374999 0.6144999999999999 0.8042704625000001 0.612 0.8229537359375
0 0.627 0.8781138796875 0.63 0.8923487546875 0.634 0.8941281140624999 0.6365000000000001 0.879003559375 0.647 0.8798932390624999 0.6455 0.8576512453125 0.627 0.8781138796875
0 0.546 0.9154804265625 0.553 0.9225978640625 0.5650000000000001 0.9083629890625 0.5555 0.8843416375 0.5469999999999999 0.8923487546875 0.546 0.9154804265625
0 0.5245 0.88790035625 0.5389999999999999 0.8870106765625 0.5375 0.8665480421874999 0.5255 0.8647686828125 0.519 0.8727758 0.5245 0.88790035625
0 0.5615 0.8647686828125 0.5599999999999999 0.8870106765625 0.5655 0.8985765125 0.571 0.8976868328125001 0.575 0.8941281140624999 0.5740000000000001 0.8781138796875 0.5665 0.8647686828125 0.5615 0.8647686828125
0 0.591 0.8781138796875 0.597 0.8674377218749999 0.5894999999999999 0.8558718859375001 0.5860000000000001 0.874555159375 0.591 0.8781138796875
0 0.524 0.7001779359375 0.5269999999999999 0.7019572953125001 0.5345 0.69928825625 0.5349999999999999 0.6930604984375 0.5265 0.690391459375 0.524 0.7001779359375
0 0.3245 0.4323843421875 0.32599999999999996 0.44750889687499995 0.322 0.454626334375 0.32799999999999996 0.45996441250000003 0.34950000000000003 0.44128113906250005 0.35 0.426156584375 0.3345 0.4252669046875 0.3245 0.4323843421875
0 0.3305 0.48398576562500006 0.32599999999999996 0.4884341640625 0.333 0.4937722421875 0.3305 0.48398576562500006
0 0.34049999999999997 0.485765125 0.32799999999999996 0.4884341640625 0.341 0.49733096093749996 0.34049999999999997 0.485765125
0 0.34249999999999997 0.4928825625 0.348 0.49199288281250003 0.351 0.4884341640625 0.3485 0.48398576562500006 0.341 0.4813167265625 0.34249999999999997 0.4928825625
0 0.28900000000000003 0.46530249062499995 0.28700000000000003 0.44928825625 0.28250000000000003 0.44839857656250004 0.27999999999999997 0.454626334375 0.28900000000000003 0.46530249062499995
0 0.29100000000000004 0.4741992875 0.28650000000000003 0.47330960781250003 0.29100000000000004 0.4830960859375 0.29100000000000004 0.4741992875
0 0.649 0.9564056937500001 0.643 0.97064056875 0.65 0.9741992875 0.667 0.9564056937500001 0.6435 0.9288256234375 0.637 0.9386121 0.649 0.9564056937500001
0 0.47350000000000003 0.9039145906250001 0.4665 0.893238434375 0.46299999999999997 0.9012455515625 0.466 0.9137010671875 0.47850000000000004 0.9181494656250001 0.476 0.936832740625 0.488 0.9528469749999999 0.5025000000000001 0.9395017796875 0.503 0.92793594375 0.49050000000000005 0.9039145906250001 0.47350000000000003 0.9039145906250001
0 0.489 1 0.492 0.9973309609375001 0.4845 0.985765125 0.4755 0.9839857656250001 0.471 0.9902135234375 0.4715 1 0.489 1
0 0.425 0.9991103203125 0.4245 0.9839857656250001 0.41600000000000004 0.9884341640625 0.41950000000000004 1 0.425 0.9991103203125
0 0.356 0.8763345203125 0.365 0.8798932390624999 0.373 0.8727758 0.374 0.858540925 0.35750000000000004 0.8469750890625001 0.356 0.8763345203125
0 0.421 0.76779359375 0.421 0.75 0.4165 0.7455516015625 0.41500000000000004 0.7624555156249999 0.421 0.76779359375
0 0.42750000000000005 0.891459075 0.434 0.8905693953125 0.442 0.8834519578125001 0.4365 0.8683274015625001 0.426 0.8798932390624999 0.42750000000000005 0.891459075
0 0.5974999999999999 0.921708184375 0.5900000000000001 0.9225978640625 0.597 0.926156584375 0.5974999999999999 0.921708184375
0 0.722 0.951067615625 0.7335 0.9733096078125 0.738 0.972419928125 0.74 0.961743771875 0.734 0.93505338125 0.7255 0.9270462640625 0.722 0.951067615625
0 0.7745 0.9644128109375 0.7929999999999999 0.965302490625 0.8 0.94928825625 0.7955 0.9359430609375 0.771 0.9332740218750001 0.7745 0.9644128109375
0 0.758 0.9083629890625 0.7565000000000001 0.900355871875 0.743 0.8887900359375 0.7485 0.9039145906250001 0.758 0.9083629890625
0 0.8130000000000001 0.8549822062500001 0.7995 0.8558718859375001 0.7915 0.8487544484375 0.792 0.8674377218749999 0.784 0.8870106765625 0.7889999999999999 0.8905693953125 0.799 0.8834519578125001 0.7975 0.8718861203125 0.8125 0.8647686828125 0.8130000000000001 0.8549822062500001
0 0.7394999999999999 0.80782918125 0.754 0.8158362984374999 0.756 0.8087188609375 0.7515 0.797153025 0.738 0.7998220640625 0.7394999999999999 0.80782918125
0 0.7230000000000001 0.7944839859374999 0.731 0.7980427046874999 0.746 0.7802491109374999 0.7375 0.7740213515625001 0.7255 0.777580071875 0.7230000000000001 0.7944839859374999
0 0.661 0.545373665625 0.6625 0.5622775796874999 0.6705 0.5551601421875 0.693 0.5613878999999999 0.6950000000000001 0.5382562281250001 0.6915 0.5302491109374999 0.6705 0.5516014234375 0.661 0.545373665625
0 0.7070000000000001 0.5186832734375 0.71 0.49733096093749996 0.7025 0.4928825625 0.6990000000000001 0.5169039140625 0.7070000000000001 0.5186832734375
0 0.7245 0.592526690625 0.7110000000000001 0.6005338078125 0.722 0.6094306046875 0.7245 0.592526690625
0 0.6945 0.6298932390624999 0.7110000000000001 0.6379003562500001 0.712 0.63078291875 0.7035 0.61921708125 0.6940000000000001 0.6236654796875001 0.6945 0.6298932390624999
0 0.7405 0.6441281140624999 0.746 0.643238434375 0.7555 0.6387900359375001 0.757 0.6254448406249999 0.738 0.6343416375 0.7405 0.6441281140624999
0 0.731 0.632562278125 0.7325 0.6281138796875 0.724 0.6236654796875001 0.7245 0.6298932390624999 0.731 0.632562278125
0 0.735 0.6948398578125 0.739 0.6966192171875 0.752 0.6859430609375 0.7455 0.6708185046875 0.732 0.6770462640625 0.735 0.6948398578125
0 0.7070000000000001 0.748220640625 0.718 0.7339857656250001 0.7144999999999999 0.7295373671875 0.7035 0.7366548046875 0.7070000000000001 0.748220640625
0 0.7085 0.697508896875 0.701 0.7055160140625001 0.71 0.7108540921875 0.7085 0.697508896875
0 0.6849999999999999 0.7179715296875 0.692 0.7126334515625 0.6815 0.69928825625 0.6799999999999999 0.7072953734375 0.6849999999999999 0.7179715296875
0 0.764 0.828291815625 0.765 0.8122775796875 0.7575000000000001 0.80782918125 0.758 0.82651245625 0.764 0.828291815625
0 0.728 0.8443060499999999 0.735 0.835409253125 0.7325 0.8256227765625 0.724 0.8300711749999999 0.728 0.8443060499999999
0 0.8365 0.78647686875 0.826 0.8016014234375 0.828 0.8140569390625 0.833 0.8176156578124999 0.8394999999999999 0.809608540625 0.8480000000000001 0.8104982203125 0.8465 0.784697509375 0.8365 0.78647686875
0 0.8560000000000001 0.7802491109374999 0.867 0.769572953125 0.8625 0.7366548046875 0.851 0.755338078125 0.8560000000000001 0.7802491109374999
0 0.8300000000000001 0.668149465625 0.8300000000000001 0.6859430609375 0.8230000000000001 0.6966192171875 0.834 0.7108540921875 0.845 0.6823843421875 0.845 0.668149465625 0.8404999999999999 0.6619217078124999 0.8300000000000001 0.668149465625
0 0.8164999999999999 0.71352313125 0.8210000000000001 0.6930604984375 0.8145 0.6886121000000001 0.7975 0.6957295375 0.795 0.7144128109375 0.786 0.726868328125 0.7929999999999999 0.730427046875 0.8005000000000001 0.718861209375 0.8085000000000001 0.72064056875 0.8125 0.708185053125 0.8164999999999999 0.71352313125
0 0.819 0.744661921875 0.8240000000000001 0.74644128125 0.8300000000000001 0.735765125 0.8244999999999999 0.722419928125 0.818 0.730427046875 0.819 0.744661921875
0 0.805 0.773131671875 0.808 0.748220640625 0.8005000000000001 0.7419928828125 0.795 0.7624555156249999 0.805 0.773131671875
0 0.7655000000000001 0.7651245546875 0.767 0.7766903921874999 0.761 0.7820284703125 0.7655000000000001 0.7882562281250001 0.784 0.7873665484375 0.7929999999999999 0.7624555156249999 0.7865 0.7473309609375 0.7775000000000001 0.7669039140625 0.7655000000000001 0.7651245546875
0 0.766 0.643238434375 0.771 0.64501779375 0.784 0.6218861203125 0.7735000000000001 0.608540925 0.766 0.6183274015625 0.766 0.643238434375
0 0.8109999999999999 0.661032028125 0.8005000000000001 0.6334519578125 0.7955 0.6334519578125 0.786 0.664590746875 0.774 0.6770462640625 0.773 0.6912811390625 0.779 0.6948398578125 0.7875 0.683274021875 0.7925 0.6886121000000001 0.8089999999999999 0.671708184375 0.8109999999999999 0.661032028125
0 0.759 0.6788256234375 0.766 0.6859430609375 0.77 0.671708184375 0.7675 0.6637010671875 0.7625 0.6637010671875 0.759 0.6788256234375
0 0.7735000000000001 0.704626334375 0.771 0.7179715296875 0.78 0.7197508890625001 0.7735000000000001 0.704626334375
0 0.7735000000000001 0.58362989375 0.7815000000000001 0.59074733125 0.783 0.559608540625 0.7705 0.5551601421875 0.7615000000000001 0.5747330953125 0.7505 0.581850534375 0.7455 0.578291815625 0.746 0.6005338078125 0.741 0.6147686828125 0.747 0.6147686828125 0.7535000000000001 0.6120996437499999 0.7585 0.5943060499999999 0.7705 0.5943060499999999 0.7735000000000001 0.58362989375
0 0.764 0.5542704625 0.768 0.541814946875 0.7585 0.5409252671875 0.759 0.55071174375 0.764 0.5542704625
0 0.7424999999999999 0.5640569390625 0.75 0.563167259375 0.753 0.552491103125 0.7455 0.5338078296875 0.739 0.5542704625 0.7424999999999999 0.5640569390625
0 0.762 0.527580071875 0.774 0.5097864765625 0.7535000000000001 0.5 0.751 0.5169039140625 0.762 0.527580071875
0 0.7505 0.44128113906250005 0.747 0.468861209375 0.749 0.4813167265625 0.754 0.4813167265625 0.761 0.468861209375 0.757 0.461743771875 0.757 0.44750889687499995 0.7505 0.44128113906250005
0 0.714 0.5008896796875 0.7165 0.5071174375 0.735 0.5133451953125 0.737 0.5026690390625 0.7285 0.494661921875 0.7165 0.494661921875 0.714 0.5008896796875
0 0.799 0.5186832734375 0.825 0.5400355875 0.8240000000000001 0.4937722421875 0.8115 0.476868328125 0.798 0.5008896796875 0.799 0.5186832734375
0 0.817 0.5916370109375 0.819 0.6076512453125 0.8240000000000001 0.6076512453125 0.825 0.5934163703124999 0.834 0.5774021359375 0.8195 0.5658362984374999 0.817 0.5916370109375
0 0.835 0.629003559375 0.8385 0.6387900359375001 0.843 0.6379003562500001 0.8470000000000001 0.6272242 0.844 0.6129893234375 0.8385 0.610320284375 0.835 0.629003559375
0 0.8869999999999999 0.6379003562500001 0.893 0.6236654796875001 0.8795 0.608540925 0.873 0.629003559375 0.8869999999999999 0.6379003562500001
0 0.8675 0.6708185046875 0.859 0.6752669046875 0.8625 0.683274021875 0.891 0.6948398578125 0.8960000000000001 0.6788256234375 0.8905 0.6690391453125 0.8785000000000001 0.679715303125 0.8675 0.6708185046875
0 0.8744999999999999 0.71352313125 0.873 0.72508896875 0.876 0.7286476875 0.8744999999999999 0.71352313125
0 0.8595 0.879003559375 0.8560000000000001 0.8674377218749999 0.865 0.858540925 0.8595 0.8362989328125 0.8505 0.8576512453125 0.8375 0.8576512453125 0.836 0.8460854093749999 0.8305 0.8451957296874999 0.8220000000000001 0.858540925 0.8234999999999999 0.8665480421874999 0.833 0.8656583625 0.8400000000000001 0.8941281140624999 0.837 0.9083629890625 0.845 0.9172597859374999 0.8554999999999999 0.907473309375 0.858 0.8905693953125 0.865 0.8816725984374999 0.8595 0.879003559375
0 0.852 0.9332740218750001 0.8560000000000001 0.92793594375 0.8515 0.921708184375 0.8470000000000001 0.9332740218750001 0.852 0.9332740218750001
0 0.8230000000000001 0.93505338125 0.8265 0.9537366546875001 0.843 0.961743771875 0.8470000000000001 0.951067615625 0.8455 0.9395017796875 0.8414999999999999 0.9341637015625001 0.8230000000000001 0.93505338125
0 0.8625 0.921708184375 0.8710000000000001 0.9208185046875 0.8664999999999999 0.900355871875 0.8605 0.8985765125 0.8560000000000001 0.9065836296875001 0.8625 0.921708184375
0 0.82 0.9154804265625 0.828 0.8994661921875 0.8164999999999999 0.8825622781250001 0.8130000000000001 0.9030249109374999 0.82 0.9154804265625
0 0.597 0.5969750890625 0.605 0.5845195734375 0.5925 0.5729537359375 0.591 0.5827402140625 0.597 0.5969750890625
0 0.5765 0.50355871875 0.568 0.5097864765625 0.577 0.5169039140625 0.5765 0.50355871875
0 0.5475 0.48220640625 0.558 0.4830960859375 0.5589999999999999 0.4741992875 0.5535 0.46619217031250004 0.546 0.4741992875 0.5475 0.48220640625
0 0.64 0.4314946625 0.6415 0.42348754375000003 0.633 0.4243772234375 0.6335 0.43060498281250004 0.64 0.4314946625
0 0.6435 0.39679715312499997 0.641 0.4137010671875 0.644 0.4172597859375 0.6515 0.40569395 0.6575 0.40569395 0.659 0.3923487546875 0.6435 0.39679715312499997
0 0.6645 0.320284696875 0.6615 0.32918149531249996 0.6555 0.32206405625 0.6485000000000001 0.3274021359375 0.647 0.34430605000000003 0.6585 0.3487544484375 0.659 0.363879003125 0.666 0.3656583625 0.6725 0.3540925265625 0.6809999999999999 0.3514234875 0.6759999999999999 0.32651245625 0.6645 0.320284696875
0 0.6555 0.3843416375 0.671 0.3870106765625 0.6719999999999999 0.37633452031250003 0.6675 0.3683274015625 0.653 0.36921708125 0.6555 0.3843416375
0 0.7030000000000001 0.4457295375 0.7035 0.4359430609375 0.683 0.426156584375 0.6845 0.4359430609375 0.7030000000000001 0.4457295375
0 0.696 0.42081850468750004 0.7110000000000001 0.4048042703125 0.6895 0.403914590625 0.687 0.4172597859375 0.696 0.42081850468750004
0 0.6597500000000001 0.435427046875 0.67225 0.45944839843749996 0.68175 0.46033807812500005 0.68275 0.45144128125 0.67425 0.4398754453125 0.66625 0.4327580078125 0.6597500000000001 0.435427046875
0 0.6875 0.49644128125 0.6940000000000001 0.4991103203125 0.7 0.4937722421875 0.6985 0.485765125 0.686 0.4866548046875 0.6875 0.49644128125
0 0.8285 0.3701067609375 0.833 0.363879003125 0.8320000000000001 0.356761565625 0.8234999999999999 0.35587188593749997 0.8175000000000001 0.34697508906249996 0.7995 0.3451957296875 0.7969999999999999 0.356761565625 0.8009999999999999 0.374555159375 0.807 0.3798932390625 0.8089999999999999 0.3959074734375 0.8130000000000001 0.3994661921875 0.819 0.3887900359375 0.8130000000000001 0.37099644062500003 0.8234999999999999 0.36476868281249997 0.8285 0.3701067609375
0 0.7645 0.39501779375 0.763 0.4065836296875 0.769 0.4137010671875 0.7825 0.411032028125 0.788 0.40302491093750004 0.7715 0.40213523125000006 0.7645 0.39501779375
0 0.806 0.436832740625 0.8099999999999999 0.426156584375 0.8035 0.41992882500000006 0.798 0.43505338125000004 0.806 0.436832740625
0 0.8029999999999999 0.461743771875 0.8109999999999999 0.468861209375 0.8119999999999999 0.44750889687499995 0.8085000000000001 0.44128113906250005 0.8039999999999999 0.44750889687499995 0.8029999999999999 0.461743771875
0 0.78 0.4386121 0.7745 0.42882562343749997 0.778 0.4457295375 0.78 0.4386121
0 0.7809999999999999 0.3816725984375 0.7825 0.3701067609375 0.766 0.37099644062500003 0.7685 0.38078291875 0.7809999999999999 0.3816725984375
0 0.74 0.41548042656249995 0.742 0.40124555156249997 0.7335 0.38790035624999997 0.73 0.4137010671875 0.74 0.41548042656249995
0 0.727 0.349644128125 0.7215 0.34697508906249996 0.724 0.356761565625 0.727 0.349644128125
0 0.7025 0.313167259375 0.6895 0.31494661874999996 0.686 0.3229537359375 0.689 0.356761565625 0.701 0.360320284375 0.714 0.3371886125 0.717 0.3140569390625 0.7135 0.295373665625 0.7025 0.313167259375
0 0.7535000000000001 0.28113879062499997 0.753 0.2891459078125 0.757 0.2891459078125 0.7535000000000001 0.28113879062499997
0 0.758 0.269572953125 0.7525000000000001 0.26512455468749996 0.758 0.2784697515625 0.758 0.269572953125
0 0.6915 0.1690391453125 0.687 0.1752669046875 0.6910000000000001 0.1770462640625 0.6915 0.1690391453125
0 0.7030000000000001 0.17348754375 0.704 0.15925266875 0.6985 0.1548042703125 0.6940000000000001 0.16637010624999998 0.7030000000000001 0.17348754375
0 0.7070000000000001 0.2126334515625 0.7070000000000001 0.1788256234375 0.7005 0.17615658437499998 0.697 0.2055160140625 0.7070000000000001 0.2126334515625
0 0.722 0.2286476875 0.722 0.2161921703125 0.7175 0.21352313125000003 0.718 0.226868328125 0.722 0.2286476875
0 0.702 0.13967971562499998 0.7070000000000001 0.13967971562499998 0.712 0.125444840625 0.7065 0.11921708125 0.702 0.125444840625 0.702 0.13967971562499998
0 0.644 0.3140569390625 0.649 0.3176156578125 0.65 0.2855871890625 0.6435 0.28291815 0.64 0.2927046265625 0.644 0.3140569390625
0 0.6715 0.30604982187499996 0.663 0.3087188609375 0.6665 0.3185053375 0.674 0.3176156578125 0.6900000000000001 0.2962633453125 0.6885 0.28647686875 0.6795 0.28647686875 0.6715 0.30604982187499996
0 0.648 0.266014234375 0.65 0.251779359375 0.6405000000000001 0.23665480468750003 0.638 0.251779359375 0.648 0.266014234375
0 0.6245 0.19217081875 0.606 0.19839857656249998 0.6085 0.20996441250000003 0.6195 0.20996441250000003 0.6245 0.2241992875 0.632 0.22508896875 0.64 0.2108540921875 0.6315000000000001 0.215302490625 0.6265 0.20996441250000003 0.6245 0.19217081875
0 0.8734999999999999 0.78647686875 0.8644999999999999 0.777580071875 0.8539999999999999 0.7802491109374999 0.8625 0.797153025 0.8805 0.795373665625 0.8865000000000001 0.820284696875 0.897 0.8229537359375 0.899 0.8176156578124999 0.89 0.8033807828124999 0.8885 0.7758007124999999 0.8734999999999999 0.78647686875
0 0.909 0.8692170812500001 0.9189999999999999 0.8798932390624999 0.922 0.8656583625 0.915 0.8443060499999999 0.9095000000000001 0.8398576515625 0.909 0.8692170812500001
0 0.891 0.8727758 0.8915 0.8843416375 0.907 0.8923487546875 0.908 0.8816725984374999 0.9025000000000001 0.8683274015625001 0.8945000000000001 0.8665480421874999 0.891 0.8727758
0 0.916 0.9190391453125001 0.9199999999999999 0.9083629890625 0.9125 0.90213523125 0.9099999999999999 0.9154804265625 0.916 0.9190391453125001
0 0.8554999999999999 0.9519572953125 0.85 0.96352313125 0.868 0.9848754453125 0.8720000000000001 0.9795373671875 0.8699999999999999 0.96352313125 0.8595 0.9501779359375 0.8554999999999999 0.9519572953125
0 0.942 0.7855871890625 0.9460000000000001 0.7766903921874999 0.9395 0.7722419921875 0.9369999999999999 0.7784697515625 0.942 0.7855871890625
0 0.826 0.9991103203125 0.8185 0.9786476875 0.8140000000000001 0.9813167265624999 0.8164999999999999 1 0.826 0.9991103203125
0 0.899 0.7215302484375 0.916 0.7375444843750001 0.9189999999999999 0.730427046875 0.917 0.7179715296875 0.9065 0.704626334375 0.899 0.7215302484375
0 0.6315000000000001 0.476868328125 0.626 0.4813167265625 0.632 0.4866548046875 0.6315000000000001 0.476868328125
0 0.479 0.3976868328125 0.484 0.38523131718750003 0.47350000000000003 0.38078291875 0.47300000000000003 0.3905693953125 0.479 0.3976868328125
0 0.4365 0.3701067609375 0.429 0.37099644062500003 0.43499999999999994 0.37633452031250003 0.4365 0.3701067609375
0 0.4145 0.39679715312499997 0.41 0.3994661921875 0.414 0.40302491093750004 0.4145 0.39679715312499997
0 0.515 0.44039145937499996 0.5155000000000001 0.4323843421875 0.51 0.43505338125000004 0.5105000000000001 0.44128113906250005 0.515 0.44039145937499996
0 0.646 0.6076512453125 0.6519999999999999 0.6005338078125 0.6425 0.5978647687499999 0.641 0.6076512453125 0.646 0.6076512453125
0 0.7855000000000001 0.620996440625 0.78 0.629003559375 0.7805 0.6370106765625 0.7849999999999999 0.636120996875 0.7955 0.6316725984375 0.8019999999999999 0.6165480421875 0.7965 0.610320284375 0.7855000000000001 0.620996440625
0 0.876288 0.9261903921875 0.8752319999999999 0.933702846875 0.874763 0.9401708187500001 0.884027 0.9268167265624999 0.888952 0.9176370109375 0.885434 0.9065782921875 0.882385 0.9065782921875 0.882034 0.9151334515625 0.882034 0.9232704625 0.876288 0.9261903921875
0 0.882268 0.9608274015625 0.880509 0.9700071171875001 0.882268 0.9754323843750001 0.8846130000000001 0.9735551593749999 0.883675 0.9622864765625 0.882268 0.9608274015625
0 0.779548 0.9011530249999999 0.775092 0.89844128125 0.77345 0.8963540921875 0.775092 0.89009430625 0.771574 0.8923896796875 0.769463 0.898649465625 0.7681739999999999 0.900526690625 0.764539 0.9021957296875 0.767822 0.9101245546875001 0.771105 0.904909253125 0.777437 0.9038665484375 0.779548 0.9011530249999999
0 0.8503729999999999 0.7142046265625 0.8500209999999999 0.7204644124999999 0.847794 0.7227580078125 0.846973 0.7240106765625 0.8466210000000001 0.7254715296875001 0.846504 0.7273487546874999 0.8475590000000001 0.7283914593749999 0.8499040000000001 0.7258879 0.852015 0.7221334515625 0.8547119999999999 0.715455515625 0.8547119999999999 0.7108665484375 0.853891 0.708361209375 0.8521319999999999 0.705649465625 0.8507250000000001 0.7041886125000001 0.848263 0.7035622781249999 0.846269 0.7033540921875 0.845683 0.7033540921875 0.844158 0.7041886125000001 0.842986 0.7073185046875 0.842517 0.7123256234374999 0.845566 0.7139946625 0.8479110000000001 0.7117010671874999 0.8503729999999999 0.7142046265625
0 0.618294 0.4277188609375 0.617875 0.43032918125 0.618818 0.4331281140625 0.622278 0.43350177968750003 0.621439 0.42529359375000003 0.619867 0.42585409218750003 0.618923 0.4260391453125 0.618294 0.4277188609375
0 0.615883 0.4379786484375 0.617246 0.43648576562499997 0.616302 0.43294128125000003 0.61494 0.42958362968749997 0.612948 0.43014412812499997 0.612633 0.4344341640625 0.613157 0.43741814999999995 0.615883 0.4379786484375
0 0.47050000000000003 0.3309608546875 0.46900000000000003 0.33362989375 0.46900000000000003 0.3371886125 0.4715 0.3434163703125 0.47300000000000003 0.342526690625 0.47400000000000003 0.34074733125 0.47400000000000003 0.33540925312500003 0.4715 0.3309608546875 0.47050000000000003 0.3309608546875
0 0.434814 0.323928825 0.43281400000000003 0.325708184375 0.431314 0.330156584375 0.431814 0.3328256234375 0.43731400000000004 0.33193594375 0.440314 0.3248185046875 0.439814 0.322149465625 0.438814 0.323928825 0.434814 0.323928825
0 0.331 0.2820284703125 0.3285 0.28113879062499997 0.327 0.2873665484375 0.32799999999999996 0.2891459078125 0.329 0.2962633453125 0.3315 0.30071174375 0.33399999999999996 0.2998220640625 0.33399999999999996 0.2944839859375 0.33199999999999996 0.2909252671875 0.33199999999999996 0.2855871890625 0.331 0.2820284703125
0 0.048 0.1912811390625 0.049 0.1823843421875 0.0455 0.17615658437499998 0.042499999999999996 0.17615658437499998 0.0385 0.17081850468749998 0.034499999999999996 0.17081850468749998 0.0325 0.1743772234375 0.0245 0.1814946625 0.02 0.18950177968749998 0.02 0.1930604984375 0.019 0.1948398578125 0.019 0.2037366546875 0.0225 0.20996441250000003 0.026500000000000003 0.20996441250000003 0.027500000000000004 0.21174377187500001 0.032 0.2108540921875 0.0355 0.20996441250000003 0.0365 0.20818505312500002 0.0405 0.20640569375 0.048 0.1912811390625
0 0.05550000000000001 0.202846975 0.051500000000000004 0.19928825625 0.0495 0.20106761562500003 0.048 0.2037366546875 0.048 0.2144128109375 0.053500000000000006 0.2241992875 0.06 0.2233096078125 0.061 0.2161921703125 0.057999999999999996 0.2090747328125 0.057999999999999996 0.20729537343749999 0.05550000000000001 0.202846975
0 0.05550000000000001 0.1690391453125 0.05500000000000001 0.171708184375 0.053500000000000006 0.1743772234375 0.052500000000000005 0.1743772234375 0.051000000000000004 0.1788256234375 0.051000000000000004 0.1823843421875 0.053500000000000006 0.18505338124999998 0.061 0.1841637015625 0.062 0.1823843421875 0.062 0.1752669046875 0.0595 0.1690391453125 0.05550000000000001 0.1690391453125
0 0.158 0.13078291875 0.158 0.125444840625 0.1565 0.12277579999999999 0.1525 0.12277579999999999 0.14950000000000002 0.11743772187499998 0.14250000000000002 0.11743772187499998 0.14150000000000001 0.11921708125 0.1385 0.11921708125 0.137 0.12188612031249998 0.136 0.136120996875 0.137 0.13967971562499998 0.1395 0.1423487546875 0.143 0.141459075 0.14550000000000002 0.1370106765625 0.1545 0.1370106765625 0.1565 0.1352313171875 0.158 0.13078291875
0 0.185677 0.097720640625 0.185677 0.094161921875 0.186677 0.0923825625 0.18317699999999998 0.0861548046875 0.179177 0.08437544531249999 0.178177 0.0825960859375 0.171177 0.0825960859375 0.166177 0.0897135234375 0.15917699999999999 0.0914928828125 0.157677 0.094161921875 0.157677 0.09594128125 0.154677 0.0995 0.155677 0.1066174375 0.15917699999999999 0.1110658359375 0.163177 0.1110658359375 0.164177 0.10928647656249998 0.172177 0.10928647656249998 0.173177 0.1110658359375 0.175677 0.11017615624999999 0.178177 0.10928647656249998 0.179177 0.10750711718749999 0.181177 0.10750711718749999 0.185677 0.097720640625
0 0.42300000000000004 0.0044483984375 0.4205 0.00355871875 0.41900000000000004 0.0080071171875 0.41900000000000004 0.0258007125 0.4205 0.0284697515625 0.422 0.027580071875 0.42400000000000004 0.0204626328125 0.42400000000000004 0.0097864765625 0.42300000000000004 0.0080071171875 0.42300000000000004 0.0044483984375
0 0.7394999999999999 0.2722419921875 0.7384999999999999 0.2722419921875 0.7375 0.2686832734375 0.7335 0.2686832734375 0.7304999999999999 0.2722419921875 0.7285 0.2722419921875 0.727 0.27491103125 0.727 0.2802491109375 0.7295 0.28647686875 0.734 0.2855871890625 0.7375 0.28113879062499997 0.741 0.2802491109375 0.741 0.27491103125 0.7394999999999999 0.2722419921875
0 0.6795 0.9964412812500001 0.671 0.9991103203125 0.679 1 0.6795 0.9964412812500001
0 0.21800000000000003 0.6556939500000001 0.22200000000000003 0.6556939500000001 0.231 0.629003559375 0.2185 0.6245551593750001 0.21600000000000003 0.64501779375 0.21800000000000003 0.6556939500000001
0 0.132 0.77491103125 0.131 0.7820284703125 0.13899999999999998 0.7873665484375 0.152 0.764234875 0.1515 0.7544483984375 0.14250000000000002 0.7526690390625 0.132 0.77491103125
0 0.221345 0.923485765625 0.219686 0.8893291812499999 0.214235 0.8901725984375 0.21707900000000002 0.9087277578125 0.21873800000000002 0.927702846875 0.221345 0.923485765625
