0 0.9703125 0.94296875 0.0359375 0.05625
3 0.7991666671875 0.5686666671875 0.7966666671875 0.5846666671875 0.7991666671875 0.61 0.8058333328125 0.6286666671875001 0.78125 0.6519999999999999 0.7254166671875 0.6906666671874999 0.725 0.7033333328125 0.7695833328125 0.6786666671875 0.81125 0.6453333328124999 0.8308333328125 0.686 0.8520833328125 0.712 0.8795833328124999 0.7 0.8908333328125 0.6833333328125 0.8858333328124999 0.6486666671875 0.8591666671875 0.5900000000000001 0.9116666671875 0.502 0.9141666671875001 0.49533333281249997 0.9104166671874999 0.4893333328125 0.9037499999999999 0.4893333328125 0.8504166671875 0.5773333328125 0.8270833328125 0.548 0.8087500000000001 0.5519999999999999 0.7991666671875 0.5686666671875
0 0.2483333328125 0.7926666671875 0.23625 0.7826666671875 0.22875 0.764 0.215 0.7846666671875 0.215 0.8006666671874999 0.2225 0.8033333328125 0.22000000000000003 0.8126666671875 0.20249999999999999 0.8140000000000001 0.2008333328125 0.8300000000000001 0.2033333328125 0.8433333328125 0.21625 0.8426666671874999 0.22291666718749997 0.836 0.2345833328125 0.8413333328125001 0.2416666671875 0.826 0.2483333328125 0.7926666671875
0 0.17916666718750002 0.546 0.1866666671875 0.5526666671875 0.1858333328125 0.5646666671875 0.1916666671875 0.5686666671875 0.1954166671875 0.568 0.2108333328125 0.5406666671875 0.2116666671875 0.5286666671875 0.1870833328125 0.516 0.17916666718750002 0.546
0 0.24625 0.6493333328124999 0.27625 0.6639999999999999 0.2816666671875 0.6593333328125001 0.25875 0.6373333328124999 0.2420833328125 0.6386666671875 0.23500000000000001 0.6606666671875 0.21541666718750002 0.6746666671875 0.2158333328125 0.682 0.23541666718749998 0.6719999999999999 0.24958333281249998 0.6759999999999999 0.2508333328125 0.666 0.24416666718750002 0.6526666671875 0.24625 0.6493333328124999
0 0.4933333328125 0.9873333328125 0.49749999999999994 0.9833333328125 0.5083333328124999 0.9393333328125 0.4795833328125 0.9173333328125001 0.465 0.9633333328125 0.4933333328125 0.9873333328125
0 0.49749999999999994 0.8953333328124999 0.5104166671875 0.8960000000000001 0.5225 0.8846666671875001 0.5120833328125001 0.8733333328124999 0.4875 0.8833333328125 0.49749999999999994 0.8953333328124999
0 0.42083333281249996 0.8606666671875001 0.425 0.8699999999999999 0.43666666718749997 0.8606666671875001 0.43541666718750005 0.8480000000000001 0.42625 0.8453333328125 0.4225 0.85 0.42083333281249996 0.8606666671875001
0 0.36666666718749996 0.706 0.3775 0.7033333328125 0.3720833328125 0.688 0.36375 0.6853333328125 0.3633333328125 0.7006666671875 0.36666666718749996 0.706
0 0.2975 0.6873333328125 0.3016666671875 0.686 0.30416666718749996 0.6726666671875 0.29375 0.6666666671875 0.2875 0.678 0.2975 0.6873333328125
0 0.3091666671875 0.6993333328125 0.3154166671875 0.7 0.3166666671875 0.6940000000000001 0.3008333328125 0.6913333328125 0.3029166671875 0.6986666671874999 0.3091666671875 0.6993333328125
0 0.3 0.7353333328125 0.3079166671875 0.7346666671875 0.3083333328125 0.7286666671875001 0.2970833328125 0.724 0.2925 0.7286666671875001 0.3 0.7353333328125
0 0.2541666671875 0.9033333328125 0.26875 0.9026666671875001 0.2783333328125 0.8846666671875001 0.26208333281249996 0.8813333328124999 0.2558333328125 0.8913333328125 0.2541666671875 0.9033333328125
0 0.4483333328125 0.346 0.46749999999999997 0.37533333281250003 0.47458333281250004 0.372 0.4916666671875 0.346 0.4720833328125 0.312 0.44749999999999995 0.3393333328125 0.4483333328125 0.346
0 0.45375 0.21600000000000003 0.46375 0.2186666671875 0.4683333328125 0.2126666671875 0.4641666671875 0.1926666671875 0.44375 0.1706666671875 0.43833333281250003 0.182 0.4375 0.20866666718750002 0.4325 0.21800000000000003 0.43583333281250003 0.22599999999999998 0.44000000000000006 0.22599999999999998 0.44291666718749995 0.2133333328125 0.4441666671875 0.2246666671875 0.4479166671875 0.2266666671875 0.45375 0.21600000000000003
0 0.4895833328125 0.22799999999999998 0.47458333281250004 0.2293333328125 0.48 0.262 0.4933333328125 0.274 0.49916666718749997 0.2686666671875 0.49749999999999994 0.258 0.5025000000000001 0.24733333281249997 0.5016666671875 0.2366666671875 0.4895833328125 0.22799999999999998
0 0.385 0.2006666671875 0.3916666671875 0.2073333328125 0.395 0.2046666671875 0.3929166671875 0.17333333281250002 0.39 0.17533333281250002 0.3891666671875 0.1926666671875 0.385 0.2006666671875
0 0.35 0.2193333328125 0.34375 0.2013333328125 0.3358333328125 0.2073333328125 0.3408333328125 0.2233333328125 0.35 0.2193333328125
0 0.33999999999999997 0.2846666671875 0.33541666718749996 0.2986666671875 0.32125 0.29733333281249996 0.31916666718750003 0.302 0.32125 0.3093333328125 0.3404166671875 0.3133333328125 0.3433333328125 0.3233333328125 0.34625 0.324 0.3491666671875 0.3153333328125 0.34750000000000003 0.294 0.35041666718750003 0.2746666671875 0.33999999999999997 0.2846666671875
0 0.3516666671875 0.3153333328125 0.35750000000000004 0.3313333328125 0.36833333281249997 0.3273333328125 0.3691666671875 0.3166666671875 0.36625 0.31066666718749997 0.3570833328125 0.308 0.3516666671875 0.3153333328125
0 0.27 0.4686666671875 0.2891666671875 0.4846666671875 0.3054166671875 0.484 0.3083333328125 0.47133333281249995 0.2845833328125 0.4413333328125 0.2708333328125 0.45933333281250005 0.27 0.4686666671875
0 0.23374999999999999 0.45866666718750004 0.2316666671875 0.466 0.23500000000000001 0.4726666671875 0.2266666671875 0.4846666671875 0.22833333281249998 0.49000000000000005 0.2470833328125 0.4813333328125 0.25166666718749997 0.47133333281249995 0.25 0.4646666671875 0.2429166671875 0.45599999999999996 0.23374999999999999 0.45866666718750004
0 0.3783333328125 0.358 0.3775 0.37933333281250003 0.3875 0.37266666718749997 0.3958333328125 0.3526666671875 0.39375 0.3493333328125 0.375 0.35 0.3783333328125 0.358
0 0.30125 0.5533333328125 0.30333333281249997 0.546 0.28375 0.5413333328125 0.2841666671875 0.558 0.30125 0.5533333328125
0 0.2116666671875 0.5940000000000001 0.22125 0.5946666671874999 0.225 0.5833333328125 0.2195833328125 0.58 0.20625 0.584 0.2116666671875 0.5940000000000001
0 0.23875000000000002 0.6266666671875 0.24 0.6193333328125 0.2304166671875 0.616 0.2316666671875 0.6273333328125 0.23875000000000002 0.6266666671875
0 0.21749999999999997 0.6593333328125001 0.21458333281250003 0.6533333328125 0.2058333328125 0.658 0.21000000000000002 0.6646666671875 0.21749999999999997 0.6593333328125001
0 0.2479166671875 0.5973333328125 0.2483333328125 0.5913333328125 0.2429166671875 0.5906666671874999 0.2425 0.5966666671875 0.2479166671875 0.5973333328125
0 0.3225 0.5726666671875 0.3170833328125 0.5613333328125 0.31083333281250003 0.5673333328125 0.315 0.5780000000000001 0.3225 0.5726666671875
0 0.6491666671874999 0.0873333328125 0.6620833328125 0.0866666671875 0.6625 0.07133333281250001 0.6470833328125 0.07466666718750001 0.6441666671874999 0.08333333281250001 0.6491666671874999 0.0873333328125
0 0.6304166671875 0.10933333281249999 0.6316666671875 0.0993333328125 0.62375 0.096 0.6224999999999999 0.11000000000000001 0.6304166671875 0.10933333281249999
0 0.6308333328125 0.08333333281250001 0.635 0.08199999999999999 0.6333333328124999 0.0686666671875 0.6212500000000001 0.048 0.6174999999999999 0.0566666671875 0.6308333328125 0.08333333281250001
0 0.6441666671874999 0.05933333281249999 0.6595833328125 0.06 0.6633333328125001 0.044666667187499995 0.6545833328125 0.0426666671875 0.6441666671874999 0.0526666671875 0.6441666671874999 0.05933333281249999
0 0.5004166671875 0 0.49791666718750005 0.0106666671875 0.47375 0.0026666671875 0.46749999999999997 0.057999999999999996 0.47041666718749997 0.064 0.47791666718750003 0.0626666671875 0.4875 0.06999999999999999 0.50125 0.064 0.5054166671875 0.0453333328125 0.5204166671875 0.0533333328125 0.5275000000000001 0.0113333328125 0.51875 0 0.5004166671875 0
0 0.45 0.10600000000000001 0.45499999999999996 0.10466666718749999 0.4529166671875 0.0813333328125 0.44749999999999995 0.0873333328125 0.44749999999999995 0.10333333281249998 0.45 0.10600000000000001
0 0.44333333281250004 0.08199999999999999 0.4329166671875 0.0706666671875 0.43166666718749996 0.0753333328125 0.4375 0.08199999999999999 0.44333333281250004 0.08199999999999999
0 0.42083333281249996 0.0953333328125 0.41875 0.08399999999999999 0.41333333281250006 0.0886666671875 0.41500000000000004 0.0966666671875 0.42083333281249996 0.0953333328125
0 0.4183333328125 0.122 0.4216666671875 0.1206666671875 0.4216666671875 0.1126666671875 0.4179166671875 0.10400000000000001 0.41500000000000004 0.118 0.4183333328125 0.122
0 0.355 0.1833333328125 0.3608333328125 0.1793333328125 0.3579166671875 0.16933333281250001 0.3508333328125 0.17266666718749998 0.3508333328125 0.1793333328125 0.355 0.1833333328125
0 0.475 0.11000000000000001 0.47375 0.0986666671875 0.4683333328125 0.10066666718749999 0.47000000000000003 0.11133333281249999 0.475 0.11000000000000001
0 0.49749999999999994 0.1953333328125 0.49625 0.184 0.4875 0.1846666671875 0.49000000000000005 0.198 0.49749999999999994 0.1953333328125
0 0.5795833328125 0.10133333281250001 0.575 0.1273333328125 0.58 0.1206666671875 0.5795833328125 0.10133333281250001
0 0.5408333328125 0.13133333281249998 0.5287499999999999 0.1226666671875 0.5275000000000001 0.13 0.5316666671875 0.1326666671875 0.5408333328125 0.13133333281249998
0 0.5566666671875 0.11399999999999999 0.5570833328125 0.09733333281249999 0.5441666671875 0.10600000000000001 0.5483333328125 0.1166666671875 0.5566666671875 0.11399999999999999
0 0.5525 0.078 0.5508333328125 0.066 0.5445833328125 0.0546666671875 0.5433333328125001 0.0806666671875 0.5525 0.078
0 0.5291666671875 0.0686666671875 0.5366666671875 0.05933333281249999 0.5329166671875 0.0466666671875 0.5245833328125 0.049333332812500005 0.5216666671875 0.0566666671875 0.5291666671875 0.0686666671875
0 0.6008333328125001 0.0966666671875 0.6004166671875 0.08 0.5966666671875 0.086 0.5958333328125 0.0993333328125 0.6008333328125001 0.0966666671875
0 0.9574999999999999 0.094 0.9641666671875001 0.094 0.9604166671875 0.068 0.9341666671875 0.0753333328125 0.9445833328125 0.09066666718750001 0.9574999999999999 0.094
0 0.7333333328125 0.0366666671875 0.7320833328125 0.024 0.7224999999999999 0.026000000000000002 0.7233333328125 0.041999999999999996 0.7333333328125 0.0366666671875
0 0.70375 0.17733333281250002 0.71 0.1793333328125 0.7175 0.1766666671875 0.7141666671875 0.1473333328125 0.7020833328125 0.144 0.7 0.1633333328125 0.70375 0.17733333281250002
0 0.6658333328125 0.3286666671875 0.6708333328125 0.32599999999999996 0.67375 0.3093333328125 0.6508333328125 0.3113333328125 0.65125 0.316 0.6658333328125 0.3286666671875
0 0.6941666671875 0.43666666718749997 0.7054166671875 0.43200000000000005 0.7266666671875 0.39 0.7129166671875 0.40133333281250005 0.6941666671875 0.4313333328125 0.6941666671875 0.43666666718749997
0 0.7991666671875 0.442 0.8058333328125 0.43933333281250003 0.80375 0.4226666671875 0.7941666671875 0.4246666671875 0.795 0.43933333281250003 0.7991666671875 0.442
0 0.9125 0.3193333328125 0.9199999999999999 0.3153333328125 0.9329166671875001 0.272 0.9133333328125 0.30333333281249997 0.9099999999999999 0.314 0.9125 0.3193333328125
0 0.6908333328125 0.6113333328125 0.6875 0.6273333328125 0.6875 0.6753333328125 0.6941666671875 0.6713333328125 0.6950000000000001 0.634 0.7 0.6113333328125 0.6979166671875 0.6013333328125 0.6908333328125 0.6113333328125
0 0.8666666671875 0.79 0.85625 0.7733333328125 0.8433333328125 0.7846666671875 0.8583333328125 0.7953333328125 0.8666666671875 0.79
0 0.40750000000000003 0.7753333328124999 0.41624999999999995 0.776 0.41916666718749995 0.766 0.41125 0.764 0.4 0.7726666671875 0.40750000000000003 0.7753333328124999
0 0.39375 0.6413333328124999 0.3991666671875 0.642 0.41375 0.6426666671875 0.4258333328125 0.6273333328125 0.40625 0.6146666671875 0.39416666718750004 0.634 0.39375 0.6413333328124999
0 0.43125 0.31066666718749997 0.44000000000000006 0.3153333328125 0.445 0.314 0.4495833328125 0.2946666671875 0.4379166671875 0.29333333281249996 0.43 0.3046666671875 0.43125 0.31066666718749997
0 0.47791666718750003 0.304 0.47458333281250004 0.304 0.4725 0.3086666671875 0.4733333328125 0.3113333328125 0.4808333328125 0.322 0.48208333281250004 0.3226666671875 0.4841666671875 0.3206666671875 0.48333333281249996 0.314 0.4783333328125 0.306 0.47791666718750003 0.304
0 0.4379166671875 0.32799999999999996 0.43583333281250003 0.3313333328125 0.43583333281250003 0.3353333328125 0.43833333281250003 0.34199999999999997 0.44291666718749995 0.3426666671875 0.445 0.3393333328125 0.445 0.3326666671875 0.44291666718749995 0.3293333328125 0.4379166671875 0.32799999999999996
0 0.43125 0.22799999999999998 0.43041666718749994 0.2266666671875 0.42625 0.2266666671875 0.4258333328125 0.2273333328125 0.4266666671875 0.2286666671875 0.4266666671875 0.2326666671875 0.4291666671875 0.23399999999999999 0.43375 0.2346666671875 0.43499999999999994 0.2326666671875 0.43499999999999994 0.22999999999999998 0.43375 0.22799999999999998 0.43125 0.22799999999999998
0 0.40374999999999994 0.1573333328125 0.39958333281249997 0.1573333328125 0.3991666671875 0.16599999999999998 0.4025 0.1673333328125 0.40374999999999994 0.16799999999999998 0.40458333281250003 0.1666666671875 0.40708333281250003 0.1666666671875 0.40750000000000003 0.162 0.40374999999999994 0.1573333328125
0 0.3991666671875 0.174 0.3991666671875 0.1833333328125 0.40125 0.184 0.4033333328125 0.182 0.4033333328125 0.1766666671875 0.40041666718749996 0.17333333281250002 0.3991666671875 0.174
0 0.3883333328125 0.258 0.3891666671875 0.2593333328125 0.3891666671875 0.266 0.3908333328125 0.2686666671875 0.3929166671875 0.2693333328125 0.395 0.2646666671875 0.3920833328125 0.256 0.3895833328125 0.256 0.3883333328125 0.258
0 0.6245833328125 0.013333332812500001 0.6179166671874999 0.013333332812500001 0.6170833328125 0.012 0.6145833328125 0.012 0.6104166671875 0.0066666671875 0.60875 0.0066666671875 0.6079166671875 0.0053333328125 0.6066666671875 0.0073333328125 0.6066666671875 0.008666667187500001 0.6104166671875 0.0146666671875 0.6129166671874999 0.016 0.6158333328125 0.0206666671875 0.6158333328125 0.022 0.6174999999999999 0.024666667187499998 0.6183333328125 0.03 0.6229166671875 0.030666667187500003 0.6245833328125 0.0293333328125 0.6266666671875 0.026000000000000002 0.6275000000000001 0.018 0.6245833328125 0.013333332812500001
0 0.67875 0.0226666671875 0.6766666671875 0.026000000000000002 0.6766666671875 0.031333332812499996 0.6775 0.034 0.6820833328125 0.0346666671875 0.6841666671875 0.031333332812499996 0.6841666671875 0.026000000000000002 0.6820833328125 0.0226666671875 0.67875 0.0226666671875
0 0.3620833328125 0.41733333281249996 0.35625 0.41733333281249996 0.355 0.4193333328125 0.355 0.422 0.3541666671875 0.4233333328125 0.3541666671875 0.4286666671875 0.3554166671875 0.4306666671875 0.3583333328125 0.4313333328125 0.3604166671875 0.43200000000000005 0.3654166671875 0.42800000000000005 0.36583333281249997 0.4233333328125 0.36666666718749996 0.422 0.3620833328125 0.41733333281249996
0 0.3070833328125 0.512 0.3054166671875 0.5106666671875 0.305 0.5166666671875 0.3091666671875 0.526 0.3129166671875 0.5266666671875 0.3133333328125 0.522 0.31083333281250003 0.514 0.3095833328125 0.512 0.3070833328125 0.512
0 0.32875 0.5213333328124999 0.3275 0.5233333328125 0.3275 0.526 0.3266666671875 0.5273333328125 0.3291666671875 0.53 0.3333333328125 0.53 0.3341666671875 0.526 0.3329166671875 0.5226666671875 0.33125 0.5213333328124999 0.32875 0.5213333328124999
0 0.5683333328125 0.182 0.5662499999999999 0.18 0.56375 0.18 0.5625 0.182 0.5625 0.186 0.5641666671875 0.1913333328125 0.5645833328125 0.192 0.5654166671875 0.1906666671875 0.5670833328125 0.1906666671875 0.5683333328125 0.1886666671875 0.5683333328125 0.182
0 0.5583333328125 0.16999999999999998 0.55625 0.1653333328125 0.5554166671874999 0.1653333328125 0.5541666671875001 0.1686666671875 0.5541666671875001 0.17133333281250002 0.5549999999999999 0.17266666718749998 0.5558333328125 0.1806666671875 0.5566666671875 0.182 0.5608333328125 0.182 0.5591666671875 0.1766666671875 0.5591666671875 0.174 0.5583333328125 0.17266666718749998 0.5583333328125 0.16999999999999998
0 0.5920833328125 0.0586666671875 0.5954166671875 0.057333332812500006 0.5974999999999999 0.0526666671875 0.5974999999999999 0.05 0.5995833328125 0.0466666671875 0.60375 0.0466666671875 0.605 0.044666667187499995 0.605 0.0406666671875 0.5991666671875 0.0326666671875 0.59875 0.030666667187500003 0.5970833328125 0.0293333328125 0.5954166671875 0.0293333328125 0.5920833328125 0.032 0.5916666671875 0.0326666671875 0.5925 0.034 0.5925 0.0366666671875 0.5941666671875 0.039333332812499996 0.5941666671875 0.047333332812500004 0.5879166671875 0.05600000000000001 0.5854166671875001 0.0533333328125 0.5829166671875 0.0533333328125 0.58125 0.0546666671875 0.5791666671875 0.057999999999999996 0.5791666671875 0.0606666671875 0.5783333328125 0.062 0.57875 0.064 0.58 0.0646666671875 0.5845833328125 0.0653333328125 0.5879166671875 0.0586666671875 0.5904166671875 0.0586666671875 0.5912499999999999 0.06 0.5920833328125 0.0586666671875
0 0.5891666671875 0.078 0.5920833328125 0.0786666671875 0.5925 0.074 0.5904166671875 0.0733333328125 0.5883333328125 0.07666666718750001 0.5891666671875 0.078
0 0.5045833328125 0.23199999999999998 0.5041666671875 0.2366666671875 0.5054166671875 0.24 0.5066666671875 0.24066666718750002 0.50875 0.24133333281249997 0.51 0.23933333281250002 0.51 0.2366666671875 0.5079166671875 0.23199999999999998 0.5045833328125 0.23199999999999998
0 0.4925 0.2166666671875 0.4933333328125 0.2193333328125 0.495 0.2193333328125 0.495 0.21400000000000002 0.4904166671875 0.2133333328125 0.49000000000000005 0.21400000000000002 0.4925 0.2166666671875
0 0.5341666671875 0.194 0.5349999999999999 0.1966666671875 0.5370833328125 0.1973333328125 0.5383333328125001 0.1953333328125 0.5370833328125 0.1906666671875 0.53625 0.1906666671875 0.5341666671875 0.194
0 0.5254166671875 0.1613333328125 0.5220833328125 0.1626666671875 0.5208333328125 0.16599999999999998 0.5208333328125 0.17133333281250002 0.5233333328125 0.174 0.5254166671875 0.17466666718749999 0.5283333328125 0.16999999999999998 0.5275000000000001 0.1686666671875 0.5275000000000001 0.1646666671875 0.5254166671875 0.1613333328125
0 0.29041666718750003 0.7573333328125 0.2870833328125 0.7586666671875 0.2808333328125 0.766 0.27999999999999997 0.7686666671875 0.27999999999999997 0.774 0.2816666671875 0.7753333328124999 0.2820833328125 0.776 0.2854166671875 0.7733333328125 0.2908333328125 0.7646666671875 0.2916666671875 0.7593333328125 0.29041666718750003 0.7573333328125
0 0.3025 0.8353333328125 0.3020833328125 0.828 0.29874999999999996 0.8266666671875 0.2979166671875 0.8253333328125001 0.29375 0.8253333328125001 0.2891666671875 0.8300000000000001 0.2875 0.8353333328125 0.2875 0.8380000000000001 0.2866666671875 0.8393333328124999 0.2866666671875 0.8446666671875 0.28875 0.8480000000000001 0.29333333281249996 0.8486666671875 0.29375 0.8493333328125001 0.2945833328125 0.8480000000000001 0.2970833328125 0.8480000000000001 0.2991666671875 0.8446666671875 0.3025 0.8353333328125
0 0.29500000000000004 0.9406666671874999 0.2941666671875 0.9393333328125 0.2941666671875 0.9353333328125 0.29333333281249996 0.9339999999999999 0.29333333281249996 0.9246666671874999 0.2925 0.9233333328125 0.2925 0.9193333328125 0.29125 0.9173333328125001 0.28958333281250004 0.9173333328125001 0.2845833328125 0.9213333328125 0.2820833328125 0.9213333328125 0.28125 0.9226666671875 0.2791666671875 0.9233333328125 0.27999999999999997 0.9246666671874999 0.2808333328125 0.93 0.2841666671875 0.9353333328125 0.2858333328125 0.9406666671874999 0.2875 0.9433333328125 0.2891666671875 0.95 0.29125 0.9506666671874999 0.2920833328125 0.9493333328125001 0.29375 0.9493333328125001 0.29500000000000004 0.9460000000000001 0.29500000000000004 0.9406666671874999
0 0.24333333281249997 0.9633333328125 0.24125000000000002 0.9626666671875 0.24041666718750002 0.9640000000000001 0.23625 0.9640000000000001 0.23541666718749998 0.9653333328124999 0.23374999999999999 0.9653333328124999 0.22999999999999998 0.9726666671875 0.22999999999999998 0.9793333328125 0.2320833328125 0.9800000000000001 0.23541666718749998 0.9773333328125 0.23958333281250002 0.9706666671875 0.24333333281249997 0.9673333328125 0.24333333281249997 0.9633333328125
0 0.1891666671875 0.8086666671874999 0.19083333281249998 0.806 0.1916666671875 0.8019999999999999 0.1933333328125 0.7993333328125 0.1933333328125 0.7953333328125 0.1920833328125 0.7933333328125001 0.1904166671875 0.7933333328125001 0.1895833328125 0.792 0.1854166671875 0.792 0.1833333328125 0.7953333328125 0.1833333328125 0.7966666671875 0.1816666671875 0.7993333328125 0.1808333328125 0.806 0.17916666718750002 0.8113333328125 0.1741666671875 0.8220000000000001 0.1741666671875 0.8286666671875 0.175 0.8300000000000001 0.17625 0.8306666671875 0.1795833328125 0.8266666671875 0.18125 0.8266666671875 0.1866666671875 0.8166666671874999 0.1891666671875 0.8086666671874999
0 0.3528158328125 0.5393026671875 0.3443625 0.5359213328125 0.33908 0.537612 0.33908 0.5443746671875 0.348325 0.5511373328125 0.3528158328125 0.5393026671875
0 0.37051416718749997 0.4771733328125 0.37051416718749997 0.48985200000000007 0.3736841671875 0.493656 0.3810808328125 0.4877386671875 0.38160916718750004 0.487316 0.3842508328125 0.4784413328125 0.375005 0.4733693328125 0.3713066671875 0.4742146671875 0.37051416718749997 0.4771733328125
0 0.3322116671875 0.612844 0.3319475 0.6187613328125 0.3364383328125 0.6200293328125001 0.3385516671875 0.612844 0.3322116671875 0.612844
0 0.3599483328125 0.5435293328124999 0.3599483328125 0.5346533328125 0.3567783328125 0.53254 0.354665 0.5321173328125 0.354665 0.542684 0.3551933328125 0.5473333328125001 0.3586275 0.550292 0.3599483328125 0.5435293328124999
0 0.3868925 0.33304933281250004 0.3861 0.32966799999999996 0.3821375 0.336008 0.38293 0.3423466671875 0.3874208328125 0.341924 0.3868925 0.33304933281250004
0 0.375005 0.3085346671875 0.37315583281250003 0.302196 0.3707783328125 0.30430799999999997 0.3715708328125 0.3136066671875 0.3736841671875 0.3174106671875 0.375005 0.31276133281249996 0.375005 0.3085346671875
0 0.3879491671875 0.3241733328125 0.3900616671875 0.32966799999999996 0.3919108328125 0.3338946671875 0.39376 0.31233866718750003 0.3924391671875 0.3072666671875 0.3895333328125 0.30938 0.3871566671875 0.313184 0.3871566671875 0.31910133281249997 0.3879491671875 0.3241733328125
0 0.4653466671875 0.2426013328125 0.4698375 0.2349933328125 0.46191250000000006 0.235416 0.4603275 0.23752933281250002 0.456365 0.24344666718750002 0.4574216671875 0.2514773328125 0.4653466671875 0.2426013328125
0 0.6502566671875 0.0266266671875 0.6470866671875 0.03508 0.6447091671875 0.04142 0.6486716671874999 0.043956 0.6539550000000001 0.0333893328125 0.6502566671875 0.0266266671875
