0 0.03046875 0.0578125 0.0359375 0.05625
1 0.09625 0.5106666671875 0.1495833328125 0.4226666671875 0.1729166671875 0.45199999999999996 0.19125 0.44800000000000006 0.2008333328125 0.4313333328125 0.2033333328125 0.4153333328125 0.2008333328125 0.39 0.1941666671875 0.3713333328125 0.21875 0.348 0.27458333281249997 0.3093333328125 0.275 0.2966666671875 0.2304166671875 0.3213333328125 0.18875 0.3546666671875 0.1691666671875 0.314 0.14791666718750002 0.288 0.12041666718749999 0.3 0.10916666718750001 0.3166666671875 0.11416666718749999 0.3513333328125 0.1408333328125 0.41 0.0883333328125 0.49800000000000005 0.0858333328125 0.5046666671875 0.0895833328125 0.5106666671875 0.09625 0.5106666671875
0 0.7837500000000001 0.1573333328125 0.7770833328125 0.16399999999999998 0.7654166671875 0.1586666671875 0.7583333328124999 0.174 0.7516666671875 0.2073333328125 0.76375 0.2173333328125 0.77125 0.236 0.7849999999999999 0.2153333328125 0.7849999999999999 0.1993333328125 0.7775000000000001 0.1966666671875 0.78 0.1873333328125 0.7975 0.186 0.7991666671875 0.16999999999999998 0.7966666671875 0.1566666671875 0.7837500000000001 0.1573333328125
0 0.8045833328124999 0.43200000000000005 0.7891666671875 0.45933333281250005 0.7883333328125001 0.47133333281249995 0.8129166671875 0.484 0.8208333328125 0.454 0.8133333328125 0.44733333281250004 0.8141666671875001 0.43533333281250003 0.8083333328125001 0.4313333328125 0.8045833328124999 0.43200000000000005
0 0.7645833328125 0.32799999999999996 0.7504166671875 0.324 0.7491666671874999 0.33399999999999996 0.7558333328125 0.3473333328125 0.7537499999999999 0.3506666671875 0.72375 0.33599999999999997 0.7183333328125 0.3406666671875 0.74125 0.36266666718749996 0.7579166671875 0.3613333328125 0.765 0.3393333328125 0.7845833328125 0.3253333328125 0.7841666671875 0.318 0.7645833328125 0.32799999999999996
0 0.5025000000000001 0.0166666671875 0.4916666671875 0.0606666671875 0.5204166671875 0.0826666671875 0.5349999999999999 0.0366666671875 0.5066666671875 0.0126666671875 0.5025000000000001 0.0166666671875
0 0.4895833328125 0.10400000000000001 0.47750000000000004 0.1153333328125 0.4879166671875 0.1266666671875 0.5125 0.1166666671875 0.5025000000000001 0.10466666718749999 0.4895833328125 0.10400000000000001
0 0.5633333328125001 0.1393333328125 0.5645833328125 0.152 0.57375 0.1546666671875 0.5775 0.15 0.5791666671875 0.1393333328125 0.575 0.13 0.5633333328125001 0.1393333328125
0 0.6224999999999999 0.2966666671875 0.6279166671875 0.312 0.63625 0.31466666718749997 0.6366666671875 0.29933333281249996 0.6333333328124999 0.294 0.6224999999999999 0.2966666671875
0 0.6983333328125 0.314 0.6958333328124999 0.3273333328125 0.70625 0.3333333328125 0.7125 0.322 0.7025 0.31266666718749997 0.6983333328125 0.314
0 0.6845833328125 0.3 0.6833333328125 0.306 0.6991666671875 0.3086666671875 0.6970833328125 0.30133333281249997 0.6908333328125 0.3006666671875 0.6845833328125 0.3
0 0.6920833328125 0.2653333328125 0.6916666671875 0.2713333328125 0.7029166671875 0.27599999999999997 0.7075 0.2713333328125 0.7 0.2646666671875 0.6920833328125 0.2653333328125
0 0.73125 0.09733333281249999 0.7216666671875 0.1153333328125 0.7379166671874999 0.1186666671875 0.7441666671875 0.1086666671875 0.7458333328125 0.0966666671875 0.73125 0.09733333281249999
0 0.5254166671875 0.628 0.5083333328124999 0.654 0.5279166671875 0.688 0.5525 0.6606666671875 0.5516666671875 0.654 0.5325 0.6246666671875001 0.5254166671875 0.628
0 0.5599999999999999 0.774 0.5570833328125 0.7866666671875 0.5558333328125 0.7753333328124999 0.5520833328125 0.7733333328125 0.54625 0.784 0.53625 0.7813333328125001 0.5316666671875 0.7873333328125 0.5358333328125 0.8073333328125001 0.55625 0.8293333328125 0.5616666671874999 0.818 0.5625 0.7913333328125 0.5675 0.782 0.5641666671875 0.774 0.5599999999999999 0.774
0 0.5008333328125001 0.7313333328125 0.5025000000000001 0.742 0.49749999999999994 0.7526666671875 0.49833333281250003 0.7633333328125 0.5104166671875 0.772 0.5254166671875 0.7706666671875 0.52 0.738 0.5066666671875 0.726 0.5008333328125001 0.7313333328125
0 0.605 0.7953333328125 0.6070833328125 0.8266666671875 0.61 0.8246666671874999 0.6108333328125 0.8073333328125001 0.615 0.7993333328125 0.6083333328125 0.7926666671875 0.605 0.7953333328125
0 0.65 0.7806666671875 0.65625 0.7986666671875 0.6641666671875 0.7926666671875 0.6591666671875 0.7766666671875 0.65 0.7806666671875
0 0.6537499999999999 0.6759999999999999 0.6508333328125 0.6846666671875 0.6525000000000001 0.706 0.6495833328125 0.7253333328125 0.6599999999999999 0.7153333328125 0.6645833328124999 0.7013333328125 0.67875 0.7026666671874999 0.6808333328125 0.6980000000000001 0.67875 0.6906666671874999 0.6595833328125 0.6866666671874999 0.6566666671875 0.6766666671875 0.6537499999999999 0.6759999999999999
0 0.6316666671875 0.6726666671875 0.6308333328125 0.6833333328125 0.63375 0.6893333328125 0.6429166671875 0.692 0.6483333328125 0.6846666671875 0.6425 0.6686666671875 0.6316666671875 0.6726666671875
0 0.6945833328125001 0.516 0.6916666671875 0.5286666671875 0.7154166671875 0.5586666671875 0.7291666671875 0.5406666671875 0.73 0.5313333328125001 0.7108333328125 0.5153333328125 0.6945833328125001 0.516
0 0.7529166671875 0.5186666671875 0.7483333328125 0.5286666671875 0.75 0.5353333328125001 0.7570833328125001 0.544 0.76625 0.5413333328125 0.7683333328125 0.534 0.765 0.5273333328125 0.7733333328125 0.5153333328125 0.7716666671875 0.51 0.7529166671875 0.5186666671875
0 0.6125 0.6273333328125 0.6041666671875 0.6473333328125 0.60625 0.6506666671875 0.625 0.65 0.6216666671875 0.642 0.6224999999999999 0.6206666671875001 0.6125 0.6273333328125
0 0.69875 0.44666666718750003 0.6966666671875 0.454 0.7162499999999999 0.45866666718750004 0.7158333328125 0.442 0.69875 0.44666666718750003
0 0.7787499999999999 0.40533333281250006 0.775 0.4166666671875 0.7804166671874999 0.42000000000000004 0.79375 0.41600000000000004 0.7883333328125001 0.40599999999999997 0.7787499999999999 0.40533333281250006
0 0.76125 0.37333333281250003 0.76 0.3806666671875 0.7695833328125 0.384 0.7683333328125 0.37266666718749997 0.76125 0.37333333281250003
0 0.7825 0.3406666671875 0.7854166671875 0.3466666671875 0.7941666671875 0.34199999999999997 0.79 0.3353333328125 0.7825 0.3406666671875
0 0.7520833328125 0.4026666671875 0.7516666671875 0.4086666671875 0.7570833328125001 0.40933333281250006 0.7575000000000001 0.4033333328125 0.7520833328125 0.4026666671875
0 0.6775 0.4273333328125 0.6829166671875 0.4386666671875 0.6891666671875 0.4326666671875 0.6849999999999999 0.422 0.6775 0.4273333328125
0 0.3379166671875 0.9133333328125 0.3375 0.9286666671875 0.35291666718750003 0.9253333328125001 0.35583333281249996 0.9166666671874999 0.3508333328125 0.9126666671875 0.3379166671875 0.9133333328125
0 0.3695833328125 0.8906666671875 0.36833333281249997 0.9006666671874999 0.37625000000000003 0.9039999999999999 0.3775 0.89 0.3695833328125 0.8906666671875
0 0.365 0.9179999999999999 0.36666666718749996 0.9313333328125 0.37875000000000003 0.952 0.3825 0.9433333328125 0.3691666671875 0.9166666671874999 0.365 0.9179999999999999
0 0.3404166671875 0.9400000000000001 0.3366666671875 0.9553333328125 0.34541666718749997 0.9573333328125001 0.35583333281249996 0.9473333328125 0.35583333281249996 0.9406666671874999 0.3404166671875 0.9400000000000001
0 0.4995833328125 1 0.5020833328125 0.9893333328124999 0.52625 0.9973333328124999 0.5325 0.942 0.5295833328125 0.9359999999999999 0.5220833328125 0.9373333328125 0.5125 0.93 0.49874999999999997 0.9359999999999999 0.49458333281250005 0.9546666671875 0.4795833328125 0.9466666671875 0.4725 0.9886666671875 0.48125 1 0.4995833328125 1
0 0.545 0.8953333328124999 0.5470833328125 0.9186666671875001 0.5525 0.9126666671875 0.5525 0.8966666671875 0.55 0.8939999999999999 0.545 0.8953333328124999
0 0.5566666671875 0.9179999999999999 0.5670833328125 0.9293333328125 0.5683333328125 0.9246666671874999 0.5625 0.9179999999999999 0.5566666671875 0.9179999999999999
0 0.5791666671875 0.9046666671875 0.58125 0.916 0.5866666671874999 0.9113333328125 0.585 0.9033333328125 0.5791666671875 0.9046666671875
0 0.5783333328125 0.8793333328124999 0.5783333328125 0.8873333328124999 0.5820833328125 0.8960000000000001 0.585 0.882 0.5816666671874999 0.8779999999999999 0.5783333328125 0.8793333328124999
0 0.6391666671875 0.8206666671875 0.6420833328125 0.8306666671875 0.6491666671874999 0.8273333328125 0.6491666671874999 0.8206666671875 0.645 0.8166666671874999 0.6391666671875 0.8206666671875
0 0.525 0.89 0.52625 0.9013333328125 0.5316666671875 0.8993333328125 0.53 0.8886666671875 0.525 0.89
0 0.5025000000000001 0.8046666671875 0.5037499999999999 0.8160000000000001 0.5125 0.8153333328124999 0.51 0.8019999999999999 0.5025000000000001 0.8046666671875
0 0.42000000000000004 0.8793333328124999 0.4204166671875 0.8986666671875 0.425 0.8726666671875 0.42000000000000004 0.8793333328124999
0 0.4591666671875 0.8686666671875001 0.47125000000000006 0.8773333328125 0.4725 0.8699999999999999 0.4683333328125 0.8673333328125 0.4591666671875 0.8686666671875001
0 0.44333333281250004 0.8859999999999999 0.44291666718749995 0.9026666671875001 0.45583333281250005 0.8939999999999999 0.4516666671875 0.8833333328125 0.44333333281250004 0.8859999999999999
0 0.44749999999999995 0.922 0.4491666671875 0.9339999999999999 0.45541666718749996 0.9453333328125 0.4566666671875 0.9193333328125 0.44749999999999995 0.922
0 0.46333333281250005 0.9406666671874999 0.46708333281250003 0.9533333328125 0.4754166671875 0.9506666671874999 0.4783333328125 0.9433333328125 0.47083333281249995 0.9313333328125 0.46333333281250005 0.9406666671874999
0 0.3991666671875 0.9033333328125 0.39958333281249997 0.9199999999999999 0.4033333328125 0.914 0.40416666718750005 0.9006666671874999 0.3991666671875 0.9033333328125
0 0.0358333328125 0.906 0.0395833328125 0.932 0.0658333328125 0.9246666671874999 0.055416667187500004 0.9093333328125001 0.042499999999999996 0.906 0.0358333328125 0.906
0 0.2666666671875 0.9633333328125 0.2679166671875 0.976 0.27749999999999997 0.974 0.2766666671875 0.958 0.2666666671875 0.9633333328125
0 0.28250000000000003 0.8233333328124999 0.2858333328125 0.8526666671875001 0.2979166671875 0.8560000000000001 0.3 0.8366666671875 0.29625 0.8226666671875 0.29 0.8206666671875 0.28250000000000003 0.8233333328124999
0 0.3291666671875 0.674 0.32625000000000004 0.6906666671874999 0.3491666671875 0.6886666671875 0.34875 0.6839999999999999 0.3341666671875 0.6713333328125 0.3291666671875 0.674
0 0.2945833328125 0.568 0.2733333328125 0.61 0.2870833328125 0.5986666671875 0.30583333281249997 0.5686666671875 0.30583333281249997 0.5633333328125001 0.2945833328125 0.568
0 0.1941666671875 0.5606666671875 0.19624999999999998 0.5773333328125 0.2058333328125 0.5753333328125 0.205 0.5606666671875 0.2008333328125 0.558 0.1941666671875 0.5606666671875
0 0.08 0.6846666671875 0.0670833328125 0.728 0.0866666671875 0.6966666671875 0.09 0.686 0.0875 0.6806666671875 0.08 0.6846666671875
0 0.30583333281249997 0.3286666671875 0.305 0.366 0.3 0.3886666671875 0.3020833328125 0.3986666671875 0.3091666671875 0.3886666671875 0.3125 0.37266666718749997 0.3125 0.3246666671875 0.30583333281249997 0.3286666671875
0 0.13333333281249998 0.21000000000000002 0.14375 0.2266666671875 0.1566666671875 0.2153333328125 0.1416666671875 0.2046666671875 0.13333333281249998 0.21000000000000002
0 0.58375 0.22400000000000003 0.5808333328125 0.23399999999999999 0.58875 0.236 0.6 0.2273333328125 0.5925 0.2246666671875 0.58375 0.22400000000000003
0 0.5862499999999999 0.3573333328125 0.5741666671875 0.37266666718749997 0.59375 0.38533333281250004 0.6058333328125001 0.366 0.60625 0.3586666671875 0.6008333328125001 0.358 0.5862499999999999 0.3573333328125
0 0.5549999999999999 0.686 0.5504166671874999 0.7053333328125 0.5620833328125 0.7066666671874999 0.5700000000000001 0.6953333328125 0.56875 0.6893333328125 0.5599999999999999 0.6846666671875 0.5549999999999999 0.686
0 0.5179166671875 0.6773333328125 0.5158333328125 0.6793333328125 0.5166666671875 0.686 0.5216666671875 0.6940000000000001 0.5220833328125 0.696 0.5254166671875 0.696 0.5275000000000001 0.6913333328125 0.5266666671875 0.6886666671875 0.5191666671874999 0.678 0.5179166671875 0.6773333328125
0 0.5570833328125 0.6573333328125 0.5549999999999999 0.6606666671875 0.5549999999999999 0.6673333328125 0.5570833328125 0.6706666671875 0.5620833328125 0.6719999999999999 0.5641666671875 0.6686666671875 0.5641666671875 0.6646666671875 0.5616666671874999 0.658 0.5570833328125 0.6573333328125
0 0.5662499999999999 0.7653333328125 0.5650000000000001 0.7673333328124999 0.5650000000000001 0.77 0.5662499999999999 0.772 0.56875 0.772 0.5695833328125001 0.7733333328125 0.57375 0.7733333328125 0.5741666671875 0.7726666671875 0.5733333328125 0.7713333328124999 0.5733333328125 0.7673333328124999 0.5708333328124999 0.766 0.5662499999999999 0.7653333328125
0 0.5962500000000001 0.8320000000000001 0.5954166671875 0.8333333328125001 0.5929166671874999 0.8333333328125001 0.5925 0.8380000000000001 0.5962500000000001 0.8426666671874999 0.6004166671875 0.8426666671874999 0.6008333328125001 0.834 0.5974999999999999 0.8326666671874999 0.5962500000000001 0.8320000000000001
0 0.59875 0.8160000000000001 0.5966666671875 0.818 0.5966666671875 0.8233333328124999 0.5995833328125 0.8266666671875 0.6008333328125001 0.826 0.6008333328125001 0.8166666671874999 0.59875 0.8160000000000001
0 0.6070833328125 0.7306666671875 0.605 0.7353333328125 0.6079166671875 0.744 0.6104166671875 0.744 0.6116666671875 0.742 0.6108333328125 0.7406666671875 0.6108333328125 0.734 0.6091666671875 0.7313333328125 0.6070833328125 0.7306666671875
0 0.3770833328125 0.9693333328125 0.3754166671875 0.9706666671875 0.37333333281250003 0.974 0.3725 0.982 0.3754166671875 0.9866666671875001 0.3820833328125 0.9866666671875001 0.3829166671875 0.9880000000000001 0.3854166671875 0.9880000000000001 0.3895833328125 0.9933333328125 0.39125 0.9933333328125 0.3920833328125 0.9946666671875001 0.3933333328125 0.9926666671875 0.3933333328125 0.9913333328125 0.3895833328125 0.9853333328125 0.38708333281249996 0.984 0.38416666718750003 0.9793333328125 0.38416666718750003 0.978 0.3825 0.9753333328125 0.38166666718750003 0.97 0.3770833328125 0.9693333328125
0 0.3179166671875 0.9653333328124999 0.3158333328125 0.9686666671875 0.3158333328125 0.974 0.3179166671875 0.9773333328125 0.32125 0.9773333328125 0.3233333328125 0.974 0.3233333328125 0.9686666671875 0.3225 0.966 0.3179166671875 0.9653333328124999
0 0.6395833328125 0.568 0.6345833328125 0.572 0.6341666671875 0.5766666671875 0.6333333328124999 0.5780000000000001 0.6379166671875 0.5826666671875 0.64375 0.5826666671875 0.645 0.5806666671875 0.645 0.5780000000000001 0.6458333328125 0.5766666671875 0.6458333328125 0.5713333328125 0.6445833328125 0.5693333328125 0.6416666671875 0.5686666671875 0.6395833328125 0.568
0 0.6870833328125 0.4733333328125 0.6866666671874999 0.47800000000000004 0.6891666671875 0.48600000000000004 0.6904166671875 0.488 0.6929166671875 0.488 0.6945833328125001 0.4893333328125 0.6950000000000001 0.48333333281249996 0.6908333328125 0.47400000000000003 0.6870833328125 0.4733333328125
0 0.6666666671875 0.47000000000000003 0.6658333328125 0.47400000000000003 0.6670833328125 0.4773333328125 0.66875 0.47866666718750006 0.67125 0.47866666718750006 0.6725 0.4766666671875 0.6725 0.47400000000000003 0.6733333328125 0.4726666671875 0.6708333328125 0.47000000000000003 0.6666666671875 0.47000000000000003
0 0.43541666718750005 0.808 0.4345833328125 0.8093333328125001 0.4329166671875 0.8093333328125001 0.43166666718749996 0.8113333328125 0.43166666718749996 0.818 0.43375 0.82 0.43624999999999997 0.82 0.4375 0.818 0.4375 0.8140000000000001 0.43583333281250003 0.8086666671874999 0.43541666718750005 0.808
0 0.43916666718749997 0.818 0.4408333328125 0.8233333328124999 0.4408333328125 0.826 0.44166666718750003 0.8273333328125 0.44166666718750003 0.8300000000000001 0.44375 0.8346666671875 0.44458333281250006 0.8346666671875 0.4458333328125 0.8313333328124999 0.4458333328125 0.8286666671875 0.445 0.8273333328125 0.4441666671875 0.8193333328125 0.44333333281250004 0.818 0.43916666718749997 0.818
0 0.41541666718750003 0.9346666671875001 0.41208333281250004 0.9413333328125001 0.4095833328125 0.9413333328125001 0.40875000000000006 0.9400000000000001 0.40791666718749997 0.9413333328125001 0.40458333281250003 0.9426666671874999 0.4025 0.9473333328125 0.4025 0.95 0.40041666718749996 0.9533333328125 0.39625 0.9533333328125 0.395 0.9553333328125 0.395 0.9593333328125 0.40083333281250005 0.9673333328125 0.40125 0.9693333328125 0.4029166671875 0.9706666671875 0.40458333281250003 0.9706666671875 0.40791666718749997 0.968 0.40833333281249995 0.9673333328125 0.40750000000000003 0.966 0.40750000000000003 0.9633333328125 0.4058333328125 0.9606666671875 0.4058333328125 0.9526666671875 0.41208333281250004 0.944 0.4145833328125 0.9466666671875 0.4170833328125 0.9466666671875 0.41875 0.9453333328125 0.42083333281249996 0.942 0.42083333281249996 0.9393333328125 0.4216666671875 0.9380000000000001 0.42125 0.9359999999999999 0.42000000000000004 0.9353333328125 0.41541666718750003 0.9346666671875001
0 0.40791666718749997 0.9213333328125 0.40750000000000003 0.9259999999999999 0.4095833328125 0.9266666671875001 0.41166666718749995 0.9233333328125 0.4108333328125 0.922 0.40791666718749997 0.9213333328125
0 0.49124999999999996 0.7586666671875 0.49000000000000005 0.7606666671875 0.49000000000000005 0.7633333328125 0.4920833328125 0.768 0.4954166671875 0.768 0.49583333281249997 0.7633333328125 0.49458333281250005 0.76 0.4933333328125 0.7593333328125 0.49124999999999996 0.7586666671875
0 0.505 0.7806666671875 0.505 0.786 0.5095833328125 0.7866666671875 0.51 0.786 0.5075000000000001 0.7833333328125 0.5066666671875 0.7806666671875 0.505 0.7806666671875
0 0.46291666718749996 0.8026666671875 0.46166666718749994 0.8046666671875 0.46291666718749996 0.8093333328125001 0.46375 0.8093333328125001 0.4658333328125 0.806 0.465 0.8033333328125 0.46291666718749996 0.8026666671875
0 0.47458333281250004 0.8253333328125001 0.4716666671875 0.8300000000000001 0.4725 0.8313333328124999 0.4725 0.8353333328125 0.47458333281250004 0.8386666671875 0.47791666718750003 0.8373333328125 0.4791666671875 0.834 0.4791666671875 0.8286666671875 0.4766666671875 0.826 0.47458333281250004 0.8253333328125001
0 0.7179166671874999 0.22400000000000003 0.7145833328125 0.2266666671875 0.7091666671875 0.23533333281250002 0.7083333328125 0.24066666718750002 0.7095833328125 0.24266666718750002 0.7129166671875 0.24133333281249997 0.7191666671875 0.23399999999999999 0.72 0.23133333281250001 0.72 0.22599999999999998 0.7183333328125 0.2246666671875 0.7179166671874999 0.22400000000000003
0 0.70625 0.1506666671875 0.7054166671875 0.152 0.7029166671875 0.152 0.7008333328125 0.1553333328125 0.6975 0.1646666671875 0.6979166671875 0.172 0.70125 0.17333333281250002 0.7020833328125 0.17466666718749999 0.70625 0.17466666718749999 0.7108333328125 0.16999999999999998 0.7125 0.1646666671875 0.7125 0.162 0.7133333328125 0.1606666671875 0.7133333328125 0.1553333328125 0.7112499999999999 0.152 0.7066666671874999 0.1513333328125 0.70625 0.1506666671875
0 0.70875 0.049333332812500005 0.7079166671875 0.0506666671875 0.70625 0.0506666671875 0.705 0.054000000000000006 0.705 0.05933333281249999 0.7058333328125 0.0606666671875 0.7058333328125 0.0646666671875 0.7066666671874999 0.066 0.7066666671874999 0.0753333328125 0.7075 0.07666666718750001 0.7075 0.0806666671875 0.70875 0.0826666671875 0.7104166671875001 0.0826666671875 0.7154166671875 0.0786666671875 0.7179166671874999 0.0786666671875 0.71875 0.0773333328125 0.7208333328125 0.07666666718750001 0.72 0.0753333328125 0.7191666671875 0.06999999999999999 0.7158333328125 0.0646666671875 0.7141666671875 0.05933333281249999 0.7125 0.0566666671875 0.7108333328125 0.05 0.70875 0.049333332812500005
0 0.7679166671875 0.02 0.7645833328125 0.0226666671875 0.7604166671875 0.0293333328125 0.7566666671875 0.0326666671875 0.7566666671875 0.0366666671875 0.75875 0.037333332812499995 0.7595833328125 0.036 0.76375 0.036 0.7645833328125 0.0346666671875 0.76625 0.0346666671875 0.77 0.0273333328125 0.77 0.0206666671875 0.7679166671875 0.02
0 0.8237500000000001 0.16933333281250001 0.8204166671875001 0.17333333281250002 0.81875 0.17333333281250002 0.8133333328125 0.1833333328125 0.8108333328124999 0.1913333328125 0.8091666671875 0.194 0.8083333328125001 0.198 0.8066666671875 0.2006666671875 0.8066666671875 0.2046666671875 0.8079166671875001 0.2066666671875 0.8095833328125 0.2066666671875 0.8104166671874999 0.20800000000000002 0.8145833328125001 0.20800000000000002 0.8166666671874999 0.2046666671875 0.8166666671874999 0.2033333328125 0.8183333328125 0.2006666671875 0.8191666671875 0.194 0.8208333328125 0.1886666671875 0.8258333328124999 0.178 0.8258333328124999 0.17133333281250002 0.825 0.16999999999999998 0.8237500000000001 0.16933333281250001
0 0.6556375 0.4640786671875 0.6609200000000001 0.46238799999999997 0.6609200000000001 0.4556253328125 0.651675 0.4488626671875 0.6471841671874999 0.4606973328125 0.6556375 0.4640786671875
0 0.6183908328125 0.5126839999999999 0.6157491671875001 0.5215586671875 0.624995 0.5266306671875001 0.6286933328125001 0.5257853328125 0.6294858328124999 0.5228266671874999 0.6294858328124999 0.5101479999999999 0.6263158328125 0.506344 0.6189191671875001 0.5122613328125001 0.6183908328125 0.5126839999999999
0 0.6677883328124999 0.387156 0.6680525 0.3812386671875 0.6635616671875 0.3799706671875 0.6614483328125 0.387156 0.6677883328124999 0.387156
0 0.645335 0.4678826671875 0.645335 0.45731599999999994 0.6448066671875 0.4526666671875 0.6413725 0.44970800000000005 0.6400516671875 0.4564706671875 0.6400516671875 0.4653466671875 0.6432216671875 0.46746 0.645335 0.4678826671875
0 0.6139 0.6703319999999999 0.6178625 0.663992 0.61707 0.6576533328124999 0.6125791671874999 0.658076 0.6131075 0.6669506671875001 0.6139 0.6703319999999999
0 0.6292216671875 0.695692 0.6284291671875 0.6863933328125 0.6263158328125 0.6825893328125 0.624995 0.6872386671874999 0.624995 0.6914653328125 0.6268441671875 0.697804 0.6292216671875 0.695692
0 0.6075608328125 0.6927333328125 0.6104666671875 0.69062 0.6128433328125 0.686816 0.6128433328125 0.6808986671875 0.6120508328125001 0.6758266671875 0.6099383328125 0.6703319999999999 0.6080891671875001 0.6661053328125 0.60624 0.6876613328125 0.6075608328125 0.6927333328125
0 0.5380874999999999 0.7645839999999999 0.5396725 0.7624706671875 0.543635 0.7565533328125 0.5425783328125 0.7485226671875 0.5346533328125 0.7573986671874999 0.5301625 0.7650066671875 0.5380874999999999 0.7645839999999999
0 0.3529133328125 0.96492 0.3552908328125 0.9585800000000001 0.3513283328125 0.956044 0.346045 0.9666106671874999 0.34974333281250003 0.9733733328125 0.3529133328125 0.96492