0 0.9143333328125 0.2997630328125 0.9246666671874999 0.2766587671875 0.923 0.2701421796875 0.9076666671875 0.2677725125 0.9043333328125 0.251184834375 0.8576666671875 0.23222748750000002 0.852 0.23400473906250002 0.8513333328125 0.2470379140625 0.8553333328124999 0.25414691875 0.852 0.2624407578125 0.8576666671875 0.27843601875 0.9096666671875001 0.2997630328125 0.9143333328125 0.2997630328125
0 0.969 0.3139810421875 0.966 0.31694312812500003 0.9646666671874999 0.33353080625 0.9666666671874999 0.363151659375 0.9996666671875 0.4312796203125 1 0.363151659375 0.969 0.3139810421875
0 0.2926666671875 0.8050947875000001 0.26033333281250004 0.7689573453125 0.251 0.77606635 0.23566666718749998 0.7736966828125 0.23566666718749998 0.77843601875 0.259 0.7985781984375 0.2676666671875 0.8175355453125001 0.2926666671875 0.8050947875000001
0 0.466 0.8738151656250001 0.462 0.8678909953125 0.46266666718750005 0.8453791468749999 0.4596666671875 0.8436018953125 0.453 0.8613744078125001 0.4423333328125 0.8637440765625 0.43333333281249997 0.8584123218749999 0.43166666718749996 0.8447867296875 0.426 0.8797393359375001 0.4363333328125 0.8945497625 0.46299999999999997 0.8933649296875 0.466 0.8738151656250001
0 0.0866666671875 0.8667061609375001 0.0823333328125 0.8459715640625 0.077 0.8447867296875 0.0686666671875 0.8524881515624999 0.0686666671875 0.8773696687499999 0.071 0.88388625625 0.07566666718750001 0.882701421875 0.0866666671875 0.8667061609375001
0 0.145 0.3590047390625 0.146 0.3501184828125 0.1413333328125 0.3252369671875 0.137 0.321090046875 0.11233333281249999 0.3329383890625 0.1106666671875 0.33827014218749996 0.1153333328125 0.35959715625 0.1183333328125 0.369668246875 0.12166666718750001 0.369668246875 0.145 0.3590047390625
0 0.098 0.3086492890625 0.087 0.28672985781250004 0.0826666671875 0.30272511875 0.0793333328125 0.3441943125 0.0943333328125 0.3590047390625 0.10466666718749999 0.3572274875 0.098 0.3086492890625
0 0.5006666671875 0.6344786734375 0.5053333328125 0.6167061609375 0.4843333328125 0.5781990515625 0.46699999999999997 0.5545023703124999 0.4646666671875 0.577606634375 0.46666666718750005 0.6036729859375 0.4996666671875 0.6706161140625 0.5026666671875 0.6558056875 0.5006666671875 0.6344786734375
0 0.4143333328125 0.5379146921875 0.4206666671875 0.5278436015625 0.42400000000000004 0.5124407578125 0.40766666718750005 0.5082938390625 0.40433333281249995 0.49170616093749997 0.357 0.47156398125 0.3513333328125 0.4757109 0.352 0.505331753125 0.3583333328125 0.5189573453125 0.4096666671875 0.5390995265625 0.4143333328125 0.5379146921875
0 0.4566666671875 0.462677725 0.4663333328125 0.4774881515625 0.47000000000000003 0.4709715640625 0.4686666671875 0.44964455000000003 0.49400000000000005 0.42120853125 0.49066666718749996 0.40699052187499996 0.483 0.39336492968750003 0.45899999999999996 0.4194312796875 0.4443333328125 0.408767771875 0.43966666718749997 0.39336492968750003 0.43433333281250003 0.4028436015625 0.425 0.40521327031250004 0.42699999999999994 0.412322275 0.44699999999999995 0.41706161093749994 0.454 0.433056871875 0.4566666671875 0.462677725
0 0.794 0.5669431281249999 0.7616666671875 0.529620853125 0.751 0.5355450234375 0.7376666671875001 0.5343601890625 0.737 0.5402843609375 0.7583333328124999 0.5568720375 0.769 0.5781990515625 0.794 0.5669431281249999
0 0.7343333328125 0.3429881515625 0.752276 0.32966824687499996 0.7526213328125 0.3244549765625 0.7617659999999999 0.318322275 0.7628006671875001 0.3109632703125 0.7652166671875 0.30268364999999997 0.760558 0.28581753593750003 0.7596953328125 0.28152488125 0.757 0.277822275 0.7281206671875 0.2977772515625 0.7258773328125 0.28581753593750003 0.7046546671875 0.295323459375 0.706208 0.30973578125 0.719148 0.307283175 0.7276026671875 0.34101421875 0.7343333328125 0.3429881515625
0 0.9566666671874999 0.74585308125 0.954 0.712677725 0.9356666671875 0.6990521328125 0.9346666671875001 0.7529620859375 0.9263333328125001 0.7736966828125 0.9143333328125 0.779620853125 0.9096666671875001 0.77606635 0.9113333328125 0.7825829390625 0.9263333328125001 0.7926540281250001 0.9523333328125 0.7736966828125 0.9566666671874999 0.74585308125
0 0.9666666671874999 0.6321090046875 0.9626666671875 0.6214454968750001 0.9633333328125 0.6072274875 0.9603333328125 0.604265403125 0.953 0.6220379140625 0.9390000000000001 0.6232227484374999 0.9346666671875001 0.6202606640624999 0.933 0.604265403125 0.9259999999999999 0.638033175 0.9336666671874999 0.6516587671875 0.9423333328125001 0.6552132703125 0.9643333328124999 0.6516587671875 0.9666666671874999 0.6321090046875
0 0.7816953328125 0.7553518953125 0.7780286671875001 0.7464656390625 0.771362 0.7429111374999999 0.768362 0.74705805625 0.7610286671875001 0.7683850703124999 0.7630286671875 0.7754940765625 0.7686953328125 0.7760864921875 0.7810286671875 0.766015403125 0.7816953328125 0.7553518953125
0 0.06733333281250001 0.156990521875 0.0616666671875 0.148104265625 0.0403333328125 0.13862559218749998 0.030333332812500002 0.13862559218749998 0.0286666671875 0.141587678125 0.031333332812499996 0.14869668281249998 0.047 0.16469194375 0.062333332812499996 0.163507109375 0.06733333281250001 0.156990521875
0 0.381 0.2097156390625 0.395 0.2097156390625 0.40366666718750005 0.22630331718750002 0.40933333281250006 0.21623222812499998 0.4046666671875 0.1759478671875 0.385 0.15639810468749998 0.3803333328125 0.15639810468749998 0.371 0.1694312796875 0.3613333328125 0.18424170625 0.3616666671875 0.19075829375 0.3763333328125 0.178909953125 0.38 0.186611375 0.381 0.2097156390625
0 0.2806666671875 0.128554503125 0.26233333281250004 0.1255924171875 0.2613333328125 0.1475118484375 0.25866666718750003 0.15343601875 0.26033333281250004 0.15995260625000002 0.2716666671875 0.1670616109375 0.2733333328125 0.1498815171875 0.2806666671875 0.128554503125
0 0.6466666671875 0.1143364921875 0.6406666671875 0.0859004734375 0.6356666671875 0.0841232234375 0.6136666671875 0.0947867296875 0.616 0.1155213265625 0.6193333328125 0.128554503125 0.6216666671875 0.12914691875 0.6466666671875 0.1143364921875
0 0.765 0.0936018953125 0.773 0.0781990515625 0.7833333328125 0.07168246406249999 0.7753333328124999 0.0432464453125 0.77 0.037322275 0.769 0.014218009374999998 0.7633333328125 0.0183649296875 0.7626666671875 0.037322275 0.7586666671875 0.04798578125 0.74 0.07997630312500001 0.7406666671875 0.0906398109375 0.749 0.1066350703125 0.755 0.0947867296875 0.765 0.0936018953125
0 0.5980000000000001 0.0681279625 0.5883333328125 0.046208531250000004 0.58 0.10011848281249999 0.5820000000000001 0.1072274875 0.5963333328125 0.119668246875 0.6053333328125 0.1167061609375 0.5980000000000001 0.0681279625
0 0.4306666671875 0.5669431281249999 0.42699999999999994 0.5580568718750001 0.4233333328125 0.564573459375 0.4226666671875 0.5823459718749999 0.4286666671875 0.654620853125 0.43200000000000005 0.686611375 0.43833333281250003 0.688388625 0.4306666671875 0.5669431281249999
0 0.1226666671875 0.724526065625 0.1176666671875 0.7109004734375 0.10133333281250001 0.6937203796875 0.0836666671875 0.6528436015625 0.0783333328125 0.650473934375 0.0786666671875 0.656990521875 0.0943333328125 0.694312796875 0.1183333328125 0.7251184828125 0.1226666671875 0.724526065625
0 0.8726666671875 0.5112559234375 0.8630000000000001 0.4893364921875 0.8550000000000001 0.49407582968749997 0.8460000000000001 0.510071090625 0.8473333328124999 0.5195497625 0.8446666671875 0.5444312796874999 0.857 0.545023696875 0.8720000000000001 0.525473934375 0.8726666671875 0.5112559234375
0 0.6593333328125001 0.21267772499999998 0.6586666671875 0.20201421874999997 0.639 0.2061611375 0.6346666671875 0.21149289062499999 0.6353333328125 0.21978672968750002 0.6403333328125 0.22393364999999998 0.6556666671875 0.2168246453125 0.6593333328125001 0.21267772499999998
0 0.5036666671875001 0.57227488125 0.506 0.5669431281249999 0.5053333328125 0.5598341234374999 0.4863333328125 0.5225118484375 0.47866666718750006 0.525473934375 0.4733333328125 0.5456161140625 0.475 0.5485781984375 0.4796666671875 0.547393365625 0.4943333328125 0.575829384375 0.5036666671875001 0.57227488125
0 0.13333333281249998 0.47689573437500005 0.1296666671875 0.47037914687500004 0.1223333328125 0.472748815625 0.1193333328125 0.48281990468749997 0.1213333328125 0.489928909375 0.1243333328125 0.49526066406249997 0.13233333281249998 0.4905213265625 0.13333333281249998 0.47689573437500005
0 0.158 0.44253554531250006 0.1523333328125 0.43957345937500003 0.137 0.4466824640625 0.1346666671875 0.44964455000000003 0.13533333281249998 0.46030805625 0.14566666718750002 0.4620853078125 0.1563333328125 0.4561611375 0.158 0.44253554531250006
0 0.5803333328125 0.604265403125 0.5706666671875 0.611966825 0.5706666671875 0.6368483406250001 0.5743333328125 0.6421800953125001 0.5866666671874999 0.62736966875 0.5803333328125 0.604265403125
0 0.5326666671875 0.6830568718750001 0.5309999999999999 0.65995260625 0.5236666671875 0.6646919437500001 0.5146666671875 0.685426540625 0.5093333328125 0.7055687203125001 0.5093333328125 0.7174170609375 0.5183333328125 0.7156398109375 0.528 0.7031990515625 0.5326666671875 0.6830568718750001
0 0.63 0.69964455 0.6306666671875 0.6889810421875 0.6256666671875 0.6836492890625 0.6196666671875 0.6931279625 0.6116666671875 0.6919431281249999 0.6086666671875001 0.70201421875 0.6093333328125 0.71504739375 0.6123333328125 0.72156398125 0.6176666671875 0.72156398125 0.63 0.69964455
0 0.6126666671875001 0.638033175 0.6056666671875 0.6232227484374999 0.6 0.6321090046875 0.5993333328125 0.6475118484375 0.5886666671875 0.6581753546875 0.592 0.6759478671875 0.5963333328125 0.67535545 0.614 0.65343601875 0.6126666671875001 0.638033175
0 0.9553333328125 0.20082938437500003 0.9573333328125001 0.2257109 0.9683333328125 0.2393364921875 0.9713333328125 0.23400473906250002 0.9693333328125 0.21149289062499999 0.9946666671875001 0.180687203125 0.9906666671875 0.1640995265625 0.9843333328125 0.15402843593749999 0.9583333328125001 0.18009478750000002 0.9436666671875 0.1658767765625 0.9423333328125001 0.1552132703125 0.9369999999999999 0.16232227500000002 0.9276666671875 0.163507109375 0.9243333328125001 0.1706161140625 0.9296666671875 0.176540284375 0.9476666671875 0.17772511875000002 0.9553333328125 0.20082938437500003
0 0.6333333328124999 0.25059241718749997 0.6346666671875 0.23874407656250002 0.6316666671875 0.23104265468750002 0.623 0.23222748750000002 0.62 0.23874407656250002 0.6206666671875001 0.2470379140625 0.6236666671875 0.2547393359375 0.6276666671875 0.25592417031250003 0.6333333328124999 0.25059241718749997
0 0.624 0.4840047390625 0.6196666671875 0.472748815625 0.603 0.45497630312500004 0.5940000000000001 0.43898104218749995 0.585 0.41350710937499996 0.579 0.412322275 0.5893333328125 0.4413507109375 0.5963333328125 0.4561611375 0.6196666671875 0.48578199062499994 0.624 0.4840047390625
0 0.9406666671874999 0.4401658765625 0.9333333328125001 0.3370853078125 0.9296666671875 0.3187203796875 0.9256666671874999 0.3187203796875 0.9233333328125 0.3240521328125 0.9233333328125 0.35367298593749996 0.9336666671874999 0.45379146875 0.9400000000000001 0.44845971562500003 0.9406666671874999 0.4401658765625
0 0.9593333328125 0.3098341234375 0.943 0.2985781984375 0.9383333328125 0.3021327015625 0.9373333328125 0.3098341234375 0.9433333328125 0.3181279625 0.9453333328125 0.32760663437500004 0.953 0.3305687203125 0.9573333328125001 0.3228672984375 0.9593333328125 0.3098341234375
0 0.6903333328125 0.57227488125 0.6933333328125 0.5716824640625 0.6896666671875 0.55924170625 0.6736666671875 0.5426540281250001 0.6593333328125001 0.507701421875 0.651 0.49763033125 0.65 0.50414691875 0.6546666671875 0.510071090625 0.6626666671875 0.533767771875 0.671 0.5485781984375 0.6849999999999999 0.561611375 0.6903333328125 0.57227488125
0 0.2846666671875 0.5550947875000001 0.27999999999999997 0.5396919437500001 0.2826666671875 0.5302132703125 0.279 0.51540284375 0.266 0.5195497625 0.266 0.5266587671875 0.272 0.5396919437500001 0.2706666671875 0.553909953125 0.275 0.5627962078125 0.2823333328125 0.561611375 0.2846666671875 0.5550947875000001
0 0.08399999999999999 0.9117298578125 0.0816666671875 0.9040284359375 0.075 0.9052132703125 0.074 0.9140995265624999 0.0783333328125 0.928909953125 0.0826666671875 0.9259478671875 0.08399999999999999 0.9117298578125
0 0.7643333328125 0.5947867296875 0.747 0.59004739375 0.744 0.595379146875 0.7446666671875 0.6013033171875 0.761 0.6255924171875 0.7673333328124999 0.6001184828125 0.7643333328125 0.5947867296875
0 0.819 0.912322275 0.8160000000000001 0.9129146921875 0.8160000000000001 0.9223933656250001 0.8223333328125 0.9336492890624999 0.8306666671875 0.9295023703125 0.819 0.912322275
0 0.31766666718750003 0.7168246453125 0.3043333328125 0.6990521328125 0.2996666671875 0.6990521328125 0.3006666671875 0.7043838859375 0.3116666671875 0.72156398125 0.3226666671875 0.729265403125 0.31766666718750003 0.7168246453125
0 0.3056666671875 0.40165876718750004 0.2983333328125 0.408767771875 0.292 0.40817535468750005 0.29300000000000004 0.4300947875 0.29700000000000004 0.4300947875 0.3066666671875 0.41409952656250004 0.3056666671875 0.40165876718750004
0 0.7536666671875001 0.2002369671875 0.7503333328124999 0.2002369671875 0.7453333328125 0.21149289062499999 0.7456666671875001 0.22748815156250002 0.7506666671875 0.2257109 0.7553333328125 0.2055687203125 0.7536666671875001 0.2002369671875
0 0.704 0.3370853078125 0.7046666671875 0.3252369671875 0.7016666671875 0.3187203796875 0.6943333328125 0.3187203796875 0.6913333328125 0.3240521328125 0.692 0.3347156390625 0.6943333328125 0.341232228125 0.6983333328125 0.3424170609375 0.704 0.3370853078125
0 0.577 0.6658767765625 0.576 0.672393365625 0.58 0.686611375 0.5826666671875 0.685426540625 0.5826666671875 0.6735781984375 0.577 0.6658767765625
0 0.5857333328125 0.6593601890625 0.5871333328125 0.6536729859375 0.5817333328125 0.6488151656250001 0.5734666671875 0.6483412328125 0.5739333328125 0.6540284359374999 0.5816666671874999 0.6601895734375 0.5857333328125 0.6593601890625
0 0.6146 0.5689573453125 0.6166 0.561137440625 0.6156666671875 0.5580568718750001 0.6116666671875 0.5568720375 0.6082 0.5614928906250001 0.6066666671875 0.5716824640625 0.6066666671875 0.5764218015625 0.6073333328125 0.57879146875 0.61 0.5779620859375 0.6105333328125 0.5684834125 0.6146 0.5689573453125
0 0.5791999999999999 0.5639810421875 0.5826 0.563388625 0.5832666671875 0.5612559234375001 0.583 0.5590047390625 0.5818 0.5577014218749999 0.5811333328125 0.5505924171875 0.5820000000000001 0.5396919437500001 0.581 0.5379146921875 0.577 0.5390995265625 0.5754666671875001 0.5431279625000001 0.5740000000000001 0.5468009484375 0.5745333328125 0.5490521328125 0.5746666671875 0.5562796203125 0.5746666671875 0.5598341234374999 0.5765333328125 0.5637440765624999 0.5776666671874999 0.5644549765625 0.5791999999999999 0.5639810421875
0 0.6596666671875 0.5507109 0.6551333328125 0.543009478125 0.6527333328125 0.54656398125 0.6531333328125 0.54656398125 0.6573333328125 0.55343601875 0.6596666671875 0.5507109
0 0.6325999999999999 0.570023696875 0.6309333328125 0.5728672984375 0.6397333328125 0.58424170625 0.6416666671875 0.5817535546875 0.6325999999999999 0.570023696875
0 0.6861333328125 0.62263033125 0.6891333328125 0.629265403125 0.6918 0.6270142187500001 0.6876666671875 0.61646919375 0.6841999999999999 0.6189573453125 0.6810666671875001 0.6182464453125001 0.6792 0.6191943125 0.6822666671875 0.6244075828125 0.6861333328125 0.62263033125
0 0.7123333328125 0.6438388625 0.7123333328125 0.6367298578125 0.7133333328125 0.6349526062499999 0.716 0.6349526062499999 0.717 0.6331753546875001 0.717 0.6308056875 0.7176666671875 0.6296208531249999 0.717 0.62606635 0.714 0.620734596875 0.7093333328125 0.620734596875 0.709 0.6236966828125 0.7083333328125 0.6248815171875 0.7083333328125 0.627251184375 0.7076666671875 0.62843601875 0.7076666671875 0.6450236968749999 0.7093333328125 0.64798578125 0.71 0.6468009484375 0.7113333328125 0.6468009484375 0.7123333328125 0.6438388625
0 0.7 0.6139810421874999 0.7018 0.6155213265625 0.7061333328125 0.6011848343749999 0.7038666671875 0.59893365 0.7 0.6139810421874999
0 0.7602 0.6734597156250001 0.7608666671875 0.67464455 0.7622 0.67464455 0.7648666671875 0.6710900468750001 0.7692 0.6682464453125 0.7692 0.664928909375 0.7696 0.661966825 0.7648666671875 0.65924170625 0.7622 0.65888625625 0.7602 0.6568720375 0.7575333328125 0.6568720375 0.7538666671875001 0.663388625 0.7540666671875 0.6716824640625 0.7565999999999999 0.671445496875 0.7588666671875 0.6734597156250001 0.7602 0.6734597156250001
0 0.7480666671875 0.62736966875 0.7432000000000001 0.6296208531249999 0.7483333328125 0.6372037921875 0.7507333328125 0.6316350703125 0.7480666671875 0.62736966875
0 0.7817333328125 0.63459715625 0.7795333328125 0.63424170625 0.7805333328125 0.641587678125 0.7821333328125 0.6413507109375 0.7817333328125 0.63459715625
0 0.8854666671875 0.5962085312500001 0.8800666671874999 0.5879146921875 0.875 0.5875592421875 0.875 0.5920616109375 0.882 0.600473934375 0.8854666671875 0.5962085312500001
0 0.8526 0.6279620859375 0.8493999999999999 0.6232227484374999 0.8448 0.6235781984375001 0.8455333328125001 0.6274881515625 0.8496666671875 0.6304502375000001 0.8526 0.6279620859375
0 0.8641333328125 0.6540284359374999 0.8621333328125 0.65414691875 0.8624 0.6622037921875 0.8642 0.661848340625 0.8641333328125 0.6540284359374999
0 0.8246666671874999 0.6082938390625 0.8244666671875001 0.611966825 0.8284666671875 0.6144549765625 0.8282666671875001 0.6075829390624999 0.8246666671874999 0.6082938390625
0 0.7970666671875 0.5804502375 0.7972666671875 0.5757109 0.7944666671875 0.5731042656249999 0.7920666671875 0.5764218015625 0.7934 0.5821090046874999 0.7954666671874999 0.580687203125 0.7970666671875 0.5804502375
0 0.7934666671875 0.570734596875 0.8009333328125001 0.5635071093749999 0.7942 0.554976303125 0.7934666671875 0.570734596875
0 0.8039999999999999 0.537677725 0.8038000000000001 0.5459715640625 0.8053333328125 0.54585308125 0.8055333328125001 0.538033175 0.8039999999999999 0.537677725
0 0.8064 0.4997630328125 0.8037333328124999 0.49964455 0.8037333328124999 0.49526066406249997 0.7995333328124999 0.49537914687500006 0.7990666671875 0.502606634375 0.8060666671875 0.5029620859375 0.8064 0.4997630328125
0 0.8061333328125 0.47736966875000003 0.8038666671874999 0.487677725 0.8089333328125001 0.48921800937500004 0.8109999999999999 0.48578199062499994 0.8061333328125 0.47736966875000003
0 0.8200666671875 0.4901658765625 0.8220666671875 0.4859004734375 0.8016666671875001 0.457345971875 0.7996000000000001 0.46125592343750005 0.8200666671875 0.4901658765625
0 0.38671875 0.9578125 0.06484375 0.08359375
0 0.2015625 0.859375 0.040625 0.0546875
0 0.11333333281249999 0.878554503125 0.1076666671875 0.8637440765625 0.10300000000000001 0.8625592421875 0.098 0.875 0.098 0.8868483406250001 0.088 0.8975118484375001 0.09 0.91646919375 0.0943333328125 0.9158767765625001 0.11399999999999999 0.8939573453125 0.11333333281249999 0.878554503125
0 0.26328125 0.90625 0.0203125 0.02578125
0 0.3828125 0.834375 0.01640625 0.01953125
0 0.3875 0.73828125 0.0171875 0.0171875
0 0.0328125 0.6875 0.01953125 0.03515625
0 0.315625 0.5046875 0.015625 0.0234375
0 0.2265625 0.47734375 0.0125 0.02109375
0 0.25233333281250003 0.43957345937500003 0.24666666718750002 0.44609004687500003 0.24466666718750002 0.46504739375000004 0.25 0.46504739375000004 0.254 0.44845971562500003 0.25233333281250003 0.43957345937500003
0 0.0176666671875 0.4158767765625 0.0116666671875 0.4158767765625 0.008 0.42120853125 0.008 0.44253554531250006 0.0123333328125 0.44431279687499997 0.0166666671875 0.43898104218749995 0.0176666671875 0.4158767765625
0 0.072 0.44964455000000003 0.0616666671875 0.4490521328125 0.061333332812499995 0.46030805625 0.06833333281250001 0.46090047343749996 0.072 0.4555687203125 0.072 0.44964455000000003
0 0.092 0.462677725 0.0943333328125 0.46682464531249995 0.09733333281249999 0.46149289062500004 0.0936666671875 0.457345971875 0.092 0.462677725
0 0.17033333281250002 0.6528436015625 0.16933333281250001 0.6617298578125 0.173 0.6658767765625 0.176 0.6581753546875 0.17033333281250002 0.6528436015625
0 0.2236666671875 0.1978672984375 0.22000000000000003 0.20201421874999997 0.2206666671875 0.2091232234375 0.2236666671875 0.21327014218749998 0.2273333328125 0.21149289062499999 0.2236666671875 0.1978672984375
0 0.1883333328125 0.30805687187499997 0.1846666671875 0.3098341234375 0.1853333328125 0.314573459375 0.189 0.31990521250000004 0.194 0.3181279625 0.1883333328125 0.30805687187499997
0 0.028826 0.2274075828125 0.0186666671875 0.257701421875 0.024 0.255331753125 0.031333332812499996 0.2328199046875 0.028826 0.2274075828125
0 0.0559826671875 0.264218009375 0.0529826671875 0.2671800953125 0.05364933281249999 0.287322275 0.057316 0.2890995265625 0.057981332812499994 0.276895734375 0.0559826671875 0.264218009375
0 0.10763199999999999 0.040845971875 0.1002986671875 0.042030806250000004 0.09463200000000001 0.046177724999999996 0.09529866718749999 0.0509170609375 0.10363199999999999 0.05387914687499999 0.10996533281250001 0.044992890625 0.10763199999999999 0.040845971875
0 0.057999999999999996 0.10011848281249999 0.059 0.1101895734375 0.0633333328125 0.10841232187500001 0.063 0.0983412328125 0.057999999999999996 0.10011848281249999
0 0.03828125 0.06953125 0.0234375 0.07421875
0 0.20625 0.45390625 0.0203125 0.05859375
0 0.31328125 0.6359375 0.05390625 0.0984375
0 0.0726666671875 0.788507109375 0.074 0.803909953125 0.08333333281250001 0.80272511875 0.079 0.77843601875 0.0726666671875 0.788507109375
0 0.11499999999999999 0.7985781984375 0.10733333281249999 0.8015402843749999 0.10633333281249999 0.8199052124999999 0.1096666671875 0.8199052124999999 0.1166666671875 0.8062796203125 0.11499999999999999 0.7985781984375
0 0.153 0.9656398109375001 0.14666666718750002 0.9804502375 0.147 0.9881516593749999 0.1596666671875 0.9786729859375001 0.1606666671875 0.9709715640625 0.153 0.9656398109375001
0 0.1803333328125 1 0.1826666671875 0.9887440765625 0.177 0.9834123218749999 0.17266666718749998 0.9899289093749999 0.17266666718749998 0.9958530812499999 0.17433333281250002 1 0.1803333328125 1
0 0.8703559999999999 0.687223934375 0.8700226671875001 0.6972950234375 0.8750226671875 0.699072275 0.8793559999999999 0.6854466828125 0.8703559999999999 0.687223934375
0 0.9123333328125 0.3815165875 0.9073333328125001 0.386848340625 0.9076666671875 0.395734596875 0.923 0.39454976249999996 0.9246666671874999 0.386848340625 0.9123333328125 0.3815165875
0 0.859356 0.350659953125 0.8589413328125 0.3607334125 0.869356 0.3577689578125 0.8656893328124999 0.3476978671875 0.859356 0.350659953125
0 0.9873559999999999 0.459709715625 0.9850633328124999 0.46844194375 0.9963333328124999 0.472748815625 0.9973333328124999 0.4674170609375 0.9873559999999999 0.459709715625
0 0.884512 0.49616943124999996 0.8831786671874999 0.5056481046875 0.890512 0.5044632703125 0.8928453328125 0.4955770140625 0.884512 0.49616943124999996
0 0.8326006671874999 0.5690367296875001 0.8332673328125001 0.5666670609375 0.8326006671874999 0.565482228125 0.8326006671874999 0.55955805625 0.8302673328125 0.554226303125 0.8296006671875 0.5554111374999999 0.8276006671875 0.5554111374999999 0.8262673328125001 0.556595971875 0.825934 0.5583732234375 0.821934 0.565482228125 0.821934 0.5690367296875001 0.822934 0.5708139812499999 0.8242673328125001 0.571998815625 0.8302673328125 0.571998815625 0.8326006671874999 0.5690367296875001
0 0.9439786671875 0.5412322281249999 0.9446453328125 0.5388625593749999 0.9429786671875 0.5359004734374999 0.9389786671874999 0.5347156390625 0.9366453328125001 0.5388625593749999 0.937312 0.54004739375 0.937312 0.5424170609375001 0.938312 0.5441943124999999 0.9416453328125 0.5441943124999999 0.9439786671875 0.5412322281249999
0 0.9563346671874999 0.42037914687500005 0.9563346671874999 0.41327014218749997 0.9533346671875 0.4091232234375 0.950668 0.4091232234375 0.949668 0.4120853078125 0.949668 0.41682464531249996 0.9503346671875 0.4191943125 0.9526680000000001 0.42215639843749997 0.9553346671874999 0.42215639843749997 0.9563346671874999 0.42037914687500005
0 0.6416666671875 0.1718009484375 0.6436666671875 0.17535545 0.646 0.1735781984375 0.646 0.16646919375 0.6453333328124999 0.1652843609375 0.6453333328124999 0.1617298578125 0.646 0.1605450234375 0.646 0.154620853125 0.645 0.15284360156250001 0.6423333328124999 0.15284360156250001 0.6416666671875 0.1516587671875 0.637 0.1516587671875 0.6363333328125 0.150473934375 0.635 0.150473934375 0.632 0.14632701406249998 0.6316666671875 0.1445497625 0.6303333328125 0.1445497625 0.6283333328125 0.1421800953125 0.627 0.1421800953125 0.6266666671875 0.1498815171875 0.626 0.15106635 0.626 0.1581753546875 0.6266666671875 0.1605450234375 0.6303333328125 0.163507109375 0.6323333328125 0.163507109375 0.6416666671875 0.1718009484375
0 0.5826666671875 0.21149289062499999 0.5826666671875 0.2091232234375 0.5833333328125 0.2079383890625 0.5833333328125 0.2031990515625 0.5826666671875 0.20201421874999997 0.5820000000000001 0.19727488124999998 0.5803333328125 0.1954976296875 0.5796666671875 0.1966824640625 0.576 0.19727488124999998 0.576 0.2055687203125 0.5773333328125 0.21030805625000001 0.5796666671875 0.21327014218749998 0.581 0.21327014218749998 0.5826666671875 0.21149289062499999
0 0.5700000000000001 0.2174170609375 0.5700000000000001 0.21149289062499999 0.5690000000000001 0.2097156390625 0.5643333328125 0.2097156390625 0.5636666671875 0.2109004734375 0.562 0.21149289062499999 0.562 0.21860189531250002 0.5636666671875 0.22156398125 0.5656666671874999 0.222748815625 0.5693333328125 0.21978672968750002 0.5700000000000001 0.2174170609375
0 0.5963333328125 0.2168246453125 0.595 0.2168246453125 0.5933333328125 0.21860189531250002 0.5936666671874999 0.22630331718750002 0.5973333328125 0.2257109 0.5973333328125 0.21978672968750002 0.5963333328125 0.2168246453125
0 0.5373333328125 0.06575829375 0.5367733328125001 0.06227132656249999 0.5340126671875 0.0595118484375 0.5328046671875 0.057978673437499996 0.5323333328125 0.05687203749999999 0.5293333328125 0.063388625 0.5296666671875 0.0663507109375 0.5323333328125 0.06990521250000001 0.5343333328125001 0.07109004687500001 0.5373333328125 0.06575829375
0 0.5578233328125 0.030073459375 0.5566153328125 0.02731398125 0.5546666671875 0.027843601562499997 0.554 0.044431279687500005 0.5556666671875 0.047393365625 0.5573333328125 0.0468009484375 0.558168 0.03743365 0.5578233328125 0.030073459375
0 0.6106666671875 0.027843601562499997 0.609 0.0248815171875 0.6083333328125 0.0248815171875 0.6066666671875 0.027843601562499997 0.6066666671875 0.036137440625 0.6076666671875001 0.0379146921875 0.609 0.0379146921875 0.6106666671875 0.034952606250000004 0.6106666671875 0.027843601562499997
0 0.8049799999999999 0.1761244078125 0.8063133328125 0.1713850703125 0.8076353328125 0.167056871875 0.8057513328124999 0.16396682499999998 0.8031426671874999 0.16010308125 0.798924 0.169426540625 0.79398 0.1684229859375 0.793578 0.17169312812499998 0.7934333328125 0.183283175 0.7956066671875 0.18534360156250002 0.7985053328125 0.18534360156250002 0.8049799999999999 0.1761244078125
0 0.8240000000000001 0.26836492968750003 0.8246666671874999 0.2612559234375 0.8230000000000001 0.2582938390625 0.8210000000000001 0.25710900468750003 0.8183333328125 0.25710900468750003 0.8166666671874999 0.25888625625 0.8160000000000001 0.2612559234375 0.8160000000000001 0.270734596875 0.817 0.2725118484375 0.8183333328125 0.2736966828125 0.8203333328125 0.2736966828125 0.8240000000000001 0.26836492968750003
0 0.8081793328125 0.2609798578125 0.808 0.2671800953125 0.8089999999999999 0.2689573453125 0.8111119999999999 0.26619194375 0.8118026671875 0.2631255921875 0.8081793328125 0.2609798578125
0 0.7282926671875 0.23951421874999998 0.7246693328125 0.23552725156249998 0.7216666671875 0.23104265468750002 0.7206666671875 0.2328199046875 0.7206666671875 0.23400473906250002 0.7223333328125 0.23696682500000002 0.7296666671875001 0.246445496875 0.7313333328125 0.24585308125 0.7282926671875 0.23951421874999998
0 0.7041806671875 0.20207701406249998 0.7023333328125 0.1931279625 0.7013333328125 0.19727488124999998 0.7013333328125 0.2043838859375 0.702 0.20675355468749998 0.7070000000000001 0.2097156390625 0.7086666671875 0.20675355468749998 0.7041806671875 0.20207701406249998
0 0.831682 0.196090046875 0.8303486671875 0.18424170625 0.8220153328125 0.15639810468749998 0.8210153328124999 0.1581753546875 0.821682 0.1688388625 0.8290153328125 0.19727488124999998 0.830682 0.1990521328125 0.831682 0.196090046875
0 0.3512106671875 0.861920615625 0.3492106671875 0.86073578125 0.3458773328125 0.861920615625 0.34554399999999996 0.8660675359375001 0.34721066718750004 0.8690296203125 0.3518773328125 0.8690296203125 0.3528773328125 0.8648827015625 0.3512106671875 0.861920615625
0 0.41633333281249996 0.9052132703125 0.417 0.9040284359375 0.41900000000000004 0.9040284359375 0.42033333281249996 0.900473934375 0.42300000000000004 0.898104265625 0.4246666671875 0.8951421796875 0.4246666671875 0.888033175 0.42366666718749996 0.8862559234375 0.41900000000000004 0.8862559234375 0.4183333328125 0.8874407578125 0.41566666718749995 0.8886255921874999 0.4126666671875 0.8951421796875 0.41333333281250006 0.8963270140624999 0.41333333281250006 0.8998815171875 0.4143333328125 0.9028436015624999 0.41500000000000004 0.9028436015624999 0.41633333281249996 0.9052132703125
0 0.42400000000000004 0.8584123218749999 0.42400000000000004 0.8465639812499999 0.4223333328125 0.8436018953125 0.41900000000000004 0.8436018953125 0.418 0.8453791468749999 0.418 0.8536729859375001 0.4186666671875 0.8548578203125 0.4186666671875 0.8584123218749999 0.41966666718749995 0.8601895734375 0.4223333328125 0.8601895734375 0.42400000000000004 0.8584123218749999
0 0.3507893328125 0.5592109 0.35112266718749996 0.55743365 0.350456 0.556248815625 0.350456 0.5526943125 0.3481226671875 0.5521018953125 0.3467893328125 0.5532867296874999 0.3457893328125 0.556248815625 0.3461226671875 0.5592109 0.3481226671875 0.5592109 0.349456 0.560395734375 0.3507893328125 0.5592109
0 0.44140625 0.77890625 0.00625 0.0109375
0 0.46328125 0.7953125 0.00703125 0.0125
0 0.39765625 0.796875 0.00703125 0.015625
0 0.41328125 0.79765625 0.0046875 0.0140625
0 0.35703125 0.7828125 0.0125 0.01875
0 0.35 0.865625 0.0078125 0.0125
0 0.328125 0.84921875 0.00625 0.009375
0 0.36484375 0.8984375 0.0046875 0.009375
0 0.33046875 0.9234375 0.0078125 0.0078125
0 0.43359375 0.98125 0.0046875 0.009375
0 0.47265625 0.88515625 0.0140625 0.02109375
0 0.490625 0.978125 0.00546875 0.0125
0 0.675 0.965625 0.01953125 0.046875
0 0.70234375 0.93046875 0.0125 0.01796875
0 0.609375 0.9625 0.0234375 0.025
0 0.56640625 0.925 0.01015625 0.0203125
0 0.61015625 0.91484375 0.0078125 0.01171875
0 0.63359375 0.83046875 0.02109375 0.03515625
0 0.50546875 0.99296875 0.00859375 0.0125
0 0.7546875 0.86953125 0.01328125 0.01796875
0 0.6984375 0.85703125 0.00625 0.01015625
0 0.69140625 0.88203125 0.00625 0.015625
0 0.7828125 0.953125 0.00703125 0.0125
0 0.81328125 0.97890625 0.00859375 0.02109375
0 0.8421875 0.93984375 0.00625 0.01953125
0 0.80703125 0.86328125 0.0078125 0.01328125
0 0.6953125 0.81953125 0.00703125 0.0140625
0 0.678125 0.75390625 0.00625 0.01484375
0 0.578125 0.7171875 0.00625 0.01171875
0 0.54296875 0.703125 0.009375 0.01484375
0 0.5390625 0.76875 0.0078125 0.015625
0 0.4921875 0.70703125 0.0078125 0.0140625
0 0.46796875 0.6984375 0.0078125 0.01328125
0 0.45390625 0.6546875 0.00703125 0.01875
0 0.56171875 0.5578125 0.01328125 0.01640625
0 0.540625 0.5421875 0.009375 0.015625
0 0.6015625 0.484375 0.0078125 0.0109375
0 0.6078125 0.4375 0.009375 0.0125
0 0.6921875 0.43828125 0.009375 0.01796875
0 0.6890625 0.48046875 0.00859375 0.0125
0 0.905006 0.7259016593750001 0.9046726671875 0.73360308125 0.9103393328125 0.74011966875 0.9120060000000001 0.727678909375 0.905006 0.7259016593750001
0 0.9164580000000001 0.7119052124999999 0.918458 0.7047962078125 0.9101246671875 0.7042037921875 0.9087913328124999 0.7030189578125 0.9071246671875001 0.7059810421875 0.9071246671875001 0.7107203796875 0.906458 0.7119052124999999 0.9071246671875001 0.713090046875 0.9071246671875001 0.715459715625 0.9087913328124999 0.7184218015625 0.9121246671875 0.7184218015625 0.9164580000000001 0.7119052124999999
0 0.9253333328125001 0.6178909953125 0.9253333328125001 0.6072274875 0.9243333328125001 0.604265403125 0.923 0.60308056875 0.9189999999999999 0.60308056875 0.9179999999999999 0.6048578203125 0.9179999999999999 0.6131516593749999 0.9186666671875001 0.6178909953125 0.9203333328125 0.62085308125 0.9236666671875 0.62085308125 0.9253333328125001 0.6178909953125
0 0.91640625 0.6546875 0.01015625 0.01875
0 0.9034493328125001 0.2076812796875 0.9034493328125001 0.20412677656249997 0.901116 0.20116469218750002 0.8964493328125 0.20116469218750002 0.8934493328125 0.2053116109375 0.894116 0.20886611406250002 0.895116 0.21064336562500002 0.901116 0.21064336562500002 0.9034493328125001 0.2076812796875
0 0.83984375 0.24765625 0.00703125 0.01015625
0 0.84609375 0.3171875 0.0046875 0.009375
0 0.87421875 0.2984375 0.00546875 0.00625
0 0.7 0.23671875 0.00703125 0.00625
0 0.6625 0.28515625 0.00546875 0.00703125
0 0.67734375 0.28515625 0.00234375 0.0203125
0 0.8578125 0.72109375 0.009375 0.01328125
0 0.82890625 0.6875 0.00859375 0.0171875
0 0.51484375 0.18359375 0.0171875 0.03828125
0 0.525 0.1234375 0.00546875 0.01640625
0 0.178125 0.03515625 0.01484375 0.02578125
0 0.08046875 0.203125 0.0234375 0.046875
0 0.034375 0.3046875 0.01015625 0.021875
0 0.00625 0.153125 0.009375 0.01953125
0 0.18828125 0.71796875 0.009375 0.0140625
0 0.15703125 0.78828125 0.0125 0.025
1 0.3756666671875 0.3625592421875 0.3883333328125 0.3590047390625 0.3946666671875 0.3418246453125 0.3933333328125 0.31931279687499997 0.42833333281249997 0.279620853125 0.43200000000000005 0.273104265625 0.43200000000000005 0.2659952609375 0.3923333328125 0.3068720375 0.377 0.264218009375 0.3636666671875 0.27132701406250004 0.3566666671875 0.2813981046875 0.3553333328125 0.30272511875 0.3633333328125 0.33827014218749996 0.32366666718750003 0.3779620859375 0.324 0.38566350781250003 0.3323333328125 0.382701421875 0.365 0.3471563984375 0.3756666671875 0.3625592421875