0 0.077 0.7298578203125 0.0923333328125 0.7322274875 0.0956666671875 0.7488151656250001 0.1423333328125 0.7677725125 0.148 0.7659952609375 0.1486666671875 0.7529620859375 0.14466666718750001 0.74585308125 0.148 0.7375592421875 0.1423333328125 0.72156398125 0.0903333328125 0.7002369671875 0.0856666671875 0.7002369671875 0.0753333328125 0.7233412328125 0.077 0.7298578203125
0 0.0353333328125 0.66646919375 0.0333333328125 0.6368483406250001 0.0003333328125 0.5687203796875 0 0.6368483406250001 0.031 0.6860189578125 0.034 0.6830568718750001 0.0353333328125 0.66646919375
0 0.749 0.22393364999999998 0.7643333328125 0.22630331718750002 0.7643333328125 0.22156398125 0.741 0.2014218015625 0.7323333328125 0.1824644546875 0.7073333328125 0.19490521249999998 0.7396666671875 0.23104265468750002 0.749 0.22393364999999998
0 0.5373333328125 0.154620853125 0.5403333328125 0.15639810468749998 0.5469999999999999 0.13862559218749998 0.5576666671875 0.13625592343749998 0.5666666671875 0.141587678125 0.5683333328125 0.1552132703125 0.5740000000000001 0.1202606640625 0.5636666671875 0.1054502375 0.537 0.1066350703125 0.534 0.126184834375 0.538 0.1321090046875 0.5373333328125 0.154620853125
0 0.923 0.1552132703125 0.9313333328125 0.1475118484375 0.9313333328125 0.12263033125 0.9289999999999999 0.11611374375000001 0.9243333328125001 0.117298578125 0.9133333328125 0.1332938390625 0.9176666671874999 0.15402843593749999 0.923 0.1552132703125
0 0.8586666671875 0.6747630328125 0.8630000000000001 0.678909953125 0.8876666671875 0.6670616109374999 0.8893333328124999 0.6617298578125 0.8846666671875001 0.64040284375 0.8816666671875 0.630331753125 0.8783333328125 0.630331753125 0.8550000000000001 0.6409952609375 0.8539999999999999 0.6498815171875 0.8586666671875 0.6747630328125
0 0.9173333328125001 0.69727488125 0.9206666671875 0.6558056875 0.9056666671875 0.6409952609375 0.8953333328124999 0.6427725125 0.9019999999999999 0.6913507109375 0.913 0.7132701421875 0.9173333328125001 0.69727488125
0 0.5156666671875 0.4218009484375 0.533 0.44549762968750006 0.5353333328125001 0.42239336562499996 0.5333333328125 0.39632701406250004 0.5003333328124999 0.3293838859375 0.49733333281250003 0.3441943125 0.4993333328125 0.3655213265625 0.49466666718749996 0.3832938390625 0.5156666671875 0.4218009484375
0 0.576 0.4875592421875 0.5923333328125 0.49170616093749997 0.5956666671875 0.5082938390625 0.643 0.52843601875 0.6486666671875 0.5242891000000001 0.648 0.494668246875 0.6416666671875 0.4810426546875 0.5903333328125 0.46090047343749996 0.5856666671874999 0.4620853078125 0.5793333328125 0.4721563984375 0.576 0.4875592421875
0 0.53 0.5290284359374999 0.5313333328125001 0.55035545 0.506 0.57879146875 0.5093333328125 0.593009478125 0.517 0.6066350703125 0.541 0.5805687203125001 0.5556666671875 0.591232228125 0.5603333328125 0.6066350703125 0.5656666671874999 0.5971563984375 0.575 0.5947867296875 0.5730000000000001 0.587677725 0.553 0.5829383890625001 0.546 0.5669431281249999 0.5433333328125001 0.537322275 0.5336666671875 0.5225118484375 0.53 0.5290284359374999
0 0.24900000000000003 0.4644549765625 0.26233333281250004 0.4656398109375 0.263 0.4597156390625 0.2416666671875 0.4431279625 0.231 0.4218009484375 0.20600000000000002 0.433056871875 0.2383333328125 0.47037914687500004 0.24900000000000003 0.4644549765625
0 0.2473786671875 0.6755450234375 0.238234 0.681677725 0.2371993328125 0.6890367296875 0.23478333281250002 0.69731635 0.23944200000000002 0.7141824640625 0.2403046671875 0.71847511875 0.24300000000000002 0.722177725 0.2718793328125 0.7022227484375 0.2741226671875 0.7141824640625 0.2953453328125 0.704676540625 0.293792 0.69026421875 0.280852 0.692716825 0.2723973328125 0.65898578125 0.2656666671875 0.6570118484374999 0.247724 0.6703317531249999 0.2473786671875 0.6755450234375
0 0.0643333328125 0.3009478671875 0.0653333328125 0.2470379140625 0.0736666671875 0.22630331718750002 0.0856666671875 0.220379146875 0.0903333328125 0.22393364999999998 0.0886666671875 0.2174170609375 0.0736666671875 0.207345971875 0.0476666671875 0.22630331718750002 0.0433333328125 0.25414691875 0.046 0.287322275 0.0643333328125 0.3009478671875
0 0.0366666671875 0.3927725125 0.0396666671875 0.395734596875 0.047 0.3779620859375 0.061 0.37677725156249997 0.0653333328125 0.3797393359375 0.067 0.395734596875 0.074 0.361966825 0.0663333328125 0.3483412328125 0.0576666671875 0.3447867296875 0.0356666671875 0.3483412328125 0.0333333328125 0.36789099531249997 0.037333332812499995 0.378554503125 0.0366666671875 0.3927725125
0 0.22863799999999998 0.25708886249999996 0.231638 0.25294194375 0.2389713328125 0.2316149296875 0.2369713328125 0.22450592343750003 0.2313046671875 0.2239135078125 0.21897133281249997 0.233984596875 0.21830466718750002 0.24464810468749998 0.2219713328125 0.2535343609375 0.22863799999999998 0.25708886249999996
0 0.9596666671875 0.8613744078125001 0.9696666671875 0.8613744078125001 0.9713333328125 0.8584123218749999 0.9686666671875 0.8513033171875 0.953 0.83530805625 0.9376666671875 0.836492890625 0.9326666671874999 0.843009478125 0.9383333328125 0.851895734375 0.9596666671875 0.8613744078125001
0 0.5963333328125 0.7736966828125 0.5906666671874999 0.783767771875 0.5953333328125 0.8240521328125 0.615 0.8436018953125 0.6196666671875 0.8436018953125 0.629 0.8305687203125001 0.6386666671875 0.8157582937500001 0.6383333328125 0.8092417062499999 0.6236666671875 0.821090046875 0.62 0.813388625 0.619 0.7902843609375 0.605 0.7902843609375 0.5963333328125 0.7736966828125
0 0.7386666671875 0.8524881515624999 0.7413333328125 0.8465639812499999 0.7396666671875 0.8400473937499999 0.7283333328125 0.8329383890625 0.7266666671875 0.8501184828125 0.7193333328125 0.871445496875 0.7376666671875001 0.8744075828125 0.7386666671875 0.8524881515624999
0 0.3643333328125 0.9158767765625001 0.3863333328125 0.9052132703125 0.384 0.8844786734375001 0.3806666671875 0.871445496875 0.3783333328125 0.8708530812499999 0.3533333328125 0.8856635078125 0.3593333328125 0.9140995265624999 0.3643333328125 0.9158767765625001
0 0.2166666671875 0.9283175359375001 0.2246666671875 0.9567535546875 0.22999999999999998 0.962677725 0.231 0.985781990625 0.2366666671875 0.9816350703125 0.23733333281250002 0.962677725 0.24133333281249997 0.9520142187499999 0.26 0.920023696875 0.2593333328125 0.9093601890624999 0.251 0.8933649296875 0.24500000000000002 0.9052132703125 0.23500000000000001 0.9063981046875 0.227 0.9218009484374999 0.2166666671875 0.9283175359375001
0 0.42000000000000004 0.8998815171875 0.418 0.8927725125 0.40366666718750005 0.880331753125 0.3946666671875 0.8832938390624999 0.40199999999999997 0.9318720375 0.41166666718749995 0.9537914687500001 0.42000000000000004 0.8998815171875
0 0.5766666671875 0.43542654062499997 0.5773333328125 0.417654028125 0.5713333328125 0.345379146875 0.568 0.31338862500000003 0.5616666671874999 0.31161137499999997 0.5693333328125 0.433056871875 0.5730000000000001 0.441943128125 0.5766666671875 0.43542654062499997
0 0.8986666671875 0.3062796203125 0.9163333328125001 0.3471563984375 0.9216666671875 0.349526065625 0.9213333328125 0.343009478125 0.9056666671875 0.30568720312500003 0.8816666671875 0.2748815171875 0.8773333328125 0.275473934375 0.8823333328125 0.2890995265625 0.8986666671875 0.3062796203125
0 0.145 0.5059241703125 0.154 0.489928909375 0.1526666671875 0.48045023750000004 0.1553333328125 0.4555687203125 0.143 0.45497630312500004 0.128 0.474526065625 0.1273333328125 0.48874407656249996 0.137 0.5106635078124999 0.145 0.5059241703125
0 0.361 0.7938388625 0.3653333328125 0.788507109375 0.36466666718749996 0.7802132703125 0.3596666671875 0.77606635 0.3443333328125 0.7831753546875 0.3406666671875 0.787322275 0.3413333328125 0.79798578125 0.361 0.7938388625
0 0.49466666718749996 0.4401658765625 0.5136666671875 0.4774881515625 0.5213333328124999 0.474526065625 0.5266666671875 0.45438388593749995 0.525 0.45142180156249995 0.5203333328124999 0.45260663437500004 0.5056666671875 0.424170615625 0.49633333281249997 0.42772511875 0.49400000000000005 0.433056871875 0.49466666718749996 0.4401658765625
0 0.8776666671875001 0.5272511843750001 0.8806666671875 0.5171800953125001 0.8786666671875001 0.510071090625 0.8756666671875 0.5047393359375001 0.8676666671875 0.5094786734375 0.8666666671875 0.523104265625 0.8703333328125 0.529620853125 0.8776666671875001 0.5272511843750001
0 0.8630000000000001 0.5533175359375 0.8653333328124999 0.55035545 0.8646666671875 0.5396919437500001 0.8543333328125 0.5379146921875 0.8436666671875 0.5438388625 0.842 0.5574644546874999 0.8476666671875 0.560426540625 0.8630000000000001 0.5533175359375
0 0.42933333281249997 0.363151659375 0.4256666671875 0.3578199046875 0.41333333281250006 0.37263033125 0.41966666718749995 0.395734596875 0.42933333281249997 0.388033175 0.42933333281249997 0.363151659375
0 0.4763333328125 0.33530805625000004 0.4853333328125 0.314573459375 0.49066666718749996 0.2944312796875 0.49066666718749996 0.2825829390625 0.48166666718749995 0.2843601890625 0.472 0.2968009484375 0.46733333281249995 0.31694312812500003 0.46900000000000003 0.34004739375000004 0.4763333328125 0.33530805625000004
0 0.3743333328125 0.3163507109375 0.3803333328125 0.3068720375 0.3883333328125 0.30805687187499997 0.3913333328125 0.29798578125 0.3906666671875 0.28495260624999996 0.3876666671875 0.27843601875 0.3823333328125 0.27843601875 0.37 0.30035544999999997 0.3693333328125 0.3110189578125 0.3743333328125 0.3163507109375
0 0.4 0.36789099531249997 0.4006666671875 0.3524881515625 0.4113333328125 0.3418246453125 0.40800000000000003 0.3240521328125 0.40366666718750005 0.32464455000000003 0.386 0.34656398125 0.38733333281250004 0.361966825 0.3943333328125 0.37677725156249997 0.4 0.36789099531249997
0 0.031666667187500004 0.7606635078124999 0.0286666671875 0.7659952609375 0.030666667187500003 0.788507109375 0.0053333328125 0.819312796875 0.009333332812500001 0.8359004734375001 0.0156666671875 0.8459715640625 0.0416666671875 0.8199052124999999 0.056333332812500005 0.8341232234374999 0.0576666671875 0.8447867296875 0.063 0.837677725 0.0723333328125 0.836492890625 0.07566666718750001 0.8293838859375 0.07033333281250001 0.8234597156250001 0.0523333328125 0.82227488125 0.044666667187499995 0.799170615625 0.0426666671875 0.7742891000000001 0.031666667187500004 0.7606635078124999
0 0.36833333281249997 0.7689573453125 0.377 0.7677725125 0.38 0.7612559234375 0.37933333281250003 0.7529620859375 0.3763333328125 0.7452606640624999 0.3723333328125 0.7440758296875 0.36666666718749996 0.7494075828125 0.3653333328125 0.7612559234375 0.36833333281249997 0.7689573453125
0 0.397 0.545023696875 0.40599999999999997 0.5610189578125 0.41500000000000004 0.586492890625 0.421 0.587677725 0.4106666671875 0.5586492890625 0.40366666718750005 0.5438388625 0.3803333328125 0.5142180093750001 0.376 0.5159952609375 0.3803333328125 0.5272511843750001 0.397 0.545023696875
0 0.07033333281250001 0.6812796203125 0.0743333328125 0.6812796203125 0.07666666718750001 0.6759478671875 0.07666666718750001 0.6463270140625 0.0663333328125 0.54620853125 0.06 0.5515402843749999 0.05933333281249999 0.5598341234374999 0.0666666671875 0.6629146921875 0.07033333281250001 0.6812796203125
0 0.0616666671875 0.6978672984375 0.0626666671875 0.6901658765625001 0.0566666671875 0.6818720375 0.0546666671875 0.672393365625 0.047 0.6694312796874999 0.0426666671875 0.6771327015625 0.0406666671875 0.6901658765625001 0.056999999999999995 0.7014218015625 0.0616666671875 0.6978672984375
0 0.31033333281250003 0.44075829375 0.3263333328125 0.457345971875 0.3406666671875 0.49229857812500005 0.34900000000000003 0.50236966875 0.35 0.49585308125000005 0.3453333328125 0.489928909375 0.3373333328125 0.466232228125 0.329 0.45142180156249995 0.315 0.438388625 0.3096666671875 0.42772511875 0.3066666671875 0.4283175359375 0.31033333281250003 0.44075829375
0 0.7173333328125 0.46978672968749996 0.721 0.48459715625 0.734 0.48045023750000004 0.734 0.47334123281249996 0.728 0.46030805625 0.7293333328125 0.44609004687500003 0.725 0.4372037921875 0.7176666671875 0.438388625 0.7153333328125 0.4449052125 0.72 0.46030805625 0.7173333328125 0.46978672968749996
0 0.925 0.0947867296875 0.9259999999999999 0.0859004734375 0.9216666671875 0.07109004687500001 0.9173333328125001 0.0740521328125 0.916 0.0882701421875 0.9183333328125001 0.0959715640625 0.925 0.0947867296875
0 0.256 0.40462085312499996 0.2553333328125 0.3986966828125 0.23900000000000002 0.37440758281250003 0.2326666671875 0.3998815171875 0.23566666718749998 0.40521327031250004 0.253 0.40995260624999996 0.256 0.40462085312499996
0 0.184 0.07760663437500001 0.1776666671875 0.0663507109375 0.16933333281250001 0.0704976296875 0.181 0.087677725 0.184 0.0870853078125 0.184 0.07760663437500001
0 0.7003333328125 0.3009478671875 0.6993333328125 0.2956161140625 0.6883333328125001 0.27843601875 0.6773333328125 0.270734596875 0.6823333328125 0.2831753546875 0.6956666671875 0.3009478671875 0.7003333328125 0.3009478671875
0 0.708 0.5918246453125 0.7070000000000001 0.5699052124999999 0.7030000000000001 0.5699052124999999 0.6933333328125 0.5859004734375 0.6943333328125 0.5983412328125 0.7016666671875 0.591232228125 0.708 0.5918246453125
0 0.25466666718750003 0.788507109375 0.25433333281250003 0.7725118484375 0.24933333281249997 0.7742891000000001 0.24466666718750002 0.7944312796874999 0.2463333328125 0.7997630328125 0.2496666671875 0.7997630328125 0.25466666718750003 0.788507109375
0 0.2983333328125 0.6812796203125 0.3056666671875 0.6812796203125 0.3086666671875 0.6759478671875 0.308 0.6652843609375 0.3056666671875 0.658767771875 0.3016666671875 0.6575829390625 0.296 0.6629146921875 0.29533333281249996 0.6747630328125 0.2983333328125 0.6812796203125
0 0.42000000000000004 0.31338862500000003 0.41733333281249996 0.314573459375 0.41733333281249996 0.3264218015625 0.42300000000000004 0.3341232234375 0.42400000000000004 0.32760663437500004 0.42000000000000004 0.31338862500000003
0 0.41826666718750005 0.35118483437500003 0.4265333328125 0.3516587671875 0.42606666718749997 0.34597156406249996 0.4183333328125 0.3398104265625 0.41426666718750005 0.3406398109375 0.4128666671875 0.3463270140625 0.41826666718750005 0.35118483437500003
0 0.3843333328125 0.441943128125 0.3883333328125 0.4431279625 0.39180000000000004 0.438507109375 0.3933333328125 0.4283175359375 0.3933333328125 0.42357819843750005 0.3926666671875 0.42120853125 0.39 0.4220379140625 0.3894666671875 0.4315165875 0.3854 0.4310426546875 0.3834 0.43886255937499996 0.3843333328125 0.441943128125
0 0.4167333328125 0.4387440765625 0.417 0.44099526093749997 0.4182 0.44229857812500006 0.4188666671875 0.44940758281250004 0.418 0.46030805625 0.41900000000000004 0.4620853078125 0.42300000000000004 0.46090047343749996 0.42453333281249994 0.4568720375 0.426 0.4531990515625 0.42546666718750004 0.45094786718749996 0.42533333281249996 0.4437203796875 0.42533333281249996 0.4401658765625 0.4234666671875 0.4362559234375 0.4223333328125 0.43554502343749996 0.4208 0.43601895781250005 0.41740000000000005 0.436611375 0.4167333328125 0.4387440765625
0 0.3472666671875 0.45343601875 0.3468666671875 0.45343601875 0.3426666671875 0.44656398125 0.3403333328125 0.4492891 0.3448666671875 0.456990521875 0.3472666671875 0.45343601875
0 0.3602666671875 0.41575829375 0.3583333328125 0.4182464453125 0.3674 0.429976303125 0.3690666671875 0.42713270156250005 0.3602666671875 0.41575829375
0 0.3082 0.37298578125000004 0.31233333281250003 0.38353080624999997 0.31579999999999997 0.3810426546875 0.3189333328125 0.3817535546875 0.32080000000000003 0.3808056875 0.3177333328125 0.37559241718749997 0.3138666671875 0.37736966875 0.3108666671875 0.370734596875 0.3082 0.37298578125000004
0 0.2866666671875 0.36504739375 0.284 0.36504739375 0.28300000000000003 0.36682464531250003 0.28300000000000003 0.3691943125 0.2823333328125 0.370379146875 0.28300000000000003 0.37393365 0.286 0.379265403125 0.2906666671875 0.379265403125 0.29100000000000004 0.3763033171875 0.2916666671875 0.3751184828125 0.2916666671875 0.372748815625 0.2923333328125 0.37156398125 0.2923333328125 0.354976303125 0.2906666671875 0.35201421875 0.29 0.3531990515625 0.2886666671875 0.3531990515625 0.2876666671875 0.3561611375 0.2876666671875 0.3632701421875 0.2866666671875 0.36504739375
0 0.2938666671875 0.39881516562499997 0.2961333328125 0.40106634999999996 0.3 0.3860189578125 0.2982 0.3844786734375 0.2938666671875 0.39881516562499997
0 0.2378 0.32535545 0.23513333281249998 0.32890995312500004 0.23079999999999998 0.3317535546875 0.23079999999999998 0.33507109062499996 0.2304 0.33803317499999996 0.23513333281249998 0.34075829375 0.2378 0.34111374375 0.2398 0.3431279625 0.24246666718749998 0.3431279625 0.2461333328125 0.336611375 0.24593333281250002 0.3283175359375 0.2434 0.328554503125 0.2411333328125 0.326540284375 0.2398 0.326540284375 0.2391333328125 0.32535545 0.2378 0.32535545
0 0.25166666718749997 0.3627962078125 0.24926666718749999 0.3683649296875 0.2519333328125 0.37263033125 0.25680000000000003 0.370379146875 0.25166666718749997 0.3627962078125
0 0.2194666671875 0.358412321875 0.21786666718749997 0.35864928906250004 0.21826666718749999 0.36540284375 0.22046666718750002 0.36575829375 0.2194666671875 0.358412321875
0 0.125 0.4124407578125 0.125 0.4079383890625 0.118 0.39952606562500004 0.1145333328125 0.40379146875 0.1199333328125 0.4120853078125 0.125 0.4124407578125
0 0.1552 0.3764218015625 0.1544666671875 0.37251184843749996 0.1503333328125 0.3695497625 0.1474 0.3720379140625 0.1506 0.37677725156249997 0.1552 0.3764218015625
0 0.1376 0.33779620781249997 0.1358 0.33815165937499997 0.1358666671875 0.34597156406249996 0.1378666671875 0.34585308124999997 0.1376 0.33779620781249997
0 0.1715333328125 0.3855450234375 0.1717333328125 0.3924170609375 0.17533333281250002 0.3917061609375 0.1755333328125 0.388033175 0.1715333328125 0.3855450234375
0 0.20553333281250002 0.42689573437500006 0.2079333328125 0.42357819843750005 0.20659999999999998 0.4178909953125 0.2045333328125 0.419312796875 0.20293333281249998 0.4195497625 0.2027333328125 0.42428910000000003 0.20553333281250002 0.42689573437500006
0 0.20579999999999998 0.445023696875 0.2065333328125 0.42926540312499994 0.1990666671875 0.436492890625 0.20579999999999998 0.445023696875
0 0.1946666671875 0.45414691874999996 0.1944666671875 0.461966825 0.196 0.462322275 0.19619999999999999 0.4540284359375 0.1946666671875 0.45414691874999996
0 0.19626666718750002 0.5047393359375001 0.2004666671875 0.5046208531249999 0.20093333281249998 0.497393365625 0.1939333328125 0.4970379140625 0.1936 0.5002369671875 0.19626666718750002 0.50035545 0.19626666718750002 0.5047393359375001
0 0.1910666671875 0.510781990625 0.189 0.5142180093750001 0.1938666671875 0.52263033125 0.1961333328125 0.512322275 0.1910666671875 0.510781990625
0 0.1983333328125 0.5426540281250001 0.2004 0.5387440765625 0.17993333281249999 0.5098341234375 0.17793333281249998 0.5140995265625 0.1983333328125 0.5426540281250001
0 0.61328125 0.04296875 0.06484375 0.08359375
0 0.7984375 0.13984375 0.040625 0.0546875
0 0.897 0.1374407578125 0.9019999999999999 0.125 0.9019999999999999 0.113151659375 0.9119999999999999 0.10248815156249999 0.9099999999999999 0.08353080625 0.9056666671875 0.0841232234375 0.8859999999999999 0.1060426546875 0.8866666671875001 0.12144549687499999 0.8923333328125 0.13625592343749998 0.897 0.1374407578125
0 0.7359375 0.09375 0.0203125 0.02578125
0 0.6171875 0.165625 0.01640625 0.01953125
0 0.61171875 0.26171875 0.0171875 0.0171875
0 0.96796875 0.3125 0.01953125 0.03515625
0 0.684375 0.49609375 0.015625 0.0234375
0 0.7734375 0.52265625 0.0125 0.02109375
0 0.7553333328125 0.53495260625 0.75 0.53495260625 0.746 0.5515402843749999 0.7476666671875 0.560426540625 0.7533333328125 0.553909953125 0.7553333328125 0.53495260625
0 0.992 0.57879146875 0.992 0.5574644546874999 0.9876666671875001 0.555687203125 0.9833333328125 0.5610189578125 0.9823333328125001 0.5841232234375 0.9883333328124999 0.5841232234375 0.992 0.57879146875
0 0.9386666671875 0.5396919437500001 0.9316666671875 0.5390995265625 0.9279999999999999 0.5444312796874999 0.9279999999999999 0.55035545 0.9383333328125 0.5509478671875 0.9386666671875 0.5396919437500001
0 0.9026666671875001 0.538507109375 0.9063333328125 0.5426540281250001 0.908 0.537322275 0.9056666671875 0.5331753546875 0.9026666671875001 0.538507109375
0 0.827 0.3341232234375 0.8240000000000001 0.3418246453125 0.8296666671875 0.3471563984375 0.8306666671875 0.33827014218749996 0.827 0.3341232234375
0 0.7793333328125 0.7908767765625 0.7763333328125 0.7867298578125 0.7726666671875 0.788507109375 0.7763333328125 0.8021327015624999 0.78 0.79798578125 0.7793333328125 0.7908767765625
0 0.8146666671875 0.685426540625 0.8109999999999999 0.6800947875000001 0.806 0.6818720375 0.8116666671875 0.6919431281249999 0.8153333328124999 0.6901658765625001 0.8146666671875 0.685426540625
0 0.976 0.744668246875 0.9686666671875 0.7671800953125001 0.9711740000000001 0.7725924171874999 0.9813333328124999 0.742298578125 0.976 0.744668246875
0 0.9463506671875 0.712677725 0.9426840000000001 0.7109004734375 0.9420186671874999 0.723104265625 0.9440173328125001 0.7357819906249999 0.9470173328125 0.7328199046874999 0.9463506671875 0.712677725
0 0.905368 0.9538222749999999 0.9047013328125001 0.9490829390625001 0.896368 0.9461208531249999 0.8900346671875001 0.9550071093750001 0.8923679999999999 0.959154028125 0.8997013328125 0.95796919375 0.905368 0.9538222749999999
0 0.9366666671875 0.8915876781250001 0.9369999999999999 0.9016587671874999 0.942 0.8998815171875 0.9410000000000001 0.8898104265625 0.9366666671875 0.8915876781250001
0 0.96171875 0.93046875 0.0234375 0.07421875
0 0.79453125 0.546875 0.0203125 0.05859375
0 0.6859375 0.3640625 0.05390625 0.0984375
0 0.9166666671874999 0.19727488124999998 0.921 0.22156398125 0.9273333328125 0.21149289062499999 0.9259999999999999 0.196090046875 0.9166666671874999 0.19727488124999998
0 0.8936666671875001 0.18009478750000002 0.8903333328124999 0.18009478750000002 0.8833333328125 0.1937203796875 0.885 0.2014218015625 0.8926666671874999 0.198459715625 0.8936666671875001 0.18009478750000002
0 0.853 0.011848340625 0.8403333328124999 0.0213270140625 0.8393333328124999 0.029028435937500003 0.8470000000000001 0.034360189062500004 0.8533333328125 0.0195497625 0.853 0.011848340625
0 0.8196666671875 0 0.8173333328125001 0.011255923437499999 0.8230000000000001 0.016587678124999998 0.8273333328125 0.010071090625 0.8273333328125 0.00414691875 0.8256666671874999 0 0.8196666671875 0
0 0.12497733281250001 0.300927725 0.120644 0.3145533171875 0.129644 0.312776065625 0.12997733281249998 0.3027049765625 0.12497733281250001 0.300927725
0 0.0923333328125 0.604265403125 0.077 0.6054502375 0.0753333328125 0.6131516593749999 0.0876666671875 0.6184834125 0.0926666671875 0.6131516593749999 0.0923333328125 0.604265403125
0 0.130644 0.6422310421875 0.1343106671875 0.6523021328125 0.140644 0.649340046875 0.1410586671875 0.6392665875 0.130644 0.6422310421875
0 0.0036666671875 0.5272511843750001 0.0026666671875 0.5325829390625 0.012643999999999999 0.5402902843749999 0.014936667187499999 0.53155805625 0.0036666671875 0.5272511843750001
0 0.109488 0.4955367296875 0.1071546671875 0.5044229859375 0.115488 0.50383056875 0.1168213328125 0.4943518953125 0.109488 0.4955367296875
0 0.1673993328125 0.43451777187499996 0.1673993328125 0.44044194374999995 0.1697326671875 0.445773696875 0.1703993328125 0.4445888625 0.1723993328125 0.4445888625 0.1737326671875 0.44340402812499996 0.174066 0.44162677656250005 0.178066 0.43451777187499996 0.178066 0.4309632703125 0.177066 0.42918601875 0.1757326671875 0.42800118437499995 0.1697326671875 0.42800118437499995 0.1673993328125 0.4309632703125 0.1667326671875 0.4333329390625 0.1673993328125 0.43451777187499996
0 0.057021332812500006 0.46409952656250003 0.061021332812499995 0.46528436093750003 0.0633546671875 0.46113744062500006 0.062688 0.45995260625 0.062688 0.45758293906249997 0.061688 0.4558056875 0.0583546671875 0.4558056875 0.056021332812500005 0.458767771875 0.0553546671875 0.46113744062500006 0.057021332812500006 0.46409952656250003
0 0.0466653328125 0.5908767765625 0.049332 0.5908767765625 0.050332 0.5879146921875 0.050332 0.5831753546875 0.049665332812500004 0.5808056875000001 0.047332 0.5778436015625 0.0446653328125 0.5778436015625 0.0436653328125 0.579620853125 0.0436653328125 0.5867298578125 0.0466653328125 0.5908767765625
0 0.354 0.8264218015625 0.354 0.83353080625 0.3546666671875 0.8347156390625001 0.3546666671875 0.8382701421875 0.354 0.8394549765624999 0.354 0.8453791468749999 0.355 0.8471563984375001 0.3576666671875 0.8471563984375001 0.3583333328125 0.8483412328125001 0.363 0.8483412328125001 0.3636666671875 0.849526065625 0.365 0.849526065625 0.368 0.8536729859375001 0.36833333281249997 0.8554502375 0.3696666671875 0.8554502375 0.3716666671875 0.8578199046874999 0.373 0.8578199046874999 0.37333333281250003 0.8501184828125 0.374 0.84893365 0.374 0.8418246453125 0.37333333281250003 0.8394549765624999 0.3696666671875 0.836492890625 0.3676666671875 0.836492890625 0.3583333328125 0.8281990515625001 0.3563333328125 0.82464455 0.354 0.8264218015625
0 0.4166666671875 0.7920616109374999 0.4166666671875 0.7968009484375 0.41733333281249996 0.79798578125 0.418 0.80272511875 0.41966666718749995 0.8045023703125 0.42033333281249996 0.8033175359375001 0.42400000000000004 0.80272511875 0.42400000000000004 0.7944312796874999 0.4226666671875 0.7896919437500001 0.42033333281249996 0.7867298578125 0.41900000000000004 0.7867298578125 0.41733333281249996 0.788507109375 0.41733333281249996 0.7908767765625 0.4166666671875 0.7920616109374999
0 0.43099999999999994 0.7902843609375 0.43566666718749997 0.7902843609375 0.4363333328125 0.7890995265625 0.438 0.788507109375 0.438 0.7813981046875 0.4363333328125 0.77843601875 0.43433333281250003 0.7772511843750001 0.4306666671875 0.7802132703125 0.43 0.7825829390625 0.43 0.788507109375 0.43099999999999994 0.7902843609375
0 0.4066666671875 0.7813981046875 0.4063333328125 0.7736966828125 0.4026666671875 0.7742891000000001 0.4026666671875 0.7802132703125 0.40366666718750005 0.7831753546875 0.40499999999999997 0.7831753546875 0.4066666671875 0.7813981046875
0 0.46598733281250004 0.9404881515625 0.46719533281250003 0.9420213265624999 0.4676666671875 0.9431279625 0.47066666718750005 0.936611375 0.4703333328125 0.9336492890624999 0.4676666671875 0.9300947875000001 0.46566666718749994 0.928909953125 0.46266666718750005 0.9342417062499999 0.46322666718749994 0.9377286734375 0.46598733281250004 0.9404881515625
0 0.4453333328125 0.9721563984375001 0.446 0.9555687203125001 0.4443333328125 0.9526066343749999 0.44266666718750003 0.9531990515625001 0.44183199999999995 0.96256635 0.4421766671875 0.9699265406249999 0.4433846671875 0.9726860187499999 0.4453333328125 0.9721563984375001
0 0.3916666671875 0.9751184828125 0.3933333328125 0.9721563984375001 0.3933333328125 0.963862559375 0.3923333328125 0.9620853078125 0.391 0.9620853078125 0.38933333281250004 0.9650473937499999 0.38933333281250004 0.9721563984375001 0.391 0.9751184828125 0.3916666671875 0.9751184828125
0 0.1923646671875 0.832943128125 0.1942486671875 0.8360331750000001 0.1968573328125 0.83989691875 0.20107599999999998 0.8305734593749999 0.20602 0.8315770140625001 0.20642200000000002 0.828306871875 0.2065666671875 0.816716825 0.2043933328125 0.8146563984374999 0.20149466718750003 0.8146563984374999 0.19502 0.8238755921875001 0.1936866671875 0.8286149296875 0.1923646671875 0.832943128125
0 0.177 0.7417061609375 0.179 0.7428909953125 0.1816666671875 0.7428909953125 0.1833333328125 0.7411137437499999 0.184 0.7387440765625 0.184 0.729265403125 0.183 0.7274881515625 0.1816666671875 0.7263033171875 0.1796666671875 0.7263033171875 0.176 0.7316350703125 0.17533333281250002 0.7387440765625 0.177 0.7417061609375
0 0.191 0.7310426546875 0.188888 0.73380805625 0.1881973328125 0.7368744078125 0.1918206671875 0.7390201421875 0.192 0.7328199046874999 0.191 0.7310426546875
0 0.2783333328125 0.7689573453125 0.2793333328125 0.7671800953125001 0.2793333328125 0.7659952609375 0.2776666671875 0.763033175 0.2703333328125 0.7535545031249999 0.2686666671875 0.75414691875 0.27170733281250004 0.76048578125 0.2753306671875 0.7644727484375 0.2783333328125 0.7689573453125
0 0.2986666671875 0.80272511875 0.2986666671875 0.7956161140625 0.298 0.7932464453125 0.29300000000000004 0.7902843609375 0.29133333281249996 0.7932464453125 0.2958193328125 0.7979229859375 0.2976666671875 0.8068720375 0.2986666671875 0.80272511875
0 0.1779846671875 0.8436018953125 0.1789846671875 0.8418246453125 0.178318 0.8311611375 0.1709846671875 0.80272511875 0.169318 0.8009478671875 0.168318 0.803909953125 0.1696513328125 0.8157582937500001 0.1779846671875 0.8436018953125
0 0.6541226671875 0.138079384375 0.6544559999999999 0.13393246406249998 0.6527893328125 0.1309703796875 0.6481226671875 0.1309703796875 0.6471226671875 0.1351172984375 0.6487893328125 0.138079384375 0.6507893328125001 0.13926421875 0.6541226671875 0.138079384375
0 0.581 0.0959715640625 0.5796666671875 0.09952606562500001 0.577 0.10189573437499999 0.5753333328125 0.10485782031249999 0.5753333328125 0.11196682499999999 0.5763333328125 0.1137440765625 0.581 0.1137440765625 0.5816666671874999 0.11255924218749999 0.5843333328125 0.1113744078125 0.5873333328125 0.10485782031249999 0.5866666671874999 0.1036729859375 0.5866666671874999 0.10011848281249999 0.5856666671874999 0.0971563984375 0.585 0.0971563984375 0.5836666671875 0.0947867296875 0.583 0.0959715640625 0.581 0.0959715640625
0 0.5776666671874999 0.15639810468749998 0.581 0.15639810468749998 0.5820000000000001 0.154620853125 0.5820000000000001 0.14632701406249998 0.5813333328125 0.1451421796875 0.5813333328125 0.141587678125 0.5803333328125 0.1398104265625 0.5776666671874999 0.1398104265625 0.576 0.141587678125 0.576 0.15343601875 0.5776666671874999 0.15639810468749998
0 0.649544 0.44375118437500005 0.649544 0.4473056875 0.6518773328125 0.4478981046875 0.6532106671875 0.4467132703125 0.6542106671875 0.44375118437500005 0.6538773328125 0.44078910000000004 0.6518773328125 0.44078910000000004 0.650544 0.439604265625 0.6492106671875 0.44078910000000004 0.6488773328125 0.44256635 0.649544 0.44375118437500005
0 0.55859375 0.22109375 0.00625 0.0109375
0 0.5359375 0.20390625 0.00703125 0.0125
0 0.603125 0.203125 0.00703125 0.015625
0 0.58671875 0.20234375 0.0046875 0.0140625
0 0.64296875 0.21640625 0.0125 0.01875
0 0.65078125 0.13515625 0.0078125 0.0125
0 0.67265625 0.15078125 0.00625 0.009375
0 0.63515625 0.10234375 0.0046875 0.009375
0 0.66953125 0.07734375 0.0078125 0.0078125
0 0.5671875 0.01875 0.0046875 0.009375
0 0.52734375 0.11484375 0.0140625 0.02109375
0 0.509375 0.02265625 0.00546875 0.0125
0 0.32421875 0.03515625 0.01953125 0.046875
0 0.29765625 0.06796875 0.0125 0.01796875
0 0.39140625 0.0375 0.0234375 0.025
0 0.43359375 0.075 0.01015625 0.0203125
0 0.38984375 0.08515625 0.0078125 0.01171875
0 0.365625 0.16953125 0.02109375 0.03515625
0 0.49453125 0.00625 0.00859375 0.0125
0 0.2453125 0.13125 0.01328125 0.01796875
0 0.3015625 0.14375 0.00625 0.01015625
0 0.30859375 0.11796875 0.00625 0.015625
0 0.2171875 0.04765625 0.00703125 0.0125
0 0.18671875 0.02109375 0.00859375 0.02109375
0 0.1578125 0.0609375 0.00625 0.01953125
0 0.19296875 0.13671875 0.0078125 0.01328125
0 0.30390625 0.1796875 0.00703125 0.0140625
0 0.321875 0.246875 0.00625 0.01484375
0 0.42265625 0.28359375 0.00625 0.01171875
0 0.45703125 0.29765625 0.009375 0.01484375
0 0.4609375 0.23203125 0.0078125 0.015625
0 0.5078125 0.29296875 0.0078125 0.0140625
0 0.5328125 0.3015625 0.0078125 0.01328125
0 0.54609375 0.34453125 0.00703125 0.01875
0 0.43828125 0.4421875 0.01328125 0.01640625
0 0.459375 0.4578125 0.009375 0.015625
0 0.3984375 0.51640625 0.0078125 0.0109375
0 0.39140625 0.56171875 0.009375 0.0125
0 0.30703125 0.5609375 0.009375 0.01796875
0 0.3109375 0.51953125 0.00859375 0.0125
0 0.0896606671875 0.25988033125 0.087994 0.272321090625 0.094994 0.274098340625 0.0953273328125 0.26639691875 0.0896606671875 0.25988033125
0 0.0898753328125 0.2957962078125 0.09120866718750001 0.2969810421875 0.0928753328125 0.2940189578125 0.0928753328125 0.2892796203125 0.093542 0.2880947875 0.0928753328125 0.286909953125 0.0928753328125 0.284540284375 0.09120866718750001 0.2815781984375 0.0878753328125 0.2815781984375 0.083542 0.2880947875 0.081542 0.29520379218750004 0.0898753328125 0.2957962078125
0 0.07566666718750001 0.395734596875 0.077 0.39691943125 0.081 0.39691943125 0.08199999999999999 0.3951421796875 0.08199999999999999 0.386848340625 0.0813333328125 0.38210900468750003 0.0796666671875 0.37914691875 0.0763333328125 0.37914691875 0.07466666718750001 0.38210900468750003 0.07466666718750001 0.3927725125 0.07566666718750001 0.395734596875
0 0.0828125 0.34453125 0.01015625 0.01875
0 0.098884 0.7988353078125 0.10355066718749999 0.7988353078125 0.10655066718749999 0.7946883890625001 0.105884 0.7911338859375 0.104884 0.789356634375 0.098884 0.789356634375 0.09655066718750001 0.7923187203125 0.09655066718750001 0.7958732234375 0.098884 0.7988353078125
0 0.1609375 0.7515625 0.00703125 0.01015625
0 0.153125 0.68203125 0.0046875 0.009375
0 0.12578125 0.70234375 0.00546875 0.00625
0 0.3 0.7625 0.00703125 0.00625
0 0.33828125 0.7140625 0.00546875 0.00703125
0 0.32265625 0.71484375 0.00234375 0.0203125
0 0.1421875 0.27890625 0.009375 0.01328125
0 0.17109375 0.31328125 0.00859375 0.0171875
0 0.484375 0.81640625 0.0171875 0.03828125
0 0.47578125 0.8765625 0.00546875 0.01640625
0 0.821875 0.9640625 0.01484375 0.02578125
0 0.91953125 0.796875 0.0234375 0.046875
0 0.96484375 0.6953125 0.01015625 0.021875
0 0.99375 0.84765625 0.009375 0.01953125
0 0.81171875 0.28203125 0.009375 0.0140625
0 0.84375 0.21171875 0.0125 0.025
1 0.6053333328125 0.6581753546875 0.6066666671875 0.680687203125 0.5716666671875 0.720379146875 0.568 0.726895734375 0.568 0.7340047390625 0.6076666671875001 0.6931279625 0.623 0.7357819906249999 0.6363333328125 0.7286729859375 0.6433333328125 0.7186018953125 0.6446666671875 0.69727488125 0.6366666671875 0.6617298578125 0.6763333328125001 0.6220379140625 0.6759999999999999 0.6143364921875001 0.6676666671875 0.617298578125 0.635 0.6528436015625 0.6243333328125 0.6374407578125 0.6116666671875 0.6409952609375 0.6053333328125 0.6581753546875