0 0.2875 0.9375 0.02578125 0.05625
0 0.6734375 0.9421875 0.03125 0.115625
0 0.7203125 0.97421875 0.01328125 0.03046875
0 0.74140625 0.9453125 0.0171875 0.03515625
0 0.7203125 0.60859375 0.040625 0.11171875
0 0.73984375 0.05546875 0.090625 0.1109375
0 0.7671875 0.1703125 0.01796875 0.046875
0 0.771875 0.29140625 0.0203125 0.04453125
0 0.6203125 0.28359375 0.0265625 0.05703125
0 0.69609375 0.24921875 0.02265625 0.05703125
0 0.56328125 0.0265625 0.02265625 0.04609375
0 0.2953125 0.24296875 0.0203125 0.05
0 0.38828125 0.04375 0.0453125 0.0875
0 0.45703125 0.5765625 0.0578125 0.13671875
0 0.5671875 0.5265625 0.0703125 0.0828125
0 0.6125 0.46328125 0.04609375 0.05625
0 0.575 0.6328125 0.07890625 0.04609375
0 0.5015625 0.7109375 0.0390625 0.14375
0 0.3171875 0.71328125 0.04375 0.09921875
0 0.45 0.8765625 0.01640625 0.0453125
0 0.503125 0.84765625 0.0125 0.03671875
0 0.4734375 0.96875 0.01953125 0.0546875
0 0.6671875 0.76953125 0.00625 0.0265625
0 0.69921875 0.72734375 0.01484375 0.03125
0 0.71875 0.78359375 0.01640625 0.01640625
0 0.7578125 0.73515625 0.01484375 0.03125
0 0.77109375 0.665625 0.0203125 0.05234375
0 0.6609375 0.00625 0.0171875 0.01171875
0 0.5984375 0.88671875 0.01875 0.0140625
0 0.62734375 0.85234375 0.028125 0.06875
0 0.55859375 0.84609375 0.015625 0.05234375
0 0.6421875 0.70546875 0.0078125 0.03125
0 0.7515625 0.3765625 0.009375 0.0296875
0 0.465625 0.68828125 0.01484375 0.02421875
0 0.52421875 0.921875 0.03359375 0.05078125
0 0.24453125 0.0296875 0.05234375 0.059375
3 0.46171875 0.1625 0.096875 0.296875
