0 0.50390625 0.3203125 0.0609375 0.12421875
0 0.5828125 0.48359375 0.0859375 0.0859375
0 0.58828125 0.39609375 0.10234375 0.053125
0 0.70703125 0.13203125 0.0484375 0.1203125
0 0.75859375 0.4140625 0.0453125 0.10546875
0 0.45 0.4390625 0.06953125 0.12265625
0 0.28515625 0.31796875 0.05390625 0.09140625
0 0.24921875 0.1390625 0.04296875 0.0515625
0 0.19453125 0.9140625 0.06328125 0.08984375
0 0.36875 0.884375 0.0484375 0.09765625
0 0.5703125 0.90390625 0.0234375 0.06875
0 0.7203125 0.91640625 0.26875 0.1671875
0 0.68515625 0.9296875 0.02265625 0.03671875
0 0.81875 0.77578125 0.028125 0.03046875
0 0.82421875 0.67265625 0.028125 0.0515625
0 0.63359375 0.540625 0.06015625 0.05625
0 0.64375 0.690625 0.02734375 0.0546875
0 0.259375 0.715625 0.0234375 0.0609375
0 0.73359375 0.31015625 0.0203125 0.03984375
0 0.80625 0.30859375 0.02421875 0.03671875
0 0.82734375 0.36171875 0.0296875 0.04453125
0 0.76171875 0.10390625 0.01015625 0.02421875
0 0.7640625 0.0484375 0.025 0.02421875
0 0.78671875 0.1296875 0.01640625 0.03203125
0 0.5015625 0.2109375 0.01796875 0.04453125
0 0.53046875 0.14296875 0.04453125 0.034375
0 0.65390625 0.2046875 0.03828125 0.05078125
0 0.44296875 0.18515625 0.02265625 0.04453125
0 0.46875 0.10703125 0.0234375 0.0375
0 0.29140625 0.06484375 0.021875 0.0359375
0 0.36875 0.0125 0.0140625 0.025
0 0.6671875 0.32421875 0.0125 0.03984375
0 0.56953125 0.2078125 0.015625 0.0328125
0 0.61328125 0.17578125 0.015625 0.02734375
0 0.65234375 0.00859375 0.0265625 0.0171875
0 0.75546875 0.01015625 0.01484375 0.01953125
0 0.459375 0.0328125 0.01328125 0.021875
0 0.48359375 0.0296875 0.01640625 0.02734375
0 0.73515625 0.7140625 0.0296875 0.05078125
0 0.79921875 0.6046875 0.009375 0.02734375
0 0.7 0.271875 0.0171875 0.03125
3 0.4546875 0.79375 0.1265625 0.24765625
