0 0.3296875 0.0640625 0.05625 0.128125
0 0.26171875 0.0609375 0.0125 0.04921875
0 0.44296875 0.15625 0.01640625 0.0578125
0 0.48125 0.08203125 0.03671875 0.04453125
0 0.52890625 0.0359375 0.028125 0.05859375
0 0.4984375 0.14921875 0.01953125 0.059375
0 0.55 0.12265625 0.02578125 0.05
0 0.71015625 0.07109375 0.03046875 0.0578125
0 0.4984375 0.28671875 0.05390625 0.15234375
0 0.54375 0.42265625 0.059375 0.1421875
0 0.42578125 0.36796875 0.08984375 0.04453125
0 0.38828125 0.54609375 0.0453125 0.0671875
0 0.434375 0.4765625 0.0796875 0.09140625
0 0.28203125 0.3953125 0.04453125 0.1359375
0 0.37734375 0.725 0.0375 0.0484375
0 0.68203125 0.28515625 0.0609375 0.1015625
0 0.37421875 0.14921875 0.03046875 0.07578125
0 0.22578125 0.33359375 0.0203125 0.046875
0 0.24765625 0.2703125 0.0296875 0.03984375
0 0.30234375 0.2765625 0.01171875 0.03671875
0 0.2265625 0.71171875 0.02109375 0.08125
0 0.2609375 0.93828125 0.10078125 0.1234375
0 0.23359375 0.828125 0.028125 0.06484375
0 0.7578125 0.9671875 0.05234375 0.06484375
0 0.43828125 0.9703125 0.02578125 0.046875
0 0.61015625 0.953125 0.05078125 0.09375
0 0.703125 0.75546875 0.01875 0.059375
3 0.5390625 0.85078125 0.096875 0.2984375
0 0.2859375 0.2203125 0.021875 0.0328125
0 0.29375 0.18046875 0.01796875 0.0296875
0 0.3359375 0.23203125 0.01875 0.025
0 0.3578125 0.29375 0.01640625 0.0375
0 0.40546875 0.11484375 0.02265625 0.02890625
0 0.303125 0.75 0.034375 0.0515625
0 0.24765625 0.625 0.015625 0.03359375
