0 0.80078125 0.09765625 0.0953125 0.125
0 0.253125 0.0765625 0.28828125 0.153125
0 0.35703125 0.309375 0.05625 0.06640625
0 0.3515625 0.47421875 0.0578125 0.09921875
0 0.3203125 0.075 0.046875 0.0609375
0 0.2328125 0.59609375 0.04921875 0.10703125
0 0.29140625 0.875 0.05859375 0.096875
0 0.46953125 0.85859375 0.0296875 0.0734375
0 0.49140625 0.69296875 0.059375 0.15390625
0 0.409375 0.61796875 0.1125 0.06328125
0 0.4171875 0.5359375 0.07578125 0.09375
0 0.55078125 0.5484375 0.0765625 0.109375
0 0.70703125 0.684375 0.07578125 0.08125
0 0.740625 0.87421875 0.04609375 0.07578125
0 0.553125 0.8171875 0.0359375 0.0453125
3 0.55859375 0.20546875 0.15390625 0.2578125
