0 0.72265625 0.08203125 0.32109375 0.1640625
0 0.1921875 0.096875 0.07578125 0.10546875
0 0.68671875 0.07109375 0.0375 0.0390625
0 0.7625 0.5953125 0.04921875 0.11953125
0 0.64296875 0.47734375 0.06875 0.06953125
0 0.64453125 0.3296875 0.04375 0.0703125
0 0.578125 0.52265625 0.07890625 0.08671875
0 0.59375 0.6140625 0.10703125 0.03359375
0 0.45546875 0.55859375 0.065625 0.10703125
0 0.284375 0.675 0.06015625 0.1015625
0 0.50859375 0.68515625 0.06015625 0.1265625
0 0.70546875 0.8765625 0.034375 0.1
0 0.52890625 0.85703125 0.0390625 0.03671875
0 0.4359375 0.82265625 0.02578125 0.05703125
0 0.26015625 0.87890625 0.05 0.07109375
3 0.45703125 0.21953125 0.1421875 0.2859375
