0 0.43515625 0.5359375 0.071875 0.08984375
0 0.49140625 0.71875 0.05234375 0.1578125
0 0.68828125 0.7109375 0.053125 0.09921875
0 0.38828125 0.4640625 0.0484375 0.0625
0 0.4296875 0.63984375 0.0859375 0.065625
0 0.26328125 0.05 0.084375 0.1
0 0.38203125 0.27578125 0.021875 0.04609375
0 0.34140625 0.0078125 0.01796875 0.01484375
3 0.54140625 0.15546875 0.09140625 0.2734375
0 0.75625 0.02578125 0.04609375 0.04921875
0 0.2328125 0.30859375 0.01171875 0.02890625
0 0.54765625 0.57578125 0.06875 0.13671875
0 0.71328125 0.9296875 0.028125 0.04609375
0 0.55234375 0.8796875 0.028125 0.0421875
0 0.53125 0.9671875 0.021875 0.0359375
0 0.47890625 0.91640625 0.03203125 0.05234375
0 0.328125 0.93515625 0.03671875 0.1296875
0 0.30546875 0.7234375 0.01484375 0.0296875
0 0.24609375 0.73359375 0.01328125 0.0296875
0 0.37421875 0.853125 0.025 0.046875
0 0.5 0.84609375 0.01640625 0.0375
0 0.28359375 0.5984375 0.0328125 0.0875
0 0.22421875 0.66796875 0.01015625 0.0328125
0 0.2359375 0.6625 0.015625 0.0265625
0 0.26796875 0.65390625 0.01796875 0.021875
0 0.29375 0.64921875 0.0171875 0.01484375
0 0.36015625 0.70859375 0.01484375 0.02734375
0 0.23203125 0.1734375 0.021875 0.03515625
0 0.70546875 0.246875 0.02734375 0.0515625
0 0.6765625 0.3546875 0.01875 0.0328125
0 0.28515625 0.7796875 0.0140625 0.0265625
0 0.2625 0.94296875 0.015625 0.03359375
0 0.28125 0.97265625 0.01640625 0.028125
0 0.40703125 0.88671875 0.0140625 0.0265625
0 0.440625 0.86171875 0.0203125 0.02890625
0 0.39765625 0.82890625 0.015625 0.03046875
0 0.29453125 0.82421875 0.01796875 0.03203125
0 0.37890625 0.51640625 0.01796875 0.02265625
0 0.30546875 0.25 0.025 0.0484375
0 0.25078125 0.37421875 0.01796875 0.03046875
0 0.22265625 0.27890625 0.01015625 0.025
0 0.27265625 0.1375 0.01875 0.025
0 0.4390625 0.0234375 0.03046875 0.046875
0 0.334375 0.7703125 0.015625 0.028125
