0 0.6421875 0.22578125 0.06640625 0.08046875
0 0.78046875 0.17890625 0.040625 0.04609375
0 0.1859375 0.121875 0.0828125 0.1
0 0.54609375 0.43046875 0.09609375 0.090625
0 0.64375 0.50390625 0.10078125 0.09921875
0 0.80859375 0.44609375 0.02109375 0.0625
0 0.7515625 0.4265625 0.02109375 0.03828125
0 0.78125 0.5453125 0.0453125 0.05703125
0 0.5875 0.60546875 0.02109375 0.13671875
0 0.52109375 0.59296875 0.0625 0.11640625
0 0.4734375 0.6578125 0.04921875 0.06875
0 0.34765625 0.6828125 0.03515625 0.06328125
0 0.56015625 0.83203125 0.07421875 0.08984375
0 0.80546875 0.76640625 0.08359375 0.06953125
0 0.1609375 0.86953125 0.12265625 0.1265625
1 0.27109375 0.44453125 0.2046875 0.15703125