0 0.7421875 0.71328125 0.02890625 0.04921875
0 0.75625 0.13359375 0.0421875 0.0625
0 0.71640625 0.3328125 0.071875 0.1140625
0 0.8015625 0.90390625 0.06328125 0.13515625
0 0.290625 0.9140625 0.2546875 0.17109375
0 0.23515625 0.41171875 0.0375 0.0953125
0 0.29609375 0.1375 0.0484375 0.09453125
0 0.49765625 0.33046875 0.046875 0.12734375
0 0.42265625 0.475 0.08359375 0.0828125
0 0.40625 0.38828125 0.09375 0.0484375
0 0.55078125 0.44140625 0.0640625 0.11328125
0 0.36953125 0.53671875 0.0515625 0.0734375
0 0.3625 0.6921875 0.05234375 0.0546875
0 0.465625 0.1421875 0.03984375 0.0375
0 0.55859375 0.17578125 0.02421875 0.0546875
3 0.55234375 0.79765625 0.13828125 0.2515625
