1 0.27265625 0.559375 0.1953125 0.13828125
0 0.4734375 0.33515625 0.0578125 0.06953125
0 0.5203125 0.403125 0.06171875 0.10234375
0 0.5890625 0.39453125 0.03203125 0.134375
0 0.64375 0.49921875 0.09453125 0.084375
0 0.571875 0.1796875 0.071875 0.07265625
0 0.2015625 0.140625 0.075 0.14140625
0 0.3515625 0.32421875 0.03359375 0.06015625
0 0.79453125 0.246875 0.08671875 0.071875
0 0.73828125 0.3125 0.034375 0.04453125
0 0.73046875 0.49609375 0.03203125 0.05859375
0 0.77734375 0.46328125 0.02578125 0.0609375
0 0.75234375 0.57890625 0.04453125 0.04921875
0 0.81796875 0.54375 0.021875 0.04296875
0 0.78828125 0.81953125 0.03046875 0.059375
0 0.64453125 0.7734375 0.07734375 0.078125
0 0.18671875 0.87578125 0.0453125 0.10859375
0 0.55234375 0.565625 0.0984375 0.0984375
0 0.33359375 0.80546875 0.0421875 0.0421875
0 0.40546875 0.765625 0.01953125 0.03125
0 0.19921875 0.66796875 0.06015625 0.0734375
0 0.28828125 0.09765625 0.0328125 0.03125
0 0.36640625 0.0921875 0.0328125 0.03828125
0 0.6109375 0.09609375 0.0203125 0.04296875
0 0.65546875 0.11953125 0.01875 0.028125
0 0.7984375 0.14375 0.03203125 0.02109375
0 0.8171875 0.16875 0.01640625 0.01953125
0 0.65234375 0.20390625 0.02265625 0.03125
0 0.63984375 0.29140625 0.0203125 0.03203125
0 0.334375 0.20703125 0.03515625 0.046875
0 0.1828125 0.4078125 0.0328125 0.04921875
0 0.7328125 0.4078125 0.02890625 0.04375
0 0.6890625 0.1765625 0.0125 0.025
0 0.67890625 0.2484375 0.021875 0.0296875
0 0.7171875 0.1875 0.01640625 0.0265625
0 0.41875 0.12734375 0.03046875 0.0359375
0 0.71328125 0.12578125 0.0140625 0.01953125