3 0.4609375 0.15859375 0.09296875 0.2921875
0 0.24453125 0.02890625 0.06328125 0.05625
0 0.290625 0.94140625 0.03671875 0.05390625
0 0.46953125 0.97109375 0.03046875 0.03359375
0 0.45234375 0.878125 0.0234375 0.05859375
0 0.52421875 0.91796875 0.03984375 0.0453125
0 0.5921875 0.8875 0.015625 0.02734375
0 0.55625 0.8515625 0.02109375 0.0421875
0 0.50078125 0.85 0.0171875 0.05078125
0 0.6734375 0.9359375 0.04453125 0.128125
0 0.63046875 0.8578125 0.03515625 0.0671875
0 0.759375 0.9671875 0.02265625 0.03515625
0 0.7203125 0.975 0.0203125 0.04140625
0 0.7390625 0.94375 0.015625 0.034375
0 0.71875 0.6140625 0.0421875 0.12265625
0 0.77109375 0.6703125 0.0296875 0.03046875
0 0.75546875 0.73671875 0.01875 0.02578125
0 0.69375 0.7203125 0.01328125 0.0328125
0 0.571875 0.63828125 0.084375 0.04765625
0 0.31328125 0.71875 0.04609375 0.09765625
0 0.71171875 0.80390625 0.0171875 0.05859375
0 0.6671875 0.77578125 0.01015625 0.02109375
0 0.6359375 0.7109375 0.01484375 0.0296875
0 0.5 0.71796875 0.05 0.14453125
0 0.60859375 0.465625 0.03984375 0.0515625
0 0.56640625 0.53203125 0.07421875 0.07890625
0 0.77265625 0.29296875 0.01796875 0.0609375
0 0.61796875 0.2796875 0.0390625 0.0703125
0 0.7359375 0.05546875 0.0953125 0.1109375
0 0.6609375 0.0109375 0.02109375 0.021875
0 0.76875 0.1796875 0.01796875 0.04296875
0 0.69375 0.259375 0.034375 0.0734375
0 0.75390625 0.38203125 0.02109375 0.02890625
0 0.29765625 0.24609375 0.0234375 0.06875
0 0.3875 0.05 0.0375 0.1
0 0.5625 0.02734375 0.0265625 0.05390625
0 0.45625 0.5796875 0.065625 0.13984375
