0 0.2953125 0.125 0.05 0.096875
0 0.4796875 0.1515625 0.04765625 0.04765625
0 0.4953125 0.3125 0.05078125 0.15625
0 0.759375 0.14140625 0.0578125 0.05
0 0.709375 0.33359375 0.06953125 0.1015625
0 0.5578125 0.44765625 0.065625 0.13046875
0 0.36875 0.52265625 0.04609375 0.06796875
0 0.421875 0.4765625 0.07421875 0.071875
0 0.41953125 0.39453125 0.10078125 0.0328125
0 0.24140625 0.41953125 0.05234375 0.07890625
0 0.35859375 0.6796875 0.0375 0.06171875
0 0.27109375 0.91875 0.2390625 0.1609375
0 0.31328125 0.92265625 0.0328125 0.04296875
0 0.79921875 0.9 0.07421875 0.109375
1 0.54765625 0.78828125 0.13515625 0.24765625