1 0.54765625 0.20703125 0.1140625 0.24609375
0 0.63203125 0.12265625 0.0453125 0.1
0 0.42734375 0.09765625 0.0421875 0.040625
0 0.80546875 0.0953125 0.06484375 0.090625
0 0.28203125 0.0828125 0.23828125 0.165625
0 0.3171875 0.071875 0.025 0.04765625
0 0.18203125 0.23125 0.01953125 0.03046875
0 0.2421875 0.96875 0.03515625 0.06015625
0 0.2390625 0.89609375 0.0109375 0.0328125
0 0.29375 0.86796875 0.04375 0.10859375
0 0.35 0.7984375 0.034375 0.065625
0 0.4140625 0.6078125 0.096875 0.0484375
0 0.546875 0.56484375 0.07109375 0.12265625
0 0.49765625 0.6796875 0.05703125 0.134375
0 0.42109375 0.52734375 0.0875 0.0734375
0 0.3671875 0.46796875 0.0546875 0.05234375
0 0.3578125 0.31171875 0.03671875 0.0484375
0 0.175 0.32890625 0.0203125 0.05859375
0 0.26796875 0.2890625 0.02578125 0.07109375
0 0.23984375 0.59296875 0.046875 0.1015625
0 0.17890625 0.64140625 0.02890625 0.0359375
0 0.21796875 0.8796875 0.021875 0.0390625
0 0.55859375 0.82109375 0.021875 0.03671875
0 0.71875 0.6796875 0.05625 0.090625
0 0.75 0.86640625 0.03984375 0.03515625
0 0.70703125 0.9328125 0.0140625 0.03125
0 0.5359375 0.8984375 0.028125 0.02890625
0 0.4734375 0.85546875 0.0390625 0.04453125
0 0.740625 0.28671875 0.02734375 0.0484375
0 0.2671875 0.68984375 0.01328125 0.03046875
0 0.196875 0.6984375 0.01484375 0.0203125
0 0.54453125 0.965625 0.01484375 0.0265625
0 0.63359375 0.98984375 0.0203125 0.01953125
0 0.346875 0.9921875 0.01953125 0.015625
0 0.49921875 0.79375 0.0140625 0.040625
0 0.38828125 0.82734375 0.0109375 0.02421875
0 0.43203125 0.7953125 0.0171875 0.04140625
0 0.3015625 0.7265625 0.01171875 0.0328125
0 0.334375 0.675 0.0125 0.02265625