0 0.421875 0.478125 0.08046875 0.09453125
0 0.5453125 0.43359375 0.06328125 0.1265625
0 0.4953125 0.328125 0.05625 0.13984375
3 0.5484375 0.81640625 0.13984375 0.27734375
0 0.71796875 0.32734375 0.05703125 0.0953125
0 0.41328125 0.39375 0.10234375 0.04921875
0 0.28125 0.91640625 0.23984375 0.16640625
0 0.31328125 0.93046875 0.0375 0.04609375
0 0.4265625 0.9 0.0328125 0.05
0 0.80390625 0.9078125 0.05859375 0.0890625
0 0.74765625 0.13515625 0.0390625 0.04375
0 0.55703125 0.178125 0.03359375 0.0359375
0 0.29453125 0.12421875 0.040625 0.09921875
0 0.471875 0.140625 0.03984375 0.0453125
0 0.24140625 0.41796875 0.04765625 0.07578125
0 0.36640625 0.52890625 0.04765625 0.04375
0 0.3578125 0.684375 0.03046875 0.04921875
0 0.53515625 0.09921875 0.02578125 0.03515625
0 0.7046875 0.06171875 0.02265625 0.03046875
0 0.7375 0.7109375 0.03046875 0.05546875
0 0.6390625 0.06796875 0.0140625 0.01796875
0 0.63125 0.009375 0.01328125 0.01796875
0 0.2546875 0.36875 0.02109375 0.01875
0 0.22265625 0.3671875 0.0171875 0.02265625
0 0.21484375 0.125 0.0171875 0.03125
0 0.23984375 0.1 0.01484375 0.02578125
0 0.23671875 0.04453125 0.0265625 0.02578125
0 0.35 0.20078125 0.02421875 0.04375
0 0.3296875 0.3265625 0.009375 0.03046875
0 0.2640625 0.3078125 0.0109375 0.028125
0 0.19375 0.29921875 0.01484375 0.02578125
0 0.178125 0.36015625 0.02421875 0.021875
0 0.54375 0.03125 0.01875 0.02734375
0 0.4953125 0.209375 0.01328125 0.02578125
0 0.24375 0.00859375 0.01953125 0.0171875
0 0.19921875 0.60234375 0.01953125 0.02734375
0 0.17578125 0.6671875 0.01796875 0.0390625
0 0.19609375 0.81640625 0.0171875 0.028125
0 0.17890625 0.77265625 0.02421875 0.03046875
0 0.26171875 0.7125 0.01875 0.0359375
0 0.51640625 0.02734375 0.01328125 0.0296875
0 0.7078125 0.62421875 0.01640625 0.025
0 0.42734375 0.19375 0.01875 0.02890625
0 0.35390625 0.48671875 0.01640625 0.021875
0 0.34375 0.009375 0.0140625 0.01796875
0 0.29921875 0.27109375 0.015625 0.02734375
0 0.33046875 0.19140625 0.0125 0.025
0 0.3875 0.17265625 0.015625 0.021875
0 0.2421875 0.2625 0.01484375 0.03515625
