0 0.428125 0.36640625 0.0203125 0.1421875
0 0.48125 0.378125 0.065625 0.134375
0 0.45859375 0.58828125 0.0859375 0.13671875
0 0.38515625 0.49609375 0.08984375 0.0875
1 0.6921875 0.5890625 0.178125 0.1875
0 0.05546875 0.11796875 0.0203125 0.040625
0 0.08046875 0.09453125 0.03046875 0.06328125
0 0.0546875 0.07109375 0.01953125 0.04453125
0 0.07890625 0.30078125 0.0484375 0.0765625
0 0.0109375 0.3015625 0.02109375 0.040625
0 0.25625 0.190625 0.07109375 0.06484375
0 0.37578125 0.14453125 0.0171875 0.03828125
0 0.41484375 0.12734375 0.01171875 0.028125
0 0.44765625 0.1078125 0.05234375 0.07265625
0 0.41171875 0.08125 0.015625 0.0234375
0 0.16796875 0.115625 0.02265625 0.0328125
0 0.196875 0.10546875 0.0203125 0.040625
0 0.234375 0.10546875 0.02109375 0.03046875
0 0.25078125 0.06953125 0.01953125 0.028125
0 0.52265625 0.3015625 0.034375 0.07109375
0 0.6234375 0.28515625 0.034375 0.05234375
0 0.265625 0.459375 0.02421875 0.0546875
0 0.30546875 0.4953125 0.02265625 0.02890625
0 0.28984375 0.5875 0.028125 0.04609375
0 0.18828125 0.5578125 0.01953125 0.02890625
0 0.23515625 0.546875 0.02109375 0.04765625
0 0.10546875 0.5125 0.02109375 0.0453125
0 0.12734375 0.54609375 0.03203125 0.0328125
0 0.03203125 0.72890625 0.015625 0.04453125
0 0.06875 0.68515625 0.0375 0.0859375
0 0.1078125 0.6609375 0.046875 0.0640625
0 0.01015625 0.953125 0.0203125 0.08359375
0 0.02578125 0.86328125 0.04375 0.05
0 0.25703125 0.87421875 0.02578125 0.05
0 0.37890625 0.82421875 0.05546875 0.08203125
0 0.77578125 0.95859375 0.0578125 0.0828125
0 0.64453125 0.85703125 0.03203125 0.040625
0 0.0796875 0.9765625 0.025 0.028125
0 0.30234375 0.27265625 0.0265625 0.0375
0 0.8640625 0.19296875 0.271875 0.3859375
0 0.78828125 0.2265625 0.028125 0.04921875
0 0.87734375 0.48125 0.0328125 0.0703125
0 0.93828125 0.4140625 0.0375 0.06328125
0 0.96171875 0.240625 0.0484375 0.11015625
0 0.97109375 0.69375 0.0296875 0.04765625
0 0.571875 0.05078125 0.0203125 0.03203125
0 0.61640625 0.0140625 0.0265625 0.028125
0 0.6796875 0.01875 0.02109375 0.03359375
0 0.64140625 0.14765625 0.028125 0.0484375
0 0.20703125 0.80859375 0.0203125 0.02265625
0 0.1265625 0.91875 0.01953125 0.0359375
0 0.05859375 0.19296875 0.01953125 0.03515625
0 0.08828125 0.171875 0.021875 0.03125
0 0.36953125 0.04296875 0.01953125 0.03046875
0 0.40625 0.0171875 0.0234375 0.034375
0 0.15390625 0.3328125 0.01640625 0.02578125
0 0.17109375 0.26875 0.0171875 0.0296875
0 0.17265625 0.69296875 0.0203125 0.0375
0 0.84453125 0.84375 0.02265625 0.05859375