0 0.85 0.19453125 0.275 0.3890625
0 0.4421875 0.10625 0.06484375 0.059375
0 0.29765625 0.26484375 0.02734375 0.059375
0 0.253125 0.1875 0.07734375 0.0828125
0 0.1734375 0.69296875 0.0171875 0.01953125
0 0.10703125 0.66171875 0.04921875 0.0796875
0 0.07109375 0.6859375 0.02734375 0.1
0 0.01953125 0.865625 0.0390625 0.04921875
0 0.378125 0.8203125 0.0671875 0.07578125
0 0.25234375 0.8765625 0.046875 0.053125
0 0.77578125 0.94765625 0.0640625 0.1046875
0 0.4546875 0.57578125 0.0859375 0.11328125
0 0.48125 0.38359375 0.0546875 0.13671875
0 0.51796875 0.29453125 0.04609375 0.103125
0 0.4265625 0.36640625 0.02890625 0.16328125
0 0.62109375 0.2796875 0.03828125 0.05234375
0 0.87578125 0.48203125 0.04765625 0.0859375
0 0.69921875 0.5734375 0.1625 0.18125
0 0.30390625 0.49609375 0.025 0.03359375
0 0.26171875 0.44296875 0.0328125 0.059375
0 0.0796875 0.30078125 0.0671875 0.10703125
0 0.784375 0.22578125 0.03203125 0.0625
0 0.95859375 0.2515625 0.06171875 0.134375
0 0.96484375 0.6921875 0.04609375 0.0546875
0 0.84453125 0.84296875 0.02265625 0.0546875
0 0.2875 0.590625 0.02578125 0.04609375
0 0.25 0.07265625 0.015625 0.028125
0 0.1953125 0.10546875 0.02578125 0.053125
0 0.0078125 0.303125 0.015625 0.040625
0 0.67890625 0.01875 0.02109375 0.0375
0 0.08046875 0.97578125 0.03203125 0.0296875
0 0.23359375 0.553125 0.02265625 0.04765625
0 0.01015625 0.95546875 0.0203125 0.0890625
0 0.6421875 0.86015625 0.040625 0.05234375
0 0.38046875 0.49609375 0.0859375 0.08203125
0 0.090625 0.1765625 0.01953125 0.0421875
0 0.04453125 0.18828125 0.05 0.04765625
0 0.93515625 0.41328125 0.04609375 0.06796875
0 0.4046875 0.01953125 0.021875 0.0390625
0 0.37578125 0.1484375 0.01875 0.0265625
0 0.36953125 0.046875 0.009375 0.02109375
0 0.1671875 0.11640625 0.01640625 0.03046875
0 0.0828125 0.09140625 0.0328125 0.059375
0 0.053125 0.11328125 0.0203125 0.0546875
0 0.05390625 0.065625 0.01953125 0.03203125
0 0.1328125 0.54765625 0.0359375 0.0359375
0 0.1078125 0.51328125 0.028125 0.034375
0 0.20859375 0.80859375 0.01640625 0.02578125
0 0.60703125 0.0171875 0.01875 0.03046875
0 0.57109375 0.0484375 0.0171875 0.028125