0 0.49921875 0.28203125 0.05 0.1421875
0 0.325 0.0625 0.04921875 0.10703125
0 0.55078125 0.12265625 0.03125 0.04609375
0 0.478125 0.0859375 0.04765625 0.0421875
0 0.709375 0.075 0.040625 0.0609375
0 0.68359375 0.2890625 0.04921875 0.11796875
0 0.54296875 0.43125 0.0578125 0.14375
0 0.434375 0.4734375 0.06796875 0.1078125
0 0.27578125 0.40078125 0.03125 0.115625
0 0.42734375 0.3640625 0.1046875 0.02734375
0 0.38125 0.53046875 0.04375 0.05625
0 0.37578125 0.73203125 0.0390625 0.06015625
0 0.753125 0.94765625 0.05390625 0.10390625
0 0.2640625 0.9421875 0.0890625 0.115625
1 0.54375 0.83828125 0.1375 0.2921875