3 0.45390625 0.84140625 0.12578125 0.3015625
0 0.66328125 0.05703125 0.05859375 0.10390625
0 0.2875 0.06015625 0.03828125 0.03515625
0 0.521875 0.08671875 0.03984375 0.05234375
0 0.44765625 0.125 0.0234375 0.04140625
0 0.31796875 0.29453125 0.0546875 0.10625
0 0.4953125 0.28984375 0.04375 0.153125
0 0.5609375 0.471875 0.07421875 0.0859375
0 0.57109375 0.37578125 0.0796875 0.05546875
0 0.7140625 0.40078125 0.03984375 0.11171875
0 0.6109375 0.5359375 0.0484375 0.0796875
0 0.62265625 0.7203125 0.03203125 0.06953125
0 0.75234375 0.9515625 0.10078125 0.096875
0 0.2515625 0.96796875 0.07734375 0.0640625
0 0.45546875 0.42265625 0.065625 0.15390625
