0 0.21015625 0.11796875 0.0671875 0.084375
0 0.3578125 0.31015625 0.028125 0.03984375
0 0.35390625 0.51171875 0.01328125 0.0203125
0 0.36796875 0.4671875 0.04140625 0.03984375
0 0.41953125 0.5234375 0.08671875 0.06171875
0 0.4125 0.6109375 0.0953125 0.03515625
0 0.54765625 0.56484375 0.0609375 0.1125
0 0.80390625 0.10078125 0.05234375 0.04921875
0 0.42734375 0.09609375 0.0265625 0.03828125
1 0.5484375 0.21015625 0.103125 0.23359375
0 0.24296875 0.5875 0.0390625 0.0640625
0 0.18203125 0.63515625 0.015625 0.01953125
0 0.19921875 0.6984375 0.0109375 0.01875
0 0.2421875 0.7359375 0.01015625 0.01640625
0 0.26640625 0.6875 0.0140625 0.01953125
0 0.35 0.7953125 0.028125 0.04375
0 0.49609375 0.678125 0.053125 0.12265625
0 0.71875 0.68203125 0.053125 0.0828125
0 0.74921875 0.865625 0.03203125 0.03671875
0 0.55859375 0.821875 0.0203125 0.02421875
0 0.49765625 0.78515625 0.01484375 0.0171875
0 0.4734375 0.8546875 0.03671875 0.03359375
0 0.53515625 0.896875 0.0203125 0.02109375
0 0.2171875 0.871875 0.01484375 0.02109375
0 0.2375 0.896875 0.0109375 0.015625
0 0.22421875 0.63125 0.01875 0.01484375
0 0.253125 0.62578125 0.01328125 0.01015625
0 0.2265625 0.5484375 0.0171875 0.0140625
0 0.178125 0.33671875 0.0140625 0.02578125
0 0.3125 0.08203125 0.01171875 0.01953125
0 0.17578125 0.23046875 0.0109375 0.01640625
0 0.25859375 0.290625 0.0109375 0.02265625
0 0.26875 0.2734375 0.01171875 0.01953125
0 0.2953125 0.871875 0.03828125 0.09609375
0 0.74140625 0.2859375 0.0265625 0.040625
0 0.1703125 0.31328125 0.009375 0.01796875
0 0.709375 0.37421875 0.01796875 0.02109375
0 0.20078125 0.3921875 0.01484375 0.0234375
0 0.33125 0.6734375 0.015625 0.025
0 0.54140625 0.659375 0.01171875 0.01875
0 0.42734375 0.80390625 0.01015625 0.0125
0 0.43359375 0.7859375 0.009375 0.015625