0 0.934375 0.09921875 0.059375 0.109375
0 0.75 0.2015625 0.06953125 0.0734375
0 0.5578125 0.1109375 0.065625 0.07734375
0 0.13671875 0.18828125 0.2734375 0.3765625
0 0.48046875 0.296875 0.028125 0.08359375
0 0.36796875 0.28984375 0.053125 0.06484375
0 0.21875 0.2234375 0.0359375 0.0671875
0 0.04375 0.240625 0.0625 0.1328125
0 0.51796875 0.38046875 0.05390625 0.12421875
0 0.5734375 0.3671875 0.028125 0.1640625
0 0.628125 0.49375 0.084375 0.0703125
0 0.54140625 0.5859375 0.084375 0.11171875
0 0.890625 0.671875 0.034375 0.084375
0 0.9390625 0.6765625 0.0421875 0.075
0 0.97890625 0.87734375 0.028125 0.059375
0 0.62578125 0.83828125 0.07109375 0.125
0 0.74375 0.88046875 0.0359375 0.07890625
0 0.22734375 0.93984375 0.05546875 0.11953125
0 0.0296875 0.68984375 0.03671875 0.078125
0 0.92265625 0.3 0.0578125 0.103125
1 0.31015625 0.57734375 0.15703125 0.18125
0 0.73828125 0.4609375 0.02578125 0.078125
0 0.71171875 0.5734375 0.03046875 0.06328125
0 0.06015625 0.409375 0.0515625 0.08671875