1 0.46484375 0.84609375 0.10859375 0.30703125
0 0.2921875 0.07578125 0.02890625 0.0625
0 0.5046875 0.278125 0.0671875 0.1390625
0 0.31640625 0.3109375 0.07265625 0.1296875
0 0.4515625 0.11640625 0.03203125 0.0515625
0 0.52890625 0.08125 0.03828125 0.0375
0 0.67734375 0.05859375 0.05859375 0.09765625
0 0.72421875 0.39921875 0.03984375 0.1078125
0 0.615625 0.540625 0.0515625 0.0578125
0 0.5625 0.47109375 0.09375 0.1125
0 0.621875 0.7328125 0.0421875 0.0703125
0 0.2515625 0.96640625 0.0515625 0.06640625
0 0.73515625 0.93515625 0.0921875 0.12890625
0 0.57265625 0.378125 0.09375 0.03828125
0 0.4515625 0.41875 0.06328125 0.12421875