0 0.328125 0.0671875 0.040625 0.1203125
0 0.71015625 0.07109375 0.0390625 0.06796875
0 0.4703125 0.078125 0.040625 0.03984375
0 0.55234375 0.13046875 0.0421875 0.06484375
0 0.68515625 0.2890625 0.0515625 0.08125
0 0.49765625 0.28671875 0.06328125 0.1515625
0 0.27734375 0.3875 0.03125 0.1125
0 0.434375 0.471875 0.06953125 0.0859375
0 0.425 0.36484375 0.08203125 0.0390625
0 0.54921875 0.4171875 0.07421875 0.134375
0 0.384375 0.5375 0.05 0.0421875
0 0.38125 0.72421875 0.0265625 0.0578125
0 0.27578125 0.9390625 0.1140625 0.121875
0 0.74921875 0.95390625 0.084375 0.0921875
3 0.55078125 0.85078125 0.14296875 0.2984375
