1 0.3015625 0.43125 0.165625 0.18671875
0 0.5171875 0.61953125 0.059375 0.12578125
0 0.540625 0.4390625 0.08359375 0.125
0 0.62421875 0.51640625 0.09296875 0.0984375
0 0.24765625 0.9328125 0.06875 0.12578125
0 0.7390625 0.8078125 0.075 0.08984375
0 0.2328125 0.04765625 0.0359375 0.0921875
0 0.415625 0.18515625 0.01484375 0.028125
0 0.35625 0.1390625 0.0296875 0.04921875
0 0.74296875 0.12734375 0.0265625 0.04765625
0 0.7625 0.45390625 0.01640625 0.0375
0 0.7109375 0.41171875 0.021875 0.0359375
0 0.73515625 0.5421875 0.025 0.059375
0 0.62109375 0.1765625 0.05625 0.084375
0 0.37265625 0.71328125 0.0265625 0.04609375
0 0.47734375 0.7 0.02734375 0.07265625
0 0.57265625 0.63359375 0.021875 0.14296875
0 0.3921875 0.9828125 0.01640625 0.0234375
0 0.6578125 0.88671875 0.0125 0.015625
0 0.625 0.85078125 0.01484375 0.02265625
0 0.69609375 0.72734375 0.0265625 0.04140625
0 0.746875 0.928125 0.01796875 0.02265625
0 0.68984375 0.5046875 0.01484375 0.021875
0 0.62890625 0.95703125 0.01953125 0.02421875
0 0.5953125 0.99296875 0.01328125 0.0140625
0 0.59140625 0.975 0.0125 0.02109375
0 0.5875 0.91484375 0.015625 0.0234375
0 0.584375 0.86875 0.0109375 0.021875
0 0.55234375 0.89140625 0.05390625 0.05625
0 0.3171875 0.9796875 0.015625 0.03046875
0 0.42890625 0.95 0.01171875 0.01953125
0 0.76484375 0.89375 0.01328125 0.01953125
0 0.36015625 0.8640625 0.0140625 0.01796875
0 0.36640625 0.8390625 0.0109375 0.01875
0 0.34921875 0.8484375 0.0125 0.0203125
0 0.22109375 0.78515625 0.0078125 0.02421875
0 0.37578125 0.99296875 0.0140625 0.0140625
0 0.715625 0.675 0.01171875 0.01875
0 0.70234375 0.6109375 0.0140625 0.01953125
0 0.61484375 0.75234375 0.01796875 0.025