0 0.78984375 0.11796875 0.0671875 0.084375
0 0.6421875 0.31015625 0.028125 0.03984375
0 0.64609375 0.51171875 0.01328125 0.0203125
0 0.63203125 0.4671875 0.04140625 0.03984375
0 0.58046875 0.5234375 0.08671875 0.06171875
0 0.5875 0.6109375 0.0953125 0.03515625
0 0.45234375 0.56484375 0.0609375 0.1125
0 0.19609375 0.10078125 0.05234375 0.04921875
0 0.57265625 0.09609375 0.0265625 0.03828125
1 0.4515625 0.21015625 0.103125 0.23359375
0 0.75703125 0.5875 0.0390625 0.0640625
0 0.81796875 0.63515625 0.015625 0.01953125
0 0.80078125 0.6984375 0.0109375 0.01875
0 0.7578125 0.7359375 0.01015625 0.01640625
0 0.73359375 0.6875 0.0140625 0.01953125
0 0.65 0.7953125 0.028125 0.04375
0 0.50390625 0.678125 0.053125 0.12265625
0 0.28125 0.68203125 0.053125 0.0828125
0 0.25078125 0.865625 0.03203125 0.03671875
0 0.44140625 0.821875 0.0203125 0.02421875
0 0.50234375 0.78515625 0.01484375 0.0171875
0 0.5265625 0.8546875 0.03671875 0.03359375
0 0.46484375 0.896875 0.0203125 0.02109375
0 0.7828125 0.871875 0.01484375 0.02109375
0 0.7625 0.896875 0.0109375 0.015625
0 0.77578125 0.63125 0.01875 0.01484375
0 0.746875 0.62578125 0.01328125 0.01015625
0 0.7734375 0.5484375 0.0171875 0.0140625
0 0.821875 0.33671875 0.0140625 0.02578125
0 0.6875 0.08203125 0.01171875 0.01953125
0 0.82421875 0.23046875 0.0109375 0.01640625
0 0.74140625 0.290625 0.0109375 0.02265625
0 0.73125 0.2734375 0.01171875 0.01953125
0 0.7046875 0.871875 0.03828125 0.09609375
0 0.25859375 0.2859375 0.0265625 0.040625
0 0.8296875 0.31328125 0.009375 0.01796875
0 0.290625 0.37421875 0.01796875 0.02109375
0 0.79921875 0.3921875 0.01484375 0.0234375
0 0.66875 0.6734375 0.015625 0.025
0 0.45859375 0.659375 0.01171875 0.01875
0 0.57265625 0.80390625 0.01015625 0.0125
0 0.56640625 0.7859375 0.009375 0.015625