1 0.44765625 0.21484375 0.14921875 0.24765625
0 0.19453125 0.096875 0.09140625 0.0953125
0 0.7203125 0.109375 0.25703125 0.21796875
0 0.690625 0.07265625 0.0375 0.0390625
0 0.6390625 0.31328125 0.0421875 0.0609375
0 0.63515625 0.4640625 0.05703125 0.03359375
0 0.58828125 0.61328125 0.10078125 0.04609375
0 0.5765625 0.5296875 0.07734375 0.06875
0 0.44921875 0.55078125 0.06484375 0.096875
0 0.278125 0.6625 0.0515625 0.08828125
0 0.25 0.86875 0.0453125 0.0421875
0 0.49921875 0.6875 0.05625 0.134375
0 0.76015625 0.58671875 0.03515625 0.08046875
0 0.6953125 0.8734375 0.065625 0.103125
0 0.51875 0.8703125 0.04609375 0.03984375