3 0.69375 0.42734375 0.1703125 0.1796875
0 0.7734375 0.04609375 0.05859375 0.0921875
0 0.97109375 0.30390625 0.03125 0.04296875
0 0.8453125 0.15859375 0.01953125 0.0578125
0 0.85390625 0.80390625 0.2609375 0.39140625
0 0.9609375 0.75234375 0.0515625 0.115625
0 0.87734375 0.51875 0.0359375 0.0765625
0 0.784375 0.775 0.03125 0.06484375
0 0.76796875 0.61015625 0.03046875 0.04921875
0 0.62421875 0.715625 0.0328125 0.0578125
0 0.5203125 0.70078125 0.03203125 0.07734375
0 0.4265625 0.63203125 0.01953125 0.1515625
0 0.38046875 0.503125 0.0859375 0.07734375
0 0.4546875 0.42421875 0.08203125 0.09453125
0 0.378125 0.17265625 0.05390625 0.084375
0 0.25703125 0.12734375 0.03046875 0.053125
0 0.11015625 0.02265625 0.01171875 0.03515625
0 0.08046875 0.025 0.0203125 0.03125
0 0.009375 0.046875 0.01875 0.0875
0 0.15234375 0.03359375 0.0171875 0.05625
0 0.0234375 0.1328125 0.046875 0.040625
0 0.1859375 0.459375 0.01640625 0.06015625
0 0.12734375 0.446875 0.0296875 0.04140625
0 0.10859375 0.48046875 0.02109375 0.03984375
0 0.2875 0.41171875 0.021875 0.05078125
0 0.26171875 0.5421875 0.03203125 0.06171875
0 0.234375 0.45234375 0.021875 0.03671875
0 0.30390625 0.5046875 0.02109375 0.02734375
0 0.48359375 0.6203125 0.05234375 0.13203125
0 0.44140625 0.89140625 0.04921875 0.071875
0 0.684375 0.978125 0.021875 0.04296875
0 0.6125 0.9828125 0.02890625 0.03359375
0 0.40703125 0.97890625 0.0171875 0.0421875
0 0.07265625 0.90078125 0.06796875 0.08046875
0 0.07890625 0.70078125 0.05234375 0.0921875
0 0.009375 0.703125 0.01796875 0.05390625
0 0.253125 0.8125 0.07109375 0.07734375
0 0.375 0.8453125 0.01484375 0.02578125
0 0.2984375 0.7375 0.028125 0.0609375
0 0.75703125 0.3 0.05234375 0.08671875
0 0.64296875 0.13515625 0.02890625 0.0296875
0 0.134375 0.9890625 0.01953125 0.02109375
0 0.24921875 0.9296875 0.01171875 0.025
0 0.2328125 0.8921875 0.015625 0.028125
0 0.19453125 0.89453125 0.01953125 0.03828125
0 0.16875 0.88125 0.0171875 0.03046875
0 0.3671875 0.95859375 0.01875 0.03125
0 0.08984375 0.8265625 0.0234375 0.03515625
0 0.05703125 0.8046875 0.0125 0.040625
0 0.0375 0.81171875 0.0125 0.0359375
0 0.64296875 0.85078125 0.03671875 0.0421875
0 0.9359375 0.58828125 0.0375 0.06484375
0 0.38515625 0.753125 0.01171875 0.0296875
0 0.5703125 0.946875 0.01640625 0.028125
0 0.16875 0.73671875 0.015625 0.02109375
0 0.10859375 0.34921875 0.0453125 0.0921875
0 0.0703125 0.315625 0.028125 0.096875
0 0.03046875 0.2640625 0.01328125 0.0328125
0 0.00703125 0.2890625 0.0140625 0.03125
0 0.04140625 0.4515625 0.015625 0.02890625
0 0.21015625 0.18671875 0.015625 0.03359375
0 0.1703125 0.30234375 0.0125 0.0296875
0 0.39375 0.44296875 0.0109375 0.02734375
0 0.1 0.596875 0.01796875 0.03046875
0 0.15546875 0.665625 0.01953125 0.025
0 0.1109375 0.23046875 0.01875 0.02265625
0 0.346875 0.8015625 0.0265625 0.02890625
0 0.01328125 0.7984375 0.01328125 0.03515625
