0 0.77421875 0.04765625 0.05234375 0.0953125
0 0.84375 0.15859375 0.021875 0.05390625
0 0.96953125 0.30390625 0.03359375 0.04296875
0 0.85234375 0.80546875 0.2609375 0.38828125
0 0.9546875 0.7609375 0.04921875 0.1203125
0 0.93359375 0.58515625 0.0359375 0.0671875
0 0.8765625 0.521875 0.03828125 0.07734375
0 0.7875 0.778125 0.03203125 0.05625
0 0.76953125 0.6109375 0.03125 0.0515625
0 0.62578125 0.7171875 0.03046875 0.04765625
0 0.521875 0.70390625 0.034375 0.0796875
0 0.4859375 0.61953125 0.05703125 0.12734375
0 0.42421875 0.63515625 0.02265625 0.146875
0 0.45546875 0.43359375 0.07578125 0.10078125
0 0.38046875 0.5078125 0.08046875 0.0828125
0 0.26328125 0.5421875 0.02421875 0.053125
0 0.2875 0.41484375 0.02109375 0.0484375
0 0.37734375 0.178125 0.05078125 0.090625
0 0.234375 0.453125 0.02265625 0.05
0 0.13046875 0.45234375 0.03515625 0.040625
0 0.1046875 0.4859375 0.0265625 0.04296875
0 0.15234375 0.03984375 0.02421875 0.0703125
0 0.1078125 0.02890625 0.0109375 0.04140625
0 0.07734375 0.028125 0.02578125 0.03671875
0 0.01015625 0.04140625 0.0203125 0.0796875
0 0.0234375 0.1375 0.04140625 0.05
0 0.2546875 0.12890625 0.0265625 0.053125
0 0.10703125 0.35859375 0.0390625 0.1078125
0 0.0671875 0.32265625 0.03359375 0.0953125
0 0.0765625 0.70234375 0.05234375 0.0890625
0 0.01015625 0.6984375 0.0203125 0.03828125
0 0.08046875 0.91015625 0.03671875 0.071875
0 0.0921875 0.8265625 0.02109375 0.04140625
0 0.0515625 0.8796875 0.021875 0.06796875
0 0.05390625 0.809375 0.0125 0.02578125
0 0.2515625 0.93046875 0.01328125 0.02734375
0 0.19765625 0.89453125 0.015625 0.03203125
0 0.16640625 0.8796875 0.0203125 0.03359375
0 0.2546875 0.81796875 0.07265625 0.0828125
0 0.29921875 0.72734375 0.02890625 0.065625
0 0.4359375 0.8984375 0.07578125 0.08046875
0 0.3734375 0.85390625 0.01875 0.03359375
0 0.40078125 0.9796875 0.028125 0.040625
0 0.3671875 0.95859375 0.01484375 0.03984375
0 0.67890625 0.9796875 0.02109375 0.040625
0 0.6125 0.98359375 0.0296875 0.03203125
0 0.63984375 0.85625 0.03671875 0.0546875
0 0.646875 0.14140625 0.04140625 0.0453125
0 0.75078125 0.29921875 0.05546875 0.0734375
0 0.30625 0.50390625 0.02109375 0.0390625
0 0.20546875 0.2 0.0265625 0.046875
0 0.03203125 0.26953125 0.0140625 0.04453125
0 0.00703125 0.2953125 0.01171875 0.0375
0 0.01875 0.52265625 0.02421875 0.05703125
0 0.30078125 0.60859375 0.01953125 0.03125
0 0.2828125 0.66015625 0.01796875 0.0515625
0 0.034375 0.8171875 0.0140625 0.0390625
0 0.01484375 0.80546875 0.01328125 0.0515625
0 0.13671875 0.99140625 0.025 0.01640625
0 0.38203125 0.753125 0.01875 0.03125
0 0.34609375 0.80078125 0.0109375 0.02734375
0 0.57109375 0.94453125 0.02265625 0.03984375
0 0.3390625 0.8859375 0.00703125 0.025
0 0.315625 0.87734375 0.009375 0.03125
3 0.69453125 0.42578125 0.1640625 0.16875
