0 0.29453125 0.14375 0.059375 0.1234375
0 0.4734375 0.14609375 0.034375 0.05546875
0 0.5640625 0.18984375 0.03828125 0.0640625
0 0.7421875 0.159375 0.0546875 0.08125
0 0.7140625 0.328125 0.05625 0.08046875
0 0.5578125 0.44453125 0.075 0.11015625
0 0.4921875 0.328125 0.0578125 0.1609375
0 0.41875 0.478125 0.08515625 0.08046875
0 0.40703125 0.39296875 0.1 0.0421875
0 0.24140625 0.41953125 0.05703125 0.0828125
0 0.3703125 0.540625 0.05859375 0.0578125
0 0.35625 0.68203125 0.0328125 0.04296875
0 0.24375 0.8796875 0.14765625 0.10546875
0 0.79609375 0.89921875 0.065625 0.0703125
3 0.54375 0.7859375 0.13359375 0.23359375
