3 0.66875 0.590625 0.1890625 0.1765625
0 0.740625 0.08359375 0.06796875 0.1671875
0 0.43984375 0.12109375 0.0640625 0.0796875
0 0.24609375 0.20703125 0.06328125 0.121875
0 0.61328125 0.28984375 0.04375 0.05625
0 0.51875 0.30234375 0.04609375 0.08046875
0 0.4796875 0.3890625 0.046875 0.1265625
0 0.42109375 0.365625 0.03125 0.1609375
0 0.3828125 0.49765625 0.08046875 0.06328125
0 0.45703125 0.57109375 0.09140625 0.08984375
0 0.38984375 0.8296875 0.065625 0.10234375
0 0.26328125 0.87578125 0.046875 0.084375
0 0.28359375 0.58984375 0.04296875 0.04921875
0 0.26875 0.45390625 0.0296875 0.0734375
0 0.7609375 0.946875 0.05859375 0.10625
