0 0.48125 0.37890625 0.0640625 0.13359375
0 0.459375 0.590625 0.0859375 0.1328125
0 0.38671875 0.49921875 0.08828125 0.08359375
0 0.44453125 0.11484375 0.053125 0.0671875
0 0.859375 0.19609375 0.27109375 0.3828125
0 0.9625 0.2421875 0.04296875 0.11015625
0 0.78671875 0.22578125 0.028125 0.05234375
0 0.77109375 0.384375 0.0296875 0.0453125
0 0.87734375 0.48046875 0.03515625 0.071875
1 0.6953125 0.56953125 0.1578125 0.16640625
0 0.62421875 0.28671875 0.03203125 0.05390625
0 0.521875 0.29921875 0.03359375 0.07265625
0 0.24921875 0.19140625 0.06640625 0.0609375
0 0.17109375 0.11875 0.015625 0.028125
0 0.19765625 0.10546875 0.01953125 0.040625
0 0.2359375 0.1046875 0.01484375 0.02109375
0 0.25234375 0.0765625 0.01484375 0.02578125
0 0.26328125 0.46015625 0.02421875 0.05234375
0 0.12890625 0.55 0.03046875 0.0296875
0 0.18984375 0.56171875 0.0140625 0.028125
0 0.234375 0.54609375 0.02265625 0.0453125
0 0.2890625 0.58671875 0.021875 0.040625
0 0.3109375 0.4953125 0.01484375 0.03125
0 0.3796875 0.825 0.05859375 0.08125
0 0.25859375 0.87421875 0.02734375 0.05390625
0 0.2078125 0.80859375 0.0140625 0.02109375
0 0.77421875 0.95546875 0.05546875 0.08671875
0 0.9734375 0.69609375 0.02578125 0.04296875
0 0.428125 0.371875 0.02109375 0.13828125
0 0.36875 0.04453125 0.01484375 0.03046875
0 0.40703125 0.01796875 0.0171875 0.0359375
0 0.375 0.15078125 0.01484375 0.02109375
0 0.303125 0.27265625 0.025 0.0359375
0 0.609375 0.01875 0.0125 0.021875
0 0.62265625 0.00625 0.0140625 0.0125
0 0.67890625 0.01328125 0.01171875 0.01640625
0 0.64375 0.859375 0.02734375 0.04296875
0 0.84609375 0.84140625 0.0234375 0.04921875
0 0.58359375 0.8140625 0.0171875 0.0296875
0 0.03125 0.73515625 0.01640625 0.03203125
0 0.07109375 0.68515625 0.03125 0.09296875
0 0.1109375 0.66171875 0.04296875 0.059375
0 0.0109375 0.95625 0.01953125 0.0828125
0 0.025 0.86875 0.0375 0.0390625
0 0.08046875 0.9796875 0.0203125 0.03203125
0 0.10625 0.51484375 0.02265625 0.03984375
0 0.08125 0.3 0.046875 0.0828125
0 0.01015625 0.3 0.0203125 0.03984375
0 0.05546875 0.19140625 0.0140625 0.0359375
0 0.05625 0.11953125 0.025 0.04453125
0 0.0921875 0.1765625 0.015625 0.0328125
0 0.0828125 0.0921875 0.03359375 0.05859375
0 0.0578125 0.084375 0.0140625 0.015625
0 0.05546875 0.06171875 0.01328125 0.0265625
0 0.17265625 0.26640625 0.0125 0.01875
0 0.17421875 0.6953125 0.01640625 0.025
0 0.1125 0.978125 0.01875 0.0296875
0 0.1234375 0.9171875 0.01328125 0.028125