1 0.30625 0.42734375 0.1703125 0.1796875
0 0.2265625 0.04609375 0.05859375 0.0921875
0 0.02890625 0.30390625 0.03125 0.04296875
0 0.1546875 0.15859375 0.01953125 0.0578125
0 0.14609375 0.80390625 0.2609375 0.39140625
0 0.0390625 0.75234375 0.0515625 0.115625
0 0.12265625 0.51875 0.0359375 0.0765625
0 0.215625 0.775 0.03125 0.06484375
0 0.23203125 0.61015625 0.03046875 0.04921875
0 0.37578125 0.715625 0.0328125 0.0578125
0 0.4796875 0.70078125 0.03203125 0.07734375
0 0.5734375 0.63203125 0.01953125 0.1515625
0 0.61953125 0.503125 0.0859375 0.07734375
0 0.5453125 0.42421875 0.08203125 0.09453125
0 0.621875 0.17265625 0.05390625 0.084375
0 0.74296875 0.12734375 0.03046875 0.053125
0 0.88984375 0.02265625 0.01171875 0.03515625
0 0.91953125 0.025 0.0203125 0.03125
0 0.990625 0.046875 0.01875 0.0875
0 0.84765625 0.03359375 0.0171875 0.05625
0 0.9765625 0.1328125 0.046875 0.040625
0 0.8140625 0.459375 0.01640625 0.06015625
0 0.87265625 0.446875 0.0296875 0.04140625
0 0.89140625 0.48046875 0.02109375 0.03984375
0 0.7125 0.41171875 0.021875 0.05078125
0 0.73828125 0.5421875 0.03203125 0.06171875
0 0.765625 0.45234375 0.021875 0.03671875
0 0.69609375 0.5046875 0.02109375 0.02734375
0 0.51640625 0.6203125 0.05234375 0.13203125
0 0.55859375 0.89140625 0.04921875 0.071875
0 0.315625 0.978125 0.021875 0.04296875
0 0.3875 0.9828125 0.02890625 0.03359375
0 0.59296875 0.97890625 0.0171875 0.0421875
0 0.92734375 0.90078125 0.06796875 0.08046875
0 0.92109375 0.70078125 0.05234375 0.0921875
0 0.990625 0.703125 0.01796875 0.05390625
0 0.746875 0.8125 0.07109375 0.07734375
0 0.625 0.8453125 0.01484375 0.02578125
0 0.7015625 0.7375 0.028125 0.0609375
0 0.24296875 0.3 0.05234375 0.08671875
0 0.35703125 0.13515625 0.02890625 0.0296875
0 0.865625 0.9890625 0.01953125 0.02109375
0 0.75078125 0.9296875 0.01171875 0.025
0 0.7671875 0.8921875 0.015625 0.028125
0 0.80546875 0.89453125 0.01953125 0.03828125
0 0.83125 0.88125 0.0171875 0.03046875
0 0.6328125 0.95859375 0.01875 0.03125
0 0.91015625 0.8265625 0.0234375 0.03515625
0 0.94296875 0.8046875 0.0125 0.040625
0 0.9625 0.81171875 0.0125 0.0359375
0 0.35703125 0.85078125 0.03671875 0.0421875
0 0.0640625 0.58828125 0.0375 0.06484375
0 0.61484375 0.753125 0.01171875 0.0296875
0 0.4296875 0.946875 0.01640625 0.028125
0 0.83125 0.73671875 0.015625 0.02109375
0 0.89140625 0.34921875 0.0453125 0.0921875
0 0.9296875 0.315625 0.028125 0.096875
0 0.96953125 0.2640625 0.01328125 0.0328125
0 0.99296875 0.2890625 0.0140625 0.03125
0 0.95859375 0.4515625 0.015625 0.02890625
0 0.78984375 0.18671875 0.015625 0.03359375
0 0.8296875 0.30234375 0.0125 0.0296875
0 0.60625 0.44296875 0.0109375 0.02734375
0 0.9 0.596875 0.01796875 0.03046875
0 0.84453125 0.665625 0.01953125 0.025
0 0.8890625 0.23046875 0.01875 0.02265625
0 0.653125 0.8015625 0.0265625 0.02890625
0 0.98671875 0.7984375 0.01328125 0.03515625