3 0.54453125 0.78671875 0.1171875 0.24296875
0 0.49609375 0.32265625 0.0546875 0.1359375
0 0.80390625 0.91640625 0.06328125 0.08203125
0 0.284375 0.91796875 0.240625 0.1640625
0 0.31484375 0.92734375 0.0265625 0.04765625
0 0.428125 0.9015625 0.03203125 0.04921875
0 0.62890625 0.87890625 0.04609375 0.084375
0 0.35625 0.68984375 0.028125 0.0546875
0 0.178125 0.778125 0.03828125 0.04609375
0 0.17421875 0.678125 0.02421875 0.07421875
0 0.365625 0.53359375 0.0421875 0.0515625
0 0.42109375 0.47578125 0.08828125 0.0734375
0 0.4109375 0.39375 0.0953125 0.04375
0 0.546875 0.43125 0.0640625 0.109375
0 0.71484375 0.32109375 0.0515625 0.0859375
0 0.75078125 0.1359375 0.02890625 0.053125
0 0.70859375 0.06484375 0.01875 0.025
0 0.53359375 0.1046875 0.02421875 0.02265625
0 0.49765625 0.209375 0.0171875 0.0421875
0 0.4703125 0.146875 0.0359375 0.04375
0 0.55859375 0.1828125 0.0296875 0.0375
0 0.3453125 0.2046875 0.0390625 0.05
0 0.28984375 0.13828125 0.04609375 0.1125
0 0.23671875 0.04375 0.0265625 0.040625
0 0.23828125 0.10390625 0.0171875 0.021875
0 0.2140625 0.128125 0.0203125 0.03984375
0 0.18984375 0.10625 0.0125 0.04140625
0 0.240625 0.41484375 0.04765625 0.10625
0 0.17890625 0.353125 0.02578125 0.04453125
0 0.19375 0.303125 0.028125 0.03203125
0 0.265625 0.71328125 0.02265625 0.04296875
0 0.62890625 0.01484375 0.01796875 0.0296875
0 0.53828125 0.05234375 0.0171875 0.05234375
0 0.26640625 0.3109375 0.01875 0.028125
0 0.33046875 0.32890625 0.01328125 0.03359375
0 0.43046875 0.209375 0.021875 0.05078125
0 0.39296875 0.18203125 0.03671875 0.0234375
0 0.24375 0.0109375 0.025 0.021875
0 0.34765625 0.00703125 0.0140625 0.0140625
0 0.3015625 0.275 0.0109375 0.03046875
