1 0.30859375 0.43203125 0.175 0.1890625
0 0.22578125 0.04765625 0.059375 0.0859375
0 0.54296875 0.425 0.090625 0.0953125
0 0.61953125 0.17421875 0.06328125 0.0859375
0 0.746875 0.13046875 0.0359375 0.06953125
0 0.89453125 0.33515625 0.0375 0.090625
0 0.93125 0.32109375 0.02890625 0.11015625
0 0.97421875 0.13671875 0.04765625 0.04296875
0 0.92578125 0.03046875 0.02265625 0.03984375
0 0.9359375 0.9078125 0.065625 0.115625
0 0.92578125 0.69609375 0.06015625 0.10625
0 0.75078125 0.80859375 0.0796875 0.06875
0 0.51796875 0.6125 0.04921875 0.121875
0 0.5765625 0.63671875 0.025 0.153125
0 0.37578125 0.71484375 0.034375 0.06875
0 0.48203125 0.69765625 0.03984375 0.08125
0 0.1515625 0.80546875 0.2625 0.38828125
0 0.040625 0.7578125 0.0484375 0.12578125
0 0.2171875 0.77734375 0.02890625 0.0703125
0 0.56015625 0.89609375 0.0515625 0.07734375
0 0.0296875 0.3 0.0359375 0.0671875
0 0.16015625 0.159375 0.03359375 0.05546875
0 0.3609375 0.14140625 0.0421875 0.03125
0 0.71328125 0.41015625 0.0234375 0.05859375
0 0.7421875 0.546875 0.02890625 0.06875
0 0.62578125 0.50625 0.10078125 0.07734375
0 0.88203125 0.471875 0.04921875 0.06953125
0 0.765625 0.4515625 0.01796875 0.0453125
0 0.7015625 0.73125 0.03203125 0.0890625
0 0.071875 0.59140625 0.05078125 0.0671875
0 0.1265625 0.52265625 0.0375 0.084375
0 0.2328125 0.615625 0.034375 0.0671875
0 0.24765625 0.30625 0.05859375 0.0796875
0 0.321875 0.975 0.0203125 0.05
0 0.753125 0.928125 0.02421875 0.03359375
0 0.81640625 0.8875 0.0453125 0.0671875
0 0.390625 0.98203125 0.03203125 0.0359375
0 0.63203125 0.85625 0.02890625 0.025
0 0.5953125 0.97890625 0.025 0.0421875
0 0.98984375 0.7 0.01953125 0.05078125
0 0.9921875 0.04921875 0.015625 0.09765625