0 0.571875 0.36640625 0.0203125 0.1421875
0 0.51875 0.378125 0.065625 0.134375
0 0.54140625 0.58828125 0.0859375 0.13671875
0 0.61484375 0.49609375 0.08984375 0.0875
3 0.3078125 0.5890625 0.178125 0.1875
0 0.94453125 0.11796875 0.0203125 0.040625
0 0.91953125 0.09453125 0.03046875 0.06328125
0 0.9453125 0.07109375 0.01953125 0.04453125
0 0.92109375 0.30078125 0.0484375 0.0765625
0 0.9890625 0.3015625 0.02109375 0.040625
0 0.74375 0.190625 0.07109375 0.06484375
0 0.62421875 0.14453125 0.0171875 0.03828125
0 0.58515625 0.12734375 0.01171875 0.028125
0 0.55234375 0.1078125 0.05234375 0.07265625
0 0.58828125 0.08125 0.015625 0.0234375
0 0.83203125 0.115625 0.02265625 0.0328125
0 0.803125 0.10546875 0.0203125 0.040625
0 0.765625 0.10546875 0.02109375 0.03046875
0 0.74921875 0.06953125 0.01953125 0.028125
0 0.47734375 0.3015625 0.034375 0.07109375
0 0.3765625 0.28515625 0.034375 0.05234375
0 0.734375 0.459375 0.02421875 0.0546875
0 0.69453125 0.4953125 0.02265625 0.02890625
0 0.71015625 0.5875 0.028125 0.04609375
0 0.81171875 0.5578125 0.01953125 0.02890625
0 0.76484375 0.546875 0.02109375 0.04765625
0 0.89453125 0.5125 0.02109375 0.0453125
0 0.87265625 0.54609375 0.03203125 0.0328125
0 0.96796875 0.72890625 0.015625 0.04453125
0 0.93125 0.68515625 0.0375 0.0859375
0 0.8921875 0.6609375 0.046875 0.0640625
0 0.98984375 0.953125 0.0203125 0.08359375
0 0.97421875 0.86328125 0.04375 0.05
0 0.74296875 0.87421875 0.02578125 0.05
0 0.62109375 0.82421875 0.05546875 0.08203125
0 0.22421875 0.95859375 0.0578125 0.0828125
0 0.35546875 0.85703125 0.03203125 0.040625
0 0.9203125 0.9765625 0.025 0.028125
0 0.69765625 0.27265625 0.0265625 0.0375
0 0.1359375 0.19296875 0.271875 0.3859375
0 0.21171875 0.2265625 0.028125 0.04921875
0 0.12265625 0.48125 0.0328125 0.0703125
0 0.06171875 0.4140625 0.0375 0.06328125
0 0.03828125 0.240625 0.0484375 0.11015625
0 0.02890625 0.69375 0.0296875 0.04765625
0 0.428125 0.05078125 0.0203125 0.03203125
0 0.38359375 0.0140625 0.0265625 0.028125
0 0.3203125 0.01875 0.02109375 0.03359375
0 0.35859375 0.14765625 0.028125 0.0484375
0 0.79296875 0.80859375 0.0203125 0.02265625
0 0.8734375 0.91875 0.01953125 0.0359375
0 0.94140625 0.19296875 0.01953125 0.03515625
0 0.91171875 0.171875 0.021875 0.03125
0 0.63046875 0.04296875 0.01953125 0.03046875
0 0.59375 0.0171875 0.0234375 0.034375
0 0.84609375 0.3328125 0.01640625 0.02578125
0 0.82890625 0.26875 0.0171875 0.0296875
0 0.82734375 0.69296875 0.0203125 0.0375
0 0.15546875 0.84375 0.02265625 0.05859375
