0 0.2828125 0.32734375 0.05234375 0.1140625
0 0.25390625 0.13515625 0.053125 0.05546875
0 0.70234375 0.12265625 0.053125 0.109375
0 0.75859375 0.41015625 0.0453125 0.10625
0 0.58203125 0.47578125 0.09375 0.0859375
0 0.5890625 0.3890625 0.103125 0.059375
0 0.6296875 0.53359375 0.0609375 0.059375
0 0.64609375 0.6890625 0.03515625 0.0671875
0 0.1984375 0.909375 0.05703125 0.09609375
0 0.25859375 0.7109375 0.03515625 0.0796875
0 0.45546875 0.4375 0.075 0.13515625
0 0.50703125 0.32265625 0.053125 0.1328125
0 0.53203125 0.15 0.0453125 0.084375
0 0.4453125 0.18828125 0.04296875 0.0546875
0 0.46640625 0.103125 0.0328125 0.04375
0 0.29375 0.06484375 0.02265625 0.02890625
0 0.5703125 0.89453125 0.03515625 0.07578125
0 0.71640625 0.915625 0.2453125 0.16875
0 0.68515625 0.92734375 0.02421875 0.0546875
0 0.81953125 0.771875 0.02265625 0.05078125
0 0.77421875 0.11875 0.040625 0.0625
0 0.76640625 0.04765625 0.02578125 0.03515625
0 0.6609375 0.20390625 0.040625 0.0609375
0 0.3734375 0.88046875 0.046875 0.08984375
0 0.825 0.359375 0.03203125 0.06171875
0 0.73515625 0.7125 0.0296875 0.05625
3 0.453125 0.78515625 0.1140625 0.2546875
0 0.7375 0.315625 0.0234375 0.0328125
0 0.46171875 0.03359375 0.0203125 0.03203125
0 0.82734375 0.675 0.02890625 0.0640625
