0 0.859375 0.196875 0.28125 0.39375
0 0.96015625 0.2546875 0.04609375 0.12265625
0 0.78984375 0.2296875 0.03359375 0.06171875
0 0.8765625 0.48203125 0.0390625 0.0828125
0 0.93984375 0.428125 0.04296875 0.0859375
0 0.771875 0.3984375 0.0296875 0.0578125
0 0.6296875 0.290625 0.03125 0.06015625
0 0.48046875 0.3859375 0.05546875 0.12890625
0 0.52578125 0.31171875 0.03828125 0.07109375
0 0.425 0.36953125 0.01953125 0.146875
0 0.45703125 0.57890625 0.07265625 0.10234375
0 0.2515625 0.1984375 0.06875 0.07890625
0 0.44375 0.12109375 0.06328125 0.09453125
0 0.778125 0.95625 0.05546875 0.08671875
0 0.84453125 0.846875 0.02734375 0.065625
0 0.97265625 0.69609375 0.0375 0.06171875
0 0.01171875 0.953125 0.0234375 0.090625
0 0.02421875 0.87265625 0.04765625 0.04921875
0 0.08046875 0.98203125 0.0234375 0.0359375
0 0.11484375 0.97890625 0.0203125 0.0421875
0 0.15390625 0.9703125 0.0234375 0.059375
0 0.2578125 0.8734375 0.02578125 0.05078125
0 0.38125 0.8296875 0.05859375 0.08359375
0 0.265625 0.4640625 0.021875 0.0625
0 0.38515625 0.5 0.07890625 0.07421875
0 0.03046875 0.73828125 0.009375 0.04453125
0 0.06953125 0.68671875 0.0359375 0.0734375
0 0.1125 0.6609375 0.04375 0.0859375
0 0.01015625 0.29921875 0.0203125 0.04296875
0 0.08046875 0.30625 0.05078125 0.0875
0 0.053125 0.103125 0.0203125 0.1
0 0.078125 0.08984375 0.034375 0.07421875
0 0.05625 0.19375 0.015625 0.02890625
0 0.08984375 0.175 0.01484375 0.034375
0 0.16875 0.121875 0.01171875 0.0328125
0 0.1953125 0.10859375 0.01171875 0.04375
0 0.2515625 0.0734375 0.01640625 0.0328125
0 0.3015625 0.265625 0.02734375 0.05546875
0 0.7546875 0.6984375 0.05390625 0.07265625
0 0.61953125 0.02109375 0.0328125 0.0421875
0 0.68359375 0.021875 0.0109375 0.03671875
0 0.2890625 0.58984375 0.02421875 0.034375
0 0.18828125 0.55234375 0.01015625 0.0609375
0 0.23671875 0.55234375 0.0203125 0.0359375
0 0.10859375 0.515625 0.0375 0.0375
0 0.12890625 0.54453125 0.0328125 0.0390625
0 0.64140625 0.8609375 0.0421875 0.05390625
0 0.35234375 0.2046875 0.01875 0.03203125
0 0.37578125 0.153125 0.02265625 0.021875
0 0.36875 0.05 0.0234375 0.03203125
0 0.40546875 0.01875 0.01484375 0.03671875
0 0.16796875 0.26953125 0.01484375 0.01953125
0 0.1359375 0.009375 0.021875 0.01875
0 0.10546875 0.41484375 0.025 0.03203125
0 0.175 0.69765625 0.009375 0.03671875
0 0.209375 0.81171875 0.0234375 0.021875
0 0.28671875 0.34375 0.01796875 0.0578125
0 0.30625 0.4015625 0.02734375 0.03125
0 0.3828125 0.25078125 0.02109375 0.0234375
0 0.63828125 0.14921875 0.025 0.04453125
3 0.69453125 0.5734375 0.1625 0.1765625
