0 0.434375 0.534375 0.07109375 0.090625
0 0.49140625 0.7140625 0.05078125 0.14921875
0 0.5421875 0.571875 0.06796875 0.13046875
0 0.42890625 0.6375 0.08515625 0.06875
0 0.38671875 0.4625 0.05078125 0.06328125
0 0.284375 0.59921875 0.0359375 0.09140625
0 0.3796875 0.275 0.02109375 0.053125
3 0.540625 0.1546875 0.0921875 0.27265625
0 0.75703125 0.02734375 0.04765625 0.05390625
0 0.70234375 0.2453125 0.0265625 0.04921875
0 0.28046875 0.9703125 0.01171875 0.03046875
0 0.32890625 0.94453125 0.03359375 0.1109375
0 0.47734375 0.921875 0.03359375 0.0375
0 0.55078125 0.87578125 0.01953125 0.04140625
0 0.7109375 0.9296875 0.0296875 0.05
0 0.2671875 0.0484375 0.0703125 0.09609375
0 0.43671875 0.02265625 0.02421875 0.04453125
0 0.6828125 0.71640625 0.0484375 0.0921875
0 0.49765625 0.84765625 0.01328125 0.0375
0 0.52890625 0.9703125 0.015625 0.02890625
0 0.2625 0.94140625 0.01015625 0.03125
0 0.2328125 0.6625 0.01484375 0.025
0 0.24375 0.73359375 0.015625 0.02265625
0 0.30234375 0.72421875 0.0125 0.028125
0 0.228125 0.30546875 0.015625 0.02421875
0 0.2265625 0.17734375 0.01015625 0.02734375
0 0.675 0.35078125 0.015625 0.025
0 0.3734375 0.8515625 0.02265625 0.04609375
0 0.29375 0.82421875 0.0125 0.01875
0 0.359375 0.7078125 0.0140625 0.02890625
