1 0.69453125 0.57421875 0.16640625 0.165625
0 0.62421875 0.29140625 0.02890625 0.05390625
0 0.85390625 0.19609375 0.2640625 0.3921875
0 0.7859375 0.2265625 0.0234375 0.03828125
0 0.43671875 0.11015625 0.06484375 0.07421875
0 0.4078125 0.02109375 0.02890625 0.04140625
0 0.365625 0.0484375 0.01171875 0.034375
0 0.6140625 0.0203125 0.02109375 0.03984375
0 0.56640625 0.05234375 0.01328125 0.03046875
0 0.6375 0.15625 0.02734375 0.046875
0 0.70546875 0.04921875 0.0203125 0.03671875
0 0.6796875 0.0265625 0.02109375 0.04609375
0 0.95703125 0.2453125 0.03984375 0.1140625
0 0.9703125 0.09140625 0.0140625 0.02734375
0 0.8734375 0.47890625 0.03828125 0.07734375
0 0.7671875 0.39609375 0.0234375 0.04765625
0 0.93125 0.41484375 0.040625 0.06640625
0 0.97265625 0.69765625 0.0296875 0.05234375
0 0.84453125 0.84453125 0.025 0.06484375
0 0.77734375 0.95546875 0.05 0.0890625
0 0.6421875 0.86640625 0.0296875 0.05546875
0 0.7546875 0.6921875 0.05625 0.06953125
0 0.38046875 0.83046875 0.05390625 0.0859375
0 0.25546875 0.87890625 0.0234375 0.06015625
0 0.4546875 0.57578125 0.0796875 0.1078125
0 0.425 0.3703125 0.02734375 0.14765625
0 0.48046875 0.3828125 0.0546875 0.12890625
0 0.521875 0.3015625 0.03203125 0.078125
0 0.3078125 0.496875 0.02265625 0.0359375
0 0.26171875 0.4625 0.02109375 0.07265625
0 0.28515625 0.5859375 0.021875 0.0546875
0 0.3796875 0.496875 0.084375 0.0796875
0 0.1265625 0.55078125 0.02734375 0.03359375
0 0.1078125 0.51875 0.025 0.03984375
0 0.1078125 0.65390625 0.04453125 0.078125
0 0.06953125 0.6859375 0.0328125 0.084375
0 0.07890625 0.30546875 0.05390625 0.0921875
0 0.01171875 0.2984375 0.0234375 0.046875
0 0.02421875 0.86796875 0.0484375 0.046875
0 0.00859375 0.95859375 0.0171875 0.0828125
0 0.25234375 0.19609375 0.07890625 0.0640625
0 0.25078125 0.0734375 0.02421875 0.028125
0 0.2328125 0.10546875 0.01953125 0.01875
0 0.1984375 0.10390625 0.021875 0.034375
0 0.16875 0.12265625 0.02421875 0.03515625
0 0.0875 0.1734375 0.01640625 0.028125
0 0.0578125 0.19453125 0.01796875 0.0375
0 0.0390625 0.18828125 0.0234375 0.02109375
0 0.06796875 0.0953125 0.053125 0.09765625
0 0.13359375 0.0109375 0.01484375 0.021875
0 0.1703125 0.6984375 0.01640625 0.053125
0 0.23359375 0.55 0.015625 0.04375
0 0.18671875 0.5625 0.01875 0.02265625
0 0.20234375 0.80625 0.02734375 0.05390625
0 0.15546875 0.9890625 0.0140625 0.02109375
0 0.1109375 0.9796875 0.0140625 0.040625
0 0.07421875 0.978125 0.025 0.04296875
0 0.03046875 0.73359375 0.0140625 0.0375
0 0.009375 0.7109375 0.01875 0.034375
0 0.3 0.2671875 0.03125 0.05234375
0 0.375 0.14921875 0.01640625 0.03515625
0 0.38125 0.25 0.0140625 0.0328125
0 0.34921875 0.2015625 0.02109375 0.02578125
0 0.1484375 0.95625 0.01015625 0.0421875
0 0.153125 0.33125 0.01953125 0.03828125
0 0.09453125 0.40625 0.0109375 0.02734375
0 0.16796875 0.27265625 0.01875 0.0171875
0 0.040625 0.55 0.015625 0.03515625
0 0.2921875 0.37890625 0.015625 0.05