0 0.74609375 0.1265625 0.04140625 0.071875
0 0.6078125 0.1734375 0.07109375 0.0859375
0 0.2125 0.0546875 0.0859375 0.109375
0 0.02421875 0.31171875 0.03203125 0.071875
0 0.53984375 0.4234375 0.0859375 0.1234375
0 0.62109375 0.50703125 0.08359375 0.09609375
0 0.57109375 0.640625 0.0359375 0.1546875
0 0.5125 0.61640625 0.05703125 0.125
0 0.4703125 0.69296875 0.040625 0.07265625
0 0.37109375 0.7265625 0.03203125 0.090625
0 0.12734375 0.8046875 0.2546875 0.390625
0 0.559375 0.8859375 0.065625 0.08203125
0 0.74453125 0.80703125 0.065625 0.08046875
0 0.9328125 0.90625 0.05703125 0.09375
0 0.928125 0.32734375 0.03515625 0.103125
0 0.88359375 0.334375 0.04609375 0.07890625
0 0.7375 0.55234375 0.021875 0.08359375
0 0.7203125 0.4140625 0.034375 0.03046875
0 0.884375 0.46875 0.06953125 0.06171875
0 0.97109375 0.1375 0.05078125 0.07578125
0 0.21953125 0.7625 0.0328125 0.06171875
0 0.0421875 0.759375 0.05390625 0.146875
3 0.296875 0.421875 0.15859375 0.13984375
0 0.0609375 0.58203125 0.046875 0.08359375
