3 0.30546875 0.57421875 0.16640625 0.165625
0 0.37578125 0.29140625 0.02890625 0.05390625
0 0.14609375 0.19609375 0.2640625 0.3921875
0 0.2140625 0.2265625 0.0234375 0.03828125
0 0.56328125 0.11015625 0.06484375 0.07421875
0 0.5921875 0.02109375 0.02890625 0.04140625
0 0.634375 0.0484375 0.01171875 0.034375
0 0.3859375 0.0203125 0.02109375 0.03984375
0 0.43359375 0.05234375 0.01328125 0.03046875
0 0.3625 0.15625 0.02734375 0.046875
0 0.29453125 0.04921875 0.0203125 0.03671875
0 0.3203125 0.0265625 0.02109375 0.04609375
0 0.04296875 0.2453125 0.03984375 0.1140625
0 0.0296875 0.09140625 0.0140625 0.02734375
0 0.1265625 0.47890625 0.03828125 0.07734375
0 0.2328125 0.39609375 0.0234375 0.04765625
0 0.06875 0.41484375 0.040625 0.06640625
0 0.02734375 0.69765625 0.0296875 0.05234375
0 0.15546875 0.84453125 0.025 0.06484375
0 0.22265625 0.95546875 0.05 0.0890625
0 0.3578125 0.86640625 0.0296875 0.05546875
0 0.2453125 0.6921875 0.05625 0.06953125
0 0.61953125 0.83046875 0.05390625 0.0859375
0 0.74453125 0.87890625 0.0234375 0.06015625
0 0.5453125 0.57578125 0.0796875 0.1078125
0 0.575 0.3703125 0.02734375 0.14765625
0 0.51953125 0.3828125 0.0546875 0.12890625
0 0.478125 0.3015625 0.03203125 0.078125
0 0.6921875 0.496875 0.02265625 0.0359375
0 0.73828125 0.4625 0.02109375 0.07265625
0 0.71484375 0.5859375 0.021875 0.0546875
0 0.6203125 0.496875 0.084375 0.0796875
0 0.8734375 0.55078125 0.02734375 0.03359375
0 0.8921875 0.51875 0.025 0.03984375
0 0.8921875 0.65390625 0.04453125 0.078125
0 0.93046875 0.6859375 0.0328125 0.084375
0 0.92109375 0.30546875 0.05390625 0.0921875
0 0.98828125 0.2984375 0.0234375 0.046875
0 0.97578125 0.86796875 0.0484375 0.046875
0 0.99140625 0.95859375 0.0171875 0.0828125
0 0.74765625 0.19609375 0.07890625 0.0640625
0 0.74921875 0.0734375 0.02421875 0.028125
0 0.7671875 0.10546875 0.01953125 0.01875
0 0.8015625 0.10390625 0.021875 0.034375
0 0.83125 0.12265625 0.02421875 0.03515625
0 0.9125 0.1734375 0.01640625 0.028125
0 0.9421875 0.19453125 0.01796875 0.0375
0 0.9609375 0.18828125 0.0234375 0.02109375
0 0.93203125 0.0953125 0.053125 0.09765625
0 0.86640625 0.0109375 0.01484375 0.021875
0 0.8296875 0.6984375 0.01640625 0.053125
0 0.76640625 0.55 0.015625 0.04375
0 0.81328125 0.5625 0.01875 0.02265625
0 0.79765625 0.80625 0.02734375 0.05390625
0 0.84453125 0.9890625 0.0140625 0.02109375
0 0.8890625 0.9796875 0.0140625 0.040625
0 0.92578125 0.978125 0.025 0.04296875
0 0.96953125 0.73359375 0.0140625 0.0375
0 0.990625 0.7109375 0.01875 0.034375
0 0.7 0.2671875 0.03125 0.05234375
0 0.625 0.14921875 0.01640625 0.03515625
0 0.61875 0.25 0.0140625 0.0328125
0 0.65078125 0.2015625 0.02109375 0.02578125
0 0.8515625 0.95625 0.01015625 0.0421875
0 0.846875 0.33125 0.01953125 0.03828125
0 0.90546875 0.40625 0.0109375 0.02734375
0 0.83203125 0.27265625 0.01875 0.0171875
0 0.959375 0.55 0.015625 0.03515625
0 0.7078125 0.37890625 0.015625 0.05
