3 0.30859375 0.57109375 0.16484375 0.18125
0 0.225 0.9546875 0.05546875 0.090625
0 0.9890625 0.94921875 0.021875 0.1015625
0 0.92265625 0.9765625 0.0234375 0.046875
0 0.8890625 0.984375 0.0140625 0.0296875
0 0.84609375 0.96953125 0.025 0.06015625
0 0.97734375 0.86796875 0.0375 0.04140625
0 0.35703125 0.8625 0.03125 0.03671875
0 0.746875 0.87578125 0.0328125 0.06171875
0 0.6203125 0.828125 0.06015625 0.075
0 0.61875 0.496875 0.0765625 0.0828125
0 0.54296875 0.5734375 0.07734375 0.09296875
0 0.5734375 0.36953125 0.01796875 0.1421875
0 0.51484375 0.3765625 0.05234375 0.12890625
0 0.478125 0.30390625 0.0328125 0.0734375
0 0.375 0.290625 0.02734375 0.05859375
0 0.74921875 0.190625 0.0671875 0.06953125
0 0.56171875 0.1109375 0.06640625 0.0765625
0 0.38515625 0.01640625 0.028125 0.03125
0 0.3171875 0.0265625 0.01953125 0.046875
0 0.14765625 0.1921875 0.26171875 0.384375
0 0.2140625 0.22109375 0.02421875 0.04921875
0 0.040625 0.25 0.0484375 0.1140625
0 0.9484375 0.1046875 0.025 0.10625
0 0.9203125 0.09375 0.02890625 0.09375
0 0.9875 0.303125 0.021875 0.04453125
0 0.91953125 0.303125 0.05 0.0875
0 0.8328125 0.11875 0.0203125 0.0390625
0 0.8046875 0.109375 0.0125 0.0421875
0 0.75 0.07421875 0.021875 0.028125
0 0.6328125 0.04921875 0.01796875 0.0328125
0 0.5953125 0.02109375 0.01875 0.0421875
0 0.65 0.19921875 0.01640625 0.028125
0 0.62578125 0.15 0.015625 0.025
0 0.71953125 0.32421875 0.01328125 0.0359375
0 0.7 0.265625 0.0296875 0.05859375
0 0.73359375 0.46328125 0.02578125 0.05859375
0 0.7125 0.5921875 0.0296875 0.04140625
0 0.81328125 0.54453125 0.01953125 0.0609375
0 0.76484375 0.55078125 0.0171875 0.03671875
0 0.89453125 0.51796875 0.02421875 0.03125
0 0.87265625 0.55078125 0.028125 0.03359375
0 0.9953125 0.778125 0.009375 0.04609375
0 0.96796875 0.7421875 0.00859375 0.0515625
0 0.93125 0.68984375 0.0296875 0.0890625
0 0.8875 0.6578125 0.04140625 0.08671875
0 0.8265625 0.69921875 0.01328125 0.028125
0 0.7921875 0.81015625 0.01953125 0.0390625
0 0.7859375 0.70703125 0.01640625 0.025
0 0.84609375 0.3375 0.01328125 0.0328125
0 0.82890625 0.26796875 0.00703125 0.02265625
0 0.99453125 0.596875 0.0109375 0.03828125
0 0.0328125 0.6953125 0.0328125 0.05078125
0 0.12421875 0.4828125 0.03046875 0.0734375
0 0.06328125 0.41796875 0.0375 0.06328125
0 0.23203125 0.38828125 0.02734375 0.040625
0 0.24296875 0.69921875 0.0578125 0.0765625
0 0.4203125 0.81328125 0.01484375 0.03359375
0 0.0109375 0.20390625 0.0203125 0.03125
0 0.0296875 0.09296875 0.01484375 0.028125
0 0.35859375 0.1546875 0.0265625 0.04296875
0 0.69375 0.3984375 0.0296875 0.03359375
0 0.684375 0.309375 0.01328125 0.01875
0 0.61796875 0.25 0.01640625 0.02734375
0 0.978125 0.20703125 0.01875 0.046875
0 0.96015625 0.184375 0.021875 0.03828125
0 0.9453125 0.18984375 0.0109375 0.02734375
0 0.9125 0.175 0.01015625 0.02265625
0 0.8625 0.009375 0.021875 0.01796875
0 0.940625 0.80390625 0.01171875 0.0328125
0 0.8875 0.76875 0.01796875 0.02421875
0 0.69453125 0.496875 0.01796875 0.03046875
0 0.95859375 0.5453125 0.0109375 0.025
0 0.878125 0.92109375 0.0109375 0.0328125
0 0.15390625 0.8375 0.02265625 0.059375
0 0.8625 0.2 0.01171875 0.02265625
0 0.65703125 0.11953125 0.01328125 0.02890625
0 0.90078125 0.40546875 0.015625 0.0234375
