1 0.4609375 0.84921875 0.09609375 0.29609375
0 0.2453125 0.97109375 0.05625 0.0578125
0 0.28984375 0.06484375 0.03671875 0.04296875
0 0.3140625 0.29375 0.04609375 0.1078125
0 0.61875 0.72578125 0.025 0.04609375
0 0.61015625 0.54296875 0.0375 0.06328125
0 0.5671875 0.47265625 0.06640625 0.08359375
0 0.5703125 0.37109375 0.084375 0.03203125
0 0.503125 0.28984375 0.03828125 0.15390625
0 0.5578125 0.14921875 0.028125 0.0546875
0 0.503125 0.15859375 0.021875 0.04140625
0 0.4484375 0.12421875 0.0203125 0.04375
0 0.52109375 0.0828125 0.03359375 0.03515625
0 0.46875 0.03125 0.02578125 0.03046875
0 0.66796875 0.0640625 0.0421875 0.128125
0 0.7375 0.06328125 0.02109375 0.03359375
0 0.71796875 0.39140625 0.04453125 0.12109375
0 0.45859375 0.42890625 0.05625 0.1375
0 0.7390625 0.94765625 0.084375 0.1046875
0 0.5625 0.97421875 0.034375 0.0515625
0 0.70078125 0.75546875 0.02421875 0.05703125
0 0.77265625 0.71171875 0.01796875 0.05234375
0 0.76640625 0.82265625 0.02421875 0.04609375
0 0.296875 0.75 0.01875 0.0703125
0 0.38671875 0.9546875 0.04140625 0.08828125
0 0.75 0.62734375 0.01171875 0.03125
0 0.76875 0.3359375 0.02421875 0.03515625
0 0.75234375 0.27421875 0.01171875 0.02265625
0 0.6984375 0.2765625 0.02265625 0.02734375
0 0.63046875 0.14921875 0.0375 0.04765625
0 0.76015625 0.03828125 0.0140625 0.0390625
0 0.715625 0.21875 0.009375 0.0296875
0 0.66953125 0.23046875 0.0171875 0.03125
0 0.6390625 0.2953125 0.0109375 0.02734375
0 0.59296875 0.11640625 0.0109375 0.02890625
0 0.66015625 0.9921875 0.01328125 0.015625