0 0.7421875 0.1296875 0.034375 0.0640625
0 0.61796875 0.17890625 0.059375 0.0953125
0 0.22421875 0.0484375 0.05078125 0.096875
0 0.1578125 0.15859375 0.0234375 0.06640625
0 0.028125 0.30546875 0.03671875 0.0625
0 0.1265625 0.51875 0.05 0.08359375
0 0.1359375 0.80546875 0.27109375 0.38828125
0 0.06015625 0.590625 0.0375 0.0765625
0 0.04140625 0.76328125 0.0515625 0.1125
0 0.2125 0.77734375 0.0296875 0.03828125
0 0.37421875 0.71484375 0.03125 0.06328125
0 0.47890625 0.69921875 0.03671875 0.071875
0 0.57109375 0.63671875 0.03125 0.153125
0 0.515625 0.61640625 0.05 0.12890625
0 0.6234375 0.5046875 0.08671875 0.0953125
0 0.54453125 0.42109375 0.0765625 0.10390625
0 0.928125 0.31953125 0.0265625 0.09765625
0 0.8875 0.3421875 0.04921875 0.06796875
0 0.975 0.13203125 0.04375 0.065625
0 0.925 0.0234375 0.0328125 0.034375
0 0.91875 0.70078125 0.0609375 0.1
0 0.98828125 0.69921875 0.0234375 0.03671875
0 0.93046875 0.9046875 0.04921875 0.10234375
0 0.803125 0.89453125 0.0125 0.053125
0 0.74921875 0.8140625 0.0640625 0.06796875
0 0.6984375 0.73515625 0.02578125 0.07265625
0 0.55859375 0.8953125 0.06484375 0.0671875
0 0.590625 0.984375 0.0265625 0.03125
0 0.63203125 0.95703125 0.015625 0.0515625
0 0.6609375 0.88828125 0.01953125 0.01953125
0 0.625 0.8640625 0.01875 0.0375
0 0.86484375 0.9921875 0.0109375 0.015625
0 0.83125 0.88125 0.0203125 0.03125
0 0.75625 0.91015625 0.03203125 0.065625
0 0.3828125 0.98515625 0.03828125 0.0296875
0 0.3171875 0.9828125 0.01875 0.034375
0 0.23203125 0.6140625 0.03515625 0.05234375
0 0.240625 0.303125 0.05546875 0.0734375
0 0.3546875 0.13671875 0.03125 0.0546875
0 0.7640625 0.440625 0.01484375 0.06015625
0 0.71171875 0.41328125 0.03515625 0.03828125
0 0.73671875 0.54140625 0.03203125 0.06640625
0 0.690625 0.51015625 0.021875 0.03515625
0 0.8859375 0.484375 0.03046875 0.03359375
0 0.87109375 0.45 0.02734375 0.02890625
0 0.9890625 0.40234375 0.021875 0.03828125
0 0.846875 0.03671875 0.0265625 0.0734375
0 0.98984375 0.0453125 0.0203125 0.08984375
0 0.909375 0.825 0.01640625 0.0375
0 0.9703125 0.81015625 0.03203125 0.0421875
0 0.94453125 0.81015625 0.01875 0.0328125
0 0.83046875 0.73515625 0.01796875 0.02890625
0 0.35703125 0.85078125 0.028125 0.0625
0 0.8484375 0.66640625 0.0203125 0.02890625
0 0.8296875 0.3 0.0171875 0.0375
0 0.790625 0.18984375 0.01484375 0.025
0 0.8875 0.234375 0.0125 0.02578125
0 0.96796875 0.26640625 0.0140625 0.0421875
0 0.9953125 0.215625 0.009375 0.04765625
3 0.30625 0.4234375 0.16015625 0.18046875
