1 0.3046875 0.4296875 0.16015625 0.1515625
0 0.22265625 0.0453125 0.05546875 0.08984375
0 0.0296875 0.30390625 0.0265625 0.04296875
0 0.15390625 0.1625 0.01953125 0.059375
0 0.12421875 0.5203125 0.03359375 0.06796875
0 0.14921875 0.80546875 0.2609375 0.38828125
0 0.22890625 0.61171875 0.02890625 0.04765625
0 0.215625 0.7796875 0.02890625 0.04921875
0 0.0390625 0.765625 0.04765625 0.11640625
0 0.37265625 0.715625 0.0234375 0.06015625
0 0.475 0.7046875 0.0359375 0.078125
0 0.51484375 0.62109375 0.04921875 0.13359375
0 0.57109375 0.63359375 0.02578125 0.14296875
0 0.56171875 0.890625 0.06796875 0.07109375
0 0.5953125 0.9796875 0.03125 0.040625
0 0.63046875 0.9546875 0.0140625 0.03515625
0 0.740625 0.8140625 0.07734375 0.06328125
0 0.69609375 0.73203125 0.03125 0.06875
0 0.89296875 0.4875 0.025 0.03671875
0 0.87265625 0.45390625 0.03203125 0.0375
0 0.928125 0.315625 0.02578125 0.10625
0 0.890625 0.35234375 0.0453125 0.0859375
0 0.9765625 0.134375 0.03984375 0.0640625
0 0.990625 0.04765625 0.01796875 0.09453125
0 0.9234375 0.01953125 0.0234375 0.0375
0 0.88984375 0.02109375 0.01796875 0.04140625
0 0.853125 0.04296875 0.015625 0.0421875
0 0.84453125 0.00859375 0.01640625 0.0171875
0 0.7875 0.19375 0.0171875 0.02265625
0 0.74296875 0.12578125 0.03359375 0.05078125
0 0.61953125 0.17421875 0.05859375 0.07890625
0 0.54453125 0.43203125 0.08046875 0.0890625
0 0.3578125 0.1421875 0.03046875 0.04296875
0 0.24609375 0.3 0.05390625 0.0671875
0 0.0625 0.5890625 0.04140625 0.06640625
0 0.0078125 0.8015625 0.01484375 0.034375
0 0.31796875 0.9765625 0.0234375 0.046875
0 0.384375 0.98515625 0.028125 0.02890625
0 0.35703125 0.8515625 0.02265625 0.05390625
0 0.43046875 0.946875 0.015625 0.03515625
0 0.74921875 0.92890625 0.0234375 0.02421875
0 0.83125 0.88671875 0.015625 0.03203125
0 0.80390625 0.896875 0.015625 0.03359375
0 0.76796875 0.8921875 0.01953125 0.02109375
0 0.734375 0.54375 0.02578125 0.06796875
0 0.69296875 0.5046875 0.0203125 0.03984375
0 0.625 0.50546875 0.09140625 0.08359375
0 0.7640625 0.45234375 0.021875 0.03359375
0 0.7140625 0.4125 0.03046875 0.034375
0 0.8265625 0.30546875 0.0125 0.03046875
0 0.88671875 0.23125 0.0125 0.0140625
0 0.9203125 0.7 0.0515625 0.096875
0 0.990625 0.69609375 0.0140625 0.0546875
0 0.9625 0.81796875 0.0234375 0.03359375
0 0.9453125 0.90703125 0.021875 0.0875
0 0.9171875 0.9109375 0.03359375 0.07421875
0 0.91171875 0.8265625 0.01796875 0.0359375
0 0.93828125 0.81015625 0.025 0.03671875
0 0.6265625 0.853125 0.01484375 0.03515625
0 0.86484375 0.9875 0.0203125 0.02421875
0 0.8421875 0.671875 0.0171875 0.034375
0 0.828125 0.7359375 0.009375 0.02421875
0 0.9 0.5984375 0.0125 0.03828125
0 0.95859375 0.4578125 0.0171875 0.0203125
0 0.8125 0.43984375 0.009375 0.02421875
0 0.715625 0.675 0.021875 0.0375
0 0.65078125 0.80234375 0.01875 0.01796875
0 0.6171875 0.753125 0.0234375 0.0296875
0 0.990625 0.2875 0.0125 0.046875
0 0.96875 0.26796875 0.01015625 0.0390625
0 0.99609375 0.2140625 0.0078125 0.0375
0 0.41640625 0.18828125 0.02265625 0.028125