1 0.33125 0.590625 0.1890625 0.1765625
0 0.259375 0.08359375 0.06796875 0.1671875
0 0.56015625 0.12109375 0.0640625 0.0796875
0 0.75390625 0.20703125 0.06328125 0.121875
0 0.38671875 0.28984375 0.04375 0.05625
0 0.48125 0.30234375 0.04609375 0.08046875
0 0.5203125 0.3890625 0.046875 0.1265625
0 0.57890625 0.365625 0.03125 0.1609375
0 0.6171875 0.49765625 0.08046875 0.06328125
0 0.54296875 0.57109375 0.09140625 0.08984375
0 0.61015625 0.8296875 0.065625 0.10234375
0 0.73671875 0.87578125 0.046875 0.084375
0 0.71640625 0.58984375 0.04296875 0.04921875
0 0.73125 0.45390625 0.0296875 0.0734375
0 0.2390625 0.946875 0.05859375 0.10625