3 0.46328125 0.1609375 0.10390625 0.28984375
0 0.24296875 0.0296875 0.05546875 0.0515625
0 0.315625 0.7171875 0.04609375 0.10078125
0 0.28984375 0.93515625 0.0328125 0.0640625
0 0.4515625 0.8765625 0.03203125 0.05234375
0 0.50390625 0.846875 0.02890625 0.03828125
0 0.4703125 0.9703125 0.01875 0.0296875
0 0.521875 0.91953125 0.03125 0.0453125
0 0.5984375 0.88671875 0.0234375 0.02890625
0 0.63125 0.85859375 0.028125 0.05625
0 0.6734375 0.9359375 0.03671875 0.128125
0 0.71796875 0.97109375 0.01171875 0.02421875
0 0.7421875 0.94375 0.01875 0.03203125
0 0.57890625 0.63359375 0.09609375 0.04140625
0 0.50390625 0.7125 0.04140625 0.14765625
0 0.459375 0.57734375 0.0515625 0.13515625
0 0.5671875 0.53203125 0.07578125 0.08828125
0 0.609375 0.46328125 0.0421875 0.06171875
0 0.62109375 0.28203125 0.03046875 0.05078125
0 0.7671875 0.17421875 0.025 0.0359375
0 0.7390625 0.053125 0.090625 0.10546875
0 0.71953125 0.6109375 0.04609375 0.1109375
0 0.76640625 0.66484375 0.0109375 0.02890625
0 0.66640625 0.7703125 0.01328125 0.03984375
0 0.71953125 0.77890625 0.01171875 0.02734375
0 0.75625 0.73828125 0.0203125 0.040625
0 0.6953125 0.721875 0.02421875 0.0453125
0 0.32109375 0.35625 0.01484375 0.0328125
0 0.29921875 0.2484375 0.01953125 0.05859375
0 0.6953125 0.2484375 0.02421875 0.05859375
0 0.775 0.2953125 0.01796875 0.053125
0 0.5625 0.85703125 0.02109375 0.05234375
0 0.60703125 0.82890625 0.01171875 0.028125
0 0.38671875 0.04609375 0.04296875 0.0921875
0 0.56328125 0.02421875 0.02578125 0.0484375
0 0.75078125 0.37421875 0.0140625 0.025
0 0.640625 0.70390625 0.015625 0.04375
0 0.46640625 0.6875 0.021875 0.02265625
0 0.65859375 0.0078125 0.0203125 0.015625
0 0.75390625 0.13203125 0.01328125 0.03828125
0 0.6640625 0.6109375 0.0109375 0.02421875
0 0.75 0.81953125 0.0125 0.03046875
