3 0.5421875 0.1609375 0.10546875 0.28984375
0 0.37890625 0.278125 0.040625 0.05546875
0 0.43515625 0.5296875 0.08828125 0.08671875
0 0.38984375 0.45546875 0.04296875 0.0609375
0 0.428125 0.62734375 0.09609375 0.03984375
0 0.278125 0.6125 0.0546875 0.10546875
0 0.25859375 0.053125 0.1046875 0.10625
0 0.32734375 0.9359375 0.05 0.125
0 0.39921875 0.88984375 0.0265625 0.03125
0 0.36953125 0.85625 0.0328125 0.06875
0 0.4953125 0.7109375 0.0453125 0.159375
0 0.54609375 0.57265625 0.065625 0.140625
0 0.75625 0.028125 0.06328125 0.0546875
0 0.6828125 0.715625 0.04609375 0.1015625
0 0.71171875 0.928125 0.0359375 0.06171875
0 0.5515625 0.87578125 0.0203125 0.0609375
0 0.5265625 0.9703125 0.025 0.03828125
0 0.4734375 0.92421875 0.04765625 0.04140625
0 0.49765625 0.85078125 0.01484375 0.05078125
0 0.22421875 0.3 0.02265625 0.07890625
0 0.303125 0.25078125 0.025 0.0640625
0 0.22890625 0.178125 0.0203125 0.04296875
0 0.28046875 0.97109375 0.0125 0.0328125
0 0.259375 0.94453125 0.0203125 0.0546875
0 0.33125 0.76953125 0.0203125 0.0484375
0 0.3015625 0.725 0.0203125 0.0328125
0 0.284375 0.78125 0.01328125 0.02109375
0 0.24375 0.73359375 0.01640625 0.02890625
0 0.703125 0.24453125 0.02109375 0.05078125
0 0.2265625 0.67265625 0.028125 0.04765625
0 0.4421875 0.02734375 0.034375 0.0546875
0 0.61328125 0.04609375 0.0390625 0.0921875
0 0.359375 0.70625 0.01640625 0.02578125
0 0.440625 0.8546875 0.01953125 0.0484375
0 0.246875 0.378125 0.0125 0.0296875
