0 0.25078125 0.13125 0.03828125 0.046875
0 0.28125 0.31953125 0.06796875 0.096875
0 0.44765625 0.4328125 0.0765625 0.1359375
0 0.63359375 0.5296875 0.05625 0.065625
0 0.57890625 0.4734375 0.09375 0.0921875
0 0.70234375 0.125 0.0484375 0.109375
0 0.5875 0.390625 0.1015625 0.0453125
0 0.76015625 0.4078125 0.0484375 0.09296875
0 0.640625 0.6890625 0.040625 0.0609375
3 0.44921875 0.7875 0.12890625 0.2484375
0 0.19609375 0.9125 0.0703125 0.10234375
0 0.7203125 0.90625 0.24296875 0.1875
0 0.5328125 0.1421875 0.04921875 0.06171875
0 0.43828125 0.17734375 0.03984375 0.04140625
0 0.8171875 0.7703125 0.0375 0.04765625
0 0.6859375 0.934375 0.034375 0.04765625
0 0.46484375 0.10234375 0.0375 0.04375
0 0.65234375 0.2046875 0.0359375 0.04375
0 0.76171875 0.046875 0.02578125 0.0359375
0 0.2625 0.7203125 0.046875 0.06953125
