3 0.6890625 0.571875 0.1609375 0.15859375
0 0.52265625 0.303125 0.03359375 0.06640625
0 0.48359375 0.38125 0.04765625 0.1265625
0 0.4265625 0.36640625 0.02421875 0.14921875
0 0.3796875 0.4953125 0.08671875 0.08203125
0 0.45546875 0.56796875 0.0796875 0.1078125
0 0.85546875 0.19453125 0.26015625 0.3890625
0 0.96015625 0.24765625 0.04765625 0.1140625
0 0.9328125 0.4109375 0.03828125 0.0546875
0 0.8765625 0.478125 0.0375 0.075
0 0.7703125 0.38671875 0.0328125 0.04609375
0 0.78515625 0.2265625 0.0265625 0.04765625
0 0.6203125 0.29375 0.03671875 0.05078125
0 0.6828125 0.0234375 0.025 0.0296875
0 0.61875 0.01484375 0.0265625 0.0296875
0 0.440625 0.1078125 0.065625 0.07265625
0 0.4078125 0.0203125 0.0203125 0.040625
0 0.25078125 0.0734375 0.025 0.02734375
0 0.29765625 0.2671875 0.034375 0.065625
0 0.253125 0.19140625 0.075 0.06484375
0 0.2328125 0.1046875 0.02109375 0.03046875
0 0.19765625 0.10546875 0.0203125 0.04296875
0 0.16796875 0.11796875 0.01484375 0.03671875
0 0.08125 0.096875 0.03046875 0.08515625
0 0.05625 0.09296875 0.021875 0.10546875
0 0.13515625 0.01015625 0.0171875 0.0203125
0 0.07890625 0.303125 0.05 0.0890625
0 0.01015625 0.30390625 0.01953125 0.05546875
0 0.11015625 0.6578125 0.04296875 0.096875
0 0.1890625 0.56484375 0.00859375 0.0265625
0 0.12734375 0.5484375 0.03046875 0.0328125
0 0.109375 0.51640625 0.03203125 0.04375
0 0.06875 0.68046875 0.03359375 0.08984375
0 0.02265625 0.86484375 0.04140625 0.0546875
0 0.159375 0.98359375 0.01875 0.03203125
0 0.11171875 0.9796875 0.02109375 0.040625
0 0.0796875 0.978125 0.025 0.04296875
0 0.0078125 0.95859375 0.015625 0.0828125
0 0.2578125 0.875 0.02421875 0.06328125
0 0.37890625 0.82734375 0.0546875 0.08203125
0 0.20703125 0.8140625 0.01875 0.03203125
0 0.30859375 0.49609375 0.0203125 0.03046875
0 0.2625 0.4578125 0.02421875 0.065625
0 0.28515625 0.58359375 0.02109375 0.0515625
0 0.2328125 0.55390625 0.0171875 0.03515625
0 0.37421875 0.14765625 0.015625 0.0375
0 0.77578125 0.95703125 0.05234375 0.08046875
0 0.640625 0.865625 0.0296875 0.04921875
0 0.84375 0.84375 0.01953125 0.06640625
0 0.97265625 0.7 0.0296875 0.0390625
0 0.75546875 0.69921875 0.05703125 0.0515625
0 0.58046875 0.81875 0.0171875 0.025
0 0.96875 0.0890625 0.01015625 0.0234375
0 0.990625 0.20390625 0.0171875 0.03125
0 0.3859375 0.25 0.0171875 0.0234375
0 0.34921875 0.20234375 0.00859375 0.034375
0 0.17109375 0.69609375 0.01171875 0.02734375
0 0.03125 0.73828125 0.009375 0.05
0 0.01015625 0.70703125 0.009375 0.03359375
0 0.05625 0.196875 0.01015625 0.040625
0 0.090625 0.1765625 0.021875 0.02890625
0 0.03828125 0.18828125 0.01171875 0.0234375
0 0.0203125 0.03359375 0.0078125 0.0234375
0 0.01484375 0.20703125 0.01328125 0.046875
0 0.11171875 0.77265625 0.01484375 0.0328125
0 0.0046875 0.784375 0.009375 0.046875
0 0.36875 0.04765625 0.0125 0.0328125
0 0.17265625 0.26796875 0.01328125 0.0265625
0 0.63984375 0.15234375 0.02578125 0.03828125
0 0.34140625 0.1171875 0.01171875 0.0328125
0 0.15390625 0.3296875 0.0125 0.0234375
0 0.096875 0.4015625 0.01796875 0.03125
0 0.5671875 0.0515625 0.0171875 0.01640625
0 0.23828125 0.0328125 0.025 0.02109375
0 0.29921875 0.39453125 0.0328125 0.02578125
0 0.28046875 0.32421875 0.015625 0.0484375
