0 0.69453125 0.57421875 0.16640625 0.16875
0 0.86015625 0.19921875 0.2796875 0.3984375
0 0.44609375 0.1109375 0.0578125 0.06875
0 0.28828125 0.58828125 0.03515625 0.065625
0 0.3828125 0.49453125 0.0828125 0.0859375
0 0.42734375 0.3671875 0.03515625 0.15625
0 0.4796875 0.38046875 0.06328125 0.1421875
0 0.525 0.3 0.04921875 0.0859375
0 0.62421875 0.28125 0.03515625 0.06875
0 0.03203125 0.7359375 0.01640625 0.0515625
0 0.06875 0.68671875 0.04375 0.109375
0 0.10859375 0.66484375 0.05234375 0.07265625
0 0.24921875 0.19609375 0.07578125 0.078125
0 0.2625 0.4546875 0.03203125 0.06796875
0 0.25703125 0.875 0.0375 0.06796875
0 0.38125 0.8234375 0.0765625 0.096875
0 0.45703125 0.57265625 0.0921875 0.109375
0 0.77578125 0.94609375 0.0640625 0.10703125
0 0.97265625 0.69765625 0.05 0.06875
0 0.12109375 0.5296875 0.06953125 0.07890625
0 0.02578125 0.85859375 0.0515625 0.05703125
0 0.0125 0.30234375 0.025 0.03828125
0 0.07890625 0.296875 0.05625 0.09296875
0 0.07265625 0.0921875 0.0640625 0.1
0 0.78515625 0.22265625 0.0453125 0.0625
0 0.9609375 0.2421875 0.06015625 0.12890625
0 0.30234375 0.27265625 0.03515625 0.0421875
0 0.375 0.14921875 0.015625 0.02265625
0 0.36796875 0.046875 0.01875 0.0203125
0 0.68125 0.0234375 0.02265625 0.034375
0 0.6140625 0.015625 0.034375 0.03125
0 0.40703125 0.01875 0.01953125 0.0375
0 0.18828125 0.56328125 0.0140625 0.02578125
0 0.23515625 0.5515625 0.01484375 0.0328125
0 0.0375 0.1890625 0.01328125 0.02265625
0 0.0546875 0.1953125 0.0171875 0.02890625
0 0.090625 0.1765625 0.01484375 0.0296875
0 0.16640625 0.1171875 0.0234375 0.021875
0 0.19609375 0.1078125 0.0203125 0.03515625
0 0.30859375 0.496875 0.0234375 0.02734375
0 0.04296875 0.5484375 0.015625 0.02421875
0 0.171875 0.69609375 0.0171875 0.025
0 0.078125 0.978125 0.01640625 0.02734375
0 0.11015625 0.97890625 0.0140625 0.02578125
0 0.64375 0.859375 0.03203125 0.04921875
0 0.75234375 0.696875 0.0546875 0.071875
0 0.846875 0.8421875 0.0328125 0.05703125
0 0.87734375 0.4796875 0.040625 0.08359375
0 0.990625 0.1984375 0.01796875 0.03125
0 0.25 0.0734375 0.0203125 0.02578125
0 0.1234375 0.9203125 0.02109375 0.0265625
0 0.20859375 0.81171875 0.0171875 0.021875
0 0.11328125 0.77265625 0.0140625 0.0171875
0 0.1359375 0.00625 0.0140625 0.0125
0 0.0078125 0.98125 0.015625 0.0265625
0 0.009375 0.94140625 0.01875 0.0515625
0 0.9375 0.4171875 0.0515625 0.0609375
0 0.76875 0.39453125 0.02578125 0.05390625
