0 0.56484375 0.5359375 0.071875 0.08984375
0 0.50859375 0.71875 0.05234375 0.1578125
0 0.31171875 0.7109375 0.053125 0.09921875
0 0.61171875 0.4640625 0.0484375 0.0625
0 0.5703125 0.63984375 0.0859375 0.065625
0 0.73671875 0.05 0.084375 0.1
0 0.61796875 0.27578125 0.021875 0.04609375
0 0.65859375 0.0078125 0.01796875 0.01484375
3 0.45859375 0.15546875 0.09140625 0.2734375
0 0.24375 0.02578125 0.04609375 0.04921875
0 0.7671875 0.30859375 0.01171875 0.02890625
0 0.45234375 0.57578125 0.06875 0.13671875
0 0.28671875 0.9296875 0.028125 0.04609375
0 0.44765625 0.8796875 0.028125 0.0421875
0 0.46875 0.9671875 0.021875 0.0359375
0 0.52109375 0.91640625 0.03203125 0.05234375
0 0.671875 0.93515625 0.03671875 0.1296875
0 0.69453125 0.7234375 0.01484375 0.0296875
0 0.75390625 0.73359375 0.01328125 0.0296875
0 0.62578125 0.853125 0.025 0.046875
0 0.5 0.84609375 0.01640625 0.0375
0 0.71640625 0.5984375 0.0328125 0.0875
0 0.77578125 0.66796875 0.01015625 0.0328125
0 0.7640625 0.6625 0.015625 0.0265625
0 0.73203125 0.65390625 0.01796875 0.021875
0 0.70625 0.64921875 0.0171875 0.01484375
0 0.63984375 0.70859375 0.01484375 0.02734375
0 0.76796875 0.1734375 0.021875 0.03515625
0 0.29453125 0.246875 0.02734375 0.0515625
0 0.3234375 0.3546875 0.01875 0.0328125
0 0.71484375 0.7796875 0.0140625 0.0265625
0 0.7375 0.94296875 0.015625 0.03359375
0 0.71875 0.97265625 0.01640625 0.028125
0 0.59296875 0.88671875 0.0140625 0.0265625
0 0.559375 0.86171875 0.0203125 0.02890625
0 0.60234375 0.82890625 0.015625 0.03046875
0 0.70546875 0.82421875 0.01796875 0.03203125
0 0.62109375 0.51640625 0.01796875 0.02265625
0 0.69453125 0.25 0.025 0.0484375
0 0.74921875 0.37421875 0.01796875 0.03046875
0 0.77734375 0.27890625 0.01015625 0.025
0 0.72734375 0.1375 0.01875 0.025
0 0.5609375 0.0234375 0.03046875 0.046875
0 0.665625 0.7703125 0.015625 0.028125
