1 0.6984375 0.43125 0.165625 0.18671875
0 0.4828125 0.61953125 0.059375 0.12578125
0 0.459375 0.4390625 0.08359375 0.125
0 0.37578125 0.51640625 0.09296875 0.0984375
0 0.75234375 0.9328125 0.06875 0.12578125
0 0.2609375 0.8078125 0.075 0.08984375
0 0.7671875 0.04765625 0.0359375 0.0921875
0 0.584375 0.18515625 0.01484375 0.028125
0 0.64375 0.1390625 0.0296875 0.04921875
0 0.25703125 0.12734375 0.0265625 0.04765625
0 0.2375 0.45390625 0.01640625 0.0375
0 0.2890625 0.41171875 0.021875 0.0359375
0 0.26484375 0.5421875 0.025 0.059375
0 0.37890625 0.1765625 0.05625 0.084375
0 0.62734375 0.71328125 0.0265625 0.04609375
0 0.52265625 0.7 0.02734375 0.07265625
0 0.42734375 0.63359375 0.021875 0.14296875
0 0.6078125 0.9828125 0.01640625 0.0234375
0 0.3421875 0.88671875 0.0125 0.015625
0 0.375 0.85078125 0.01484375 0.02265625
0 0.30390625 0.72734375 0.0265625 0.04140625
0 0.253125 0.928125 0.01796875 0.02265625
0 0.31015625 0.5046875 0.01484375 0.021875
0 0.37109375 0.95703125 0.01953125 0.02421875
0 0.4046875 0.99296875 0.01328125 0.0140625
0 0.40859375 0.975 0.0125 0.02109375
0 0.4125 0.91484375 0.015625 0.0234375
0 0.415625 0.86875 0.0109375 0.021875
0 0.44765625 0.89140625 0.05390625 0.05625
0 0.6828125 0.9796875 0.015625 0.03046875
0 0.57109375 0.95 0.01171875 0.01953125
0 0.23515625 0.89375 0.01328125 0.01953125
0 0.63984375 0.8640625 0.0140625 0.01796875
0 0.63359375 0.8390625 0.0109375 0.01875
0 0.65078125 0.8484375 0.0125 0.0203125
0 0.77890625 0.78515625 0.0078125 0.02421875
0 0.62421875 0.99296875 0.0140625 0.0140625
0 0.284375 0.675 0.01171875 0.01875
0 0.29765625 0.6109375 0.0140625 0.01953125
0 0.38515625 0.75234375 0.01796875 0.025