0 0.15 0.19453125 0.275 0.3890625
0 0.5578125 0.10625 0.06484375 0.059375
0 0.70234375 0.26484375 0.02734375 0.059375
0 0.746875 0.1875 0.07734375 0.0828125
0 0.8265625 0.69296875 0.0171875 0.01953125
0 0.89296875 0.66171875 0.04921875 0.0796875
0 0.92890625 0.6859375 0.02734375 0.1
0 0.98046875 0.865625 0.0390625 0.04921875
0 0.621875 0.8203125 0.0671875 0.07578125
0 0.74765625 0.8765625 0.046875 0.053125
0 0.22421875 0.94765625 0.0640625 0.1046875
0 0.5453125 0.57578125 0.0859375 0.11328125
0 0.51875 0.38359375 0.0546875 0.13671875
0 0.48203125 0.29453125 0.04609375 0.103125
0 0.5734375 0.36640625 0.02890625 0.16328125
0 0.37890625 0.2796875 0.03828125 0.05234375
0 0.12421875 0.48203125 0.04765625 0.0859375
0 0.30078125 0.5734375 0.1625 0.18125
0 0.69609375 0.49609375 0.025 0.03359375
0 0.73828125 0.44296875 0.0328125 0.059375
0 0.9203125 0.30078125 0.0671875 0.10703125
0 0.215625 0.22578125 0.03203125 0.0625
0 0.04140625 0.2515625 0.06171875 0.134375
0 0.03515625 0.6921875 0.04609375 0.0546875
0 0.15546875 0.84296875 0.02265625 0.0546875
0 0.7125 0.590625 0.02578125 0.04609375
0 0.75 0.07265625 0.015625 0.028125
0 0.8046875 0.10546875 0.02578125 0.053125
0 0.9921875 0.303125 0.015625 0.040625
0 0.32109375 0.01875 0.02109375 0.0375
0 0.91953125 0.97578125 0.03203125 0.0296875
0 0.76640625 0.553125 0.02265625 0.04765625
0 0.98984375 0.95546875 0.0203125 0.0890625
0 0.3578125 0.86015625 0.040625 0.05234375
0 0.61953125 0.49609375 0.0859375 0.08203125
0 0.909375 0.1765625 0.01953125 0.0421875
0 0.95546875 0.18828125 0.05 0.04765625
0 0.06484375 0.41328125 0.04609375 0.06796875
0 0.5953125 0.01953125 0.021875 0.0390625
0 0.62421875 0.1484375 0.01875 0.0265625
0 0.63046875 0.046875 0.009375 0.02109375
0 0.8328125 0.11640625 0.01640625 0.03046875
0 0.9171875 0.09140625 0.0328125 0.059375
0 0.946875 0.11328125 0.0203125 0.0546875
0 0.94609375 0.065625 0.01953125 0.03203125
0 0.8671875 0.54765625 0.0359375 0.0359375
0 0.8921875 0.51328125 0.028125 0.034375
0 0.79140625 0.80859375 0.01640625 0.02578125
0 0.39296875 0.0171875 0.01875 0.03046875
0 0.42890625 0.0484375 0.0171875 0.028125