0 0.43671875 0.4734375 0.0734375 0.08984375
0 0.54609375 0.42578125 0.07109375 0.15078125
0 0.5 0.28984375 0.0625 0.15859375
0 0.25859375 0.9359375 0.0890625 0.1203125
0 0.42734375 0.37734375 0.090625 0.05625
3 0.5390625 0.8421875 0.0921875 0.27578125
0 0.75625 0.9703125 0.05 0.059375
0 0.43828125 0.97578125 0.02421875 0.0484375
0 0.34296875 0.99140625 0.01875 0.01640625
0 0.38125 0.721875 0.025 0.0484375
0 0.303125 0.74765625 0.02421875 0.05546875
0 0.271875 0.86015625 0.01484375 0.021875
0 0.23125 0.8234375 0.0203125 0.02734375
0 0.2484375 0.6234375 0.0140625 0.02734375
0 0.2296875 0.6875 0.01484375 0.0265625
0 0.221875 0.71796875 0.009375 0.02734375
0 0.38828125 0.5375 0.0421875 0.04921875
0 0.359375 0.29296875 0.01640625 0.02421875
0 0.30390625 0.27421875 0.01484375 0.03203125
0 0.28359375 0.40390625 0.0390625 0.08671875
0 0.2921875 0.35 0.0171875 0.01875
0 0.26640625 0.34609375 0.01484375 0.02734375
0 0.23359375 0.334375 0.01484375 0.03515625
0 0.24453125 0.26171875 0.0140625 0.03515625
0 0.25859375 0.05703125 0.0171875 0.03828125
0 0.325 0.06484375 0.03984375 0.12890625
0 0.28046875 0.02578125 0.0140625 0.03359375
0 0.3734375 0.14609375 0.02578125 0.04765625
0 0.4765625 0.07578125 0.03359375 0.0453125
0 0.52890625 0.02734375 0.021875 0.02734375
0 0.54921875 0.12109375 0.021875 0.0453125
0 0.496875 0.16171875 0.01484375 0.0234375
0 0.709375 0.06796875 0.02734375 0.04453125
0 0.68359375 0.284375 0.0484375 0.09921875
0 0.67578125 0.64765625 0.01875 0.03046875
0 0.70234375 0.753125 0.02734375 0.053125
0 0.44296875 0.16015625 0.01171875 0.0171875
0 0.43984375 0.13515625 0.01953125 0.0203125
0 0.4046875 0.109375 0.01328125 0.021875
0 0.284375 0.21640625 0.01328125 0.0234375
0 0.37734375 0.48046875 0.01640625 0.02421875
0 0.37109375 0.64296875 0.01171875 0.02109375
