3 0.46015625 0.15546875 0.11796875 0.31015625
0 0.7328125 0.06796875 0.1265625 0.1359375
0 0.25 0.05078125 0.078125 0.1015625
0 0.6296875 0.28515625 0.0265625 0.059375
0 0.571875 0.53828125 0.065625 0.09375
0 0.61484375 0.46171875 0.04765625 0.0609375
0 0.72421875 0.6046875 0.02734375 0.09296875
0 0.5828125 0.63359375 0.08515625 0.0390625
0 0.459375 0.56640625 0.06328125 0.11796875
0 0.32109375 0.7328125 0.040625 0.1265625
0 0.67578125 0.93828125 0.03671875 0.103125
0 0.51015625 0.728125 0.053125 0.1640625
0 0.44921875 0.884375 0.02734375 0.040625
0 0.5265625 0.9265625 0.03125 0.03359375
0 0.29765625 0.9390625 0.0453125 0.06796875
0 0.29921875 0.25078125 0.0234375 0.06484375
