1 0.45625 0.215625 0.13359375 0.278125
0 0.7265625 0.0921875 0.278125 0.184375
0 0.6859375 0.07734375 0.040625 0.05625
0 0.76953125 0.59921875 0.0421875 0.11875
0 0.58046875 0.5328125 0.07578125 0.08828125
0 0.6359375 0.47734375 0.04609375 0.05625
0 0.64296875 0.31015625 0.02890625 0.04140625
0 0.59453125 0.6203125 0.1015625 0.05
0 0.45 0.553125 0.06953125 0.10078125
0 0.28515625 0.67265625 0.05078125 0.08984375
0 0.24765625 0.8625 0.03203125 0.04765625
0 0.19296875 0.090625 0.07265625 0.12578125
0 0.7125 0.884375 0.05078125 0.11953125
0 0.53046875 0.85390625 0.0296875 0.0453125
0 0.50390625 0.6796875 0.065625 0.13203125