3 0.7015625 0.5796875 0.1359375 0.18125
0 0.4375 0.1109375 0.07421875 0.07734375
0 0.7609375 0.09296875 0.078125 0.1390625
0 0.25 0.20390625 0.0796875 0.11484375
0 0.48125 0.3828125 0.05625 0.08984375
0 0.4234375 0.3640625 0.02890625 0.13828125
0 0.51875 0.30859375 0.04609375 0.115625
0 0.61796875 0.2875 0.03203125 0.06484375
0 0.37421875 0.49140625 0.103125 0.09375
0 0.46640625 0.57890625 0.07265625 0.0921875
0 0.38828125 0.82421875 0.05625 0.09140625
0 0.26171875 0.8734375 0.04375 0.065625
0 0.28203125 0.57734375 0.01953125 0.04765625
0 0.26484375 0.44765625 0.01953125 0.06640625
0 0.77421875 0.9390625 0.07734375 0.121875
0 0.640625 0.865625 0.0265625 0.040625
