0 0.4484375 0.44140625 0.10078125 0.0796875
0 0.35546875 0.50078125 0.1046875 0.0875
0 0.4125 0.61015625 0.0359375 0.1390625
0 0.48046875 0.6 0.06171875 0.11640625
0 0.52734375 0.66328125 0.03984375 0.0609375
0 0.64765625 0.6828125 0.0359375 0.05
0 0.815625 0.1203125 0.04921875 0.08828125
0 0.21171875 0.18515625 0.028125 0.04921875
0 0.35546875 0.22421875 0.07109375 0.08046875
0 0.246875 0.42734375 0.03203125 0.04609375
0 0.1890625 0.4609375 0.02109375 0.0453125
0 0.22109375 0.53046875 0.03046875 0.065625
0 0.26953125 0.50625 0.02578125 0.0328125
0 0.265625 0.696875 0.04296875 0.06328125
0 0.20703125 0.759375 0.08125 0.0671875
0 0.18515625 0.8328125 0.015625 0.02578125
0 0.20703125 0.86484375 0.02421875 0.03125
0 0.2828125 0.8109375 0.01171875 0.0375
0 0.31171875 0.8265625 0.01875 0.01953125
0 0.35078125 0.79765625 0.0234375 0.02734375
0 0.4296875 0.83046875 0.0765625 0.0703125
0 0.38828125 0.90234375 0.01875 0.03515625
0 0.796875 0.85625 0.084375 0.125
0 0.71484375 0.89921875 0.0296875 0.05390625
0 0.665625 0.79375 0.03125 0.046875
0 0.63671875 0.90859375 0.025 0.03515625
0 0.58203125 0.8765625 0.0171875 0.0203125
0 0.34375 0.88359375 0.0203125 0.0328125
0 0.32265625 0.753125 0.01875 0.03046875
0 0.3640625 0.709375 0.0125 0.0234375
0 0.8125 0.5921875 0.0359375 0.0421875
3 0.73515625 0.4390625 0.1984375 0.1421875
0 0.79921875 0.3296875 0.06328125 0.071875
0 0.66953125 0.19765625 0.03828125 0.0421875
0 0.24140625 0.64296875 0.02109375 0.03515625
0 0.26796875 0.58984375 0.03359375 0.02265625
0 0.8328125 0.740625 0.02265625 0.03046875
