0 0.74921875 0.13125 0.03828125 0.046875
0 0.71875 0.31953125 0.06796875 0.096875
0 0.55234375 0.4328125 0.0765625 0.1359375
0 0.36640625 0.5296875 0.05625 0.065625
0 0.42109375 0.4734375 0.09375 0.0921875
0 0.29765625 0.125 0.0484375 0.109375
0 0.4125 0.390625 0.1015625 0.0453125
0 0.23984375 0.4078125 0.0484375 0.09296875
0 0.359375 0.6890625 0.040625 0.0609375
1 0.55078125 0.7875 0.12890625 0.2484375
0 0.80390625 0.9125 0.0703125 0.10234375
0 0.2796875 0.90625 0.24296875 0.1875
0 0.4671875 0.1421875 0.04921875 0.06171875
0 0.56171875 0.17734375 0.03984375 0.04140625
0 0.1828125 0.7703125 0.0375 0.04765625
0 0.3140625 0.934375 0.034375 0.04765625
0 0.53515625 0.10234375 0.0375 0.04375
0 0.34765625 0.2046875 0.0359375 0.04375
0 0.23828125 0.046875 0.02578125 0.0359375
0 0.7375 0.7203125 0.046875 0.06953125