0 0.43515625 0.534375 0.0703125 0.090625
0 0.490625 0.71796875 0.053125 0.15546875
0 0.68671875 0.7078125 0.05390625 0.09375
0 0.54296875 0.5703125 0.06953125 0.1234375
0 0.42578125 0.6390625 0.08515625 0.0671875
0 0.3859375 0.4671875 0.05390625 0.06640625
0 0.38125 0.2859375 0.03671875 0.059375
0 0.5484375 0.878125 0.03046875 0.05703125
0 0.71484375 0.94296875 0.040625 0.0640625
0 0.26171875 0.059375 0.0875 0.11796875
0 0.22734375 0.29765625 0.01796875 0.0703125
0 0.28359375 0.61015625 0.0390625 0.13984375
0 0.22890625 0.665625 0.0265625 0.03984375
0 0.24765625 0.7328125 0.02109375 0.0390625
0 0.25 0.81953125 0.0203125 0.02734375
0 0.28359375 0.78203125 0.01171875 0.0359375
0 0.303125 0.72265625 0.02109375 0.04609375
0 0.28125 0.9703125 0.0125 0.03828125
0 0.325 0.9328125 0.034375 0.12734375
0 0.37109375 0.859375 0.034375 0.0671875
0 0.478125 0.9234375 0.034375 0.05
0 0.52890625 0.9703125 0.0234375 0.02578125
0 0.43671875 0.028125 0.02890625 0.05625
0 0.7546875 0.03125 0.05234375 0.05859375
0 0.259375 0.93515625 0.01640625 0.0484375
0 0.4046875 0.890625 0.0234375 0.0421875
0 0.61484375 0.0484375 0.03984375 0.096875
0 0.70078125 0.246875 0.03671875 0.05859375
0 0.30625 0.25625 0.03828125 0.0609375
0 0.23125 0.1796875 0.02421875 0.03203125
0 0.33359375 0.7703125 0.0203125 0.03984375
0 0.35703125 0.7046875 0.01640625 0.0328125
0 0.440625 0.85234375 0.0171875 0.046875
0 0.49765625 0.84609375 0.025 0.03671875
0 0.25078125 0.38125 0.01796875 0.046875
3 0.540625 0.159375 0.0953125 0.28671875
0 0.6765625 0.35078125 0.015625 0.040625
0 0.33984375 0.0078125 0.02265625 0.015625
0 0.3796875 0.51796875 0.0078125 0.0234375
0 0.3359375 0.60859375 0.009375 0.025
