0 0.5734375 0.17734375 0.078125 0.07265625
0 0.28203125 0.10078125 0.02421875 0.03359375
0 0.20078125 0.14140625 0.07890625 0.14296875
0 0.6109375 0.09375 0.01796875 0.05234375
0 0.659375 0.11953125 0.01953125 0.02421875
0 0.7921875 0.23984375 0.0859375 0.0625
0 0.7953125 0.14453125 0.021875 0.03046875
0 0.590625 0.390625 0.02734375 0.1421875
0 0.7328125 0.49765625 0.02109375 0.0265625
0 0.7828125 0.4671875 0.0328125 0.06484375
0 0.753125 0.5734375 0.0265625 0.04296875
0 0.81484375 0.54140625 0.02109375 0.04140625
0 0.7875 0.81875 0.03203125 0.0578125
0 0.6453125 0.77421875 0.0625 0.0640625
0 0.55390625 0.56328125 0.0921875 0.09296875
0 0.35234375 0.3203125 0.03203125 0.04453125
0 0.47421875 0.33359375 0.03359375 0.071875
0 0.521875 0.40234375 0.0484375 0.11640625
0 0.1875 0.88671875 0.04140625 0.08125
0 0.33359375 0.80703125 0.03515625 0.05
0 0.18359375 0.4109375 0.02734375 0.04375
0 0.20078125 0.66953125 0.0625 0.0734375
0 0.71953125 0.34453125 0.01171875 0.025
0 0.73671875 0.30234375 0.0328125 0.0546875
0 0.65 0.20546875 0.01328125 0.03359375
0 0.6890625 0.178125 0.0125 0.01640625
0 0.63984375 0.28828125 0.015625 0.0203125
0 0.33046875 0.2 0.0265625 0.025
0 0.365625 0.09296875 0.03125 0.03125
0 0.4203125 0.1234375 0.01484375 0.03671875
0 0.74140625 0.4078125 0.009375 0.03359375
0 0.75859375 0.3515625 0.01328125 0.0421875
0 0.7390625 0.78046875 0.0265625 0.0484375
0 0.67734375 0.29765625 0.0109375 0.0203125
0 0.68046875 0.24765625 0.0125 0.015625
0 0.7265625 0.4140625 0.0125 0.021875
0 0.81640625 0.1703125 0.01171875 0.02734375
0 0.51328125 0.31953125 0.01328125 0.0203125
0 0.64375 0.4890625 0.10390625 0.0765625
0 0.625 0.55078125 0.015625 0.0203125
0 0.17109375 0.26328125 0.015625 0.0234375
3 0.2734375 0.559375 0.1890625 0.13984375
