3 0.2671875 0.5609375 0.2078125 0.16953125
0 0.58515625 0.38984375 0.02578125 0.12421875
0 0.51953125 0.4 0.06484375 0.121875
0 0.55 0.5796875 0.08984375 0.11015625
0 0.64375 0.50234375 0.10390625 0.071875
0 0.784375 0.24453125 0.0828125 0.08046875
0 0.56796875 0.17421875 0.0625 0.059375
0 0.1984375 0.146875 0.0640625 0.1109375
0 0.3515625 0.3203125 0.0296875 0.040625
0 0.47265625 0.33359375 0.03359375 0.06328125
0 0.8125 0.54375 0.015625 0.03515625
0 0.78046875 0.46640625 0.0265625 0.0515625
0 0.7515625 0.575 0.0234375 0.03515625
0 0.79296875 0.140625 0.01953125 0.02578125
0 0.73515625 0.3109375 0.03515625 0.03515625
0 0.64296875 0.77578125 0.06484375 0.07109375
0 0.33046875 0.80390625 0.03203125 0.0390625
0 0.1828125 0.884375 0.03671875 0.06953125
0 0.7875 0.81875 0.03203125 0.04140625
0 0.18203125 0.4078125 0.0296875 0.0375
0 0.725 0.49609375 0.0171875 0.0234375
0 0.64765625 0.20859375 0.021875 0.02734375
0 0.28359375 0.09609375 0.0203125 0.02578125
0 0.65625 0.1171875 0.015625 0.02734375
0 0.609375 0.0984375 0.01640625 0.0296875
