1 0.46015625 0.15390625 0.1140625 0.2921875
0 0.74140625 0.06796875 0.13984375 0.1359375
0 0.2515625 0.040625 0.078125 0.08046875
0 0.6234375 0.2828125 0.04609375 0.08828125
0 0.56484375 0.5296875 0.05703125 0.0953125
0 0.615625 0.45703125 0.0515625 0.06640625
0 0.45390625 0.5609375 0.07421875 0.0921875
0 0.50078125 0.7125 0.0375 0.1328125
0 0.57578125 0.63125 0.0765625 0.05859375
0 0.721875 0.6015625 0.04140625 0.07734375
0 0.6765625 0.9453125 0.04375 0.109375
0 0.31953125 0.7015625 0.0546875 0.0875
0 0.2890625 0.9390625 0.0375 0.04296875
0 0.4546875 0.88828125 0.02265625 0.0296875
0 0.52734375 0.92421875 0.03046875 0.0234375