0 0.43515625 0.47578125 0.0703125 0.0984375
0 0.54375 0.43125 0.071875 0.15
0 0.49375 0.290625 0.05859375 0.15703125
0 0.4265625 0.36875 0.078125 0.040625
0 0.68359375 0.2859375 0.04375 0.09375
0 0.7109375 0.06875 0.028125 0.04609375
0 0.55 0.121875 0.01640625 0.03203125
0 0.49765625 0.16015625 0.0171875 0.028125
0 0.5296875 0.02890625 0.02265625 0.0234375
0 0.478125 0.07578125 0.03125 0.040625
0 0.3734375 0.1484375 0.0234375 0.04921875
0 0.3265625 0.06640625 0.0375 0.12734375
0 0.259375 0.0578125 0.015625 0.03203125
0 0.2796875 0.02578125 0.0125 0.0203125
0 0.2453125 0.26328125 0.01796875 0.0265625
0 0.3578125 0.290625 0.01640625 0.03046875
0 0.303125 0.275 0.0140625 0.02734375
0 0.28125 0.40390625 0.04140625 0.09453125
0 0.2953125 0.346875 0.021875 0.01875
0 0.26640625 0.346875 0.01484375 0.02421875
0 0.2328125 0.3359375 0.01640625 0.028125
0 0.3890625 0.53671875 0.0390625 0.0515625
0 0.38125 0.72109375 0.025 0.0421875
0 0.2640625 0.9515625 0.0875 0.096875
0 0.4390625 0.9765625 0.025 0.046875
3 0.540625 0.83984375 0.0890625 0.271875
0 0.75703125 0.97109375 0.0484375 0.0578125
0 0.70390625 0.75390625 0.0234375 0.04609375
0 0.2453125 0.87578125 0.01484375 0.0265625
0 0.23125 0.825 0.01875 0.0359375
0 0.2296875 0.68828125 0.01640625 0.0265625
0 0.221875 0.71875 0.009375 0.02578125
0 0.2484375 0.6203125 0.01484375 0.02734375
0 0.303125 0.74921875 0.028125 0.0484375
0 0.34375 0.98984375 0.01875 0.0203125
0 0.675 0.64765625 0.01953125 0.03046875
0 0.44453125 0.16171875 0.0140625 0.02265625
0 0.43828125 0.1375 0.0140625 0.021875
0 0.42265625 0.13046875 0.01171875 0.02265625
0 0.4046875 0.115625 0.01640625 0.02578125
0 0.3328125 0.23046875 0.01640625 0.0296875
0 0.378125 0.484375 0.01484375 0.021875
0 0.34140625 0.5671875 0.0171875 0.02890625
0 0.37265625 0.64296875 0.01328125 0.0234375
