0 0.4421875 0.1125 0.04921875 0.0703125
0 0.25390625 0.18984375 0.06953125 0.065625
0 0.42578125 0.3703125 0.0203125 0.13984375
0 0.38125 0.49453125 0.08125 0.0828125
0 0.26171875 0.45859375 0.021875 0.05390625
0 0.2359375 0.5515625 0.01484375 0.034375
0 0.2859375 0.584375 0.021875 0.03203125
0 0.4578125 0.56875 0.08203125 0.096875
0 0.3796875 0.82578125 0.06015625 0.084375
0 0.2578125 0.87265625 0.028125 0.0515625
0 0.30546875 0.4953125 0.02421875 0.0265625
0 0.48359375 0.38046875 0.04921875 0.1296875
0 0.521875 0.303125 0.03359375 0.06875
0 0.625 0.28828125 0.02890625 0.05390625
0 0.3 0.26875 0.03125 0.06171875
0 0.375 0.15 0.01640625 0.0171875
0 0.34140625 0.11640625 0.00859375 0.0125
0 0.36953125 0.0453125 0.01328125 0.01953125
0 0.25078125 0.0734375 0.015625 0.02578125
0 0.40703125 0.01953125 0.015625 0.0203125
0 0.23359375 0.10859375 0.0140625 0.02109375
0 0.3828125 0.2484375 0.01875 0.0203125
0 0.68203125 0.0234375 0.03046875 0.0359375
0 0.6078125 0.01640625 0.015625 0.01875
0 0.6375 0.1390625 0.01796875 0.01484375
0 0.7546875 0.06640625 0.065625 0.1
0 0.5703125 0.04921875 0.01328125 0.028125
0 0.28203125 0.3296875 0.0109375 0.0234375
0 0.69140625 0.57578125 0.1640625 0.1796875
0 0.64296875 0.85859375 0.0359375 0.05078125
0 0.7640625 0.95390625 0.03828125 0.0875
0 0.7671875 0.3859375 0.02890625 0.0453125