3 0.2984375 0.4265625 0.17265625 0.19453125
0 0.2265625 0.05 0.0890625 0.1
0 0.61953125 0.1703125 0.08125 0.09921875
0 0.746875 0.125 0.0515625 0.06796875
0 0.88125 0.3328125 0.0421875 0.09609375
0 0.93828125 0.31796875 0.04375 0.0703125
0 0.97890625 0.1421875 0.0421875 0.0625
0 0.571875 0.640625 0.03515625 0.178125
0 0.62421875 0.5078125 0.10625 0.0796875
0 0.5296875 0.4125 0.07734375 0.1109375
0 0.47578125 0.69609375 0.05234375 0.08125
0 0.5109375 0.61015625 0.07109375 0.10859375
0 0.75078125 0.8015625 0.0625 0.07421875
0 0.3765625 0.7109375 0.05234375 0.046875
0 0.13828125 0.8046875 0.27578125 0.390625
0 0.5578125 0.89140625 0.05390625 0.08515625
0 0.215625 0.76796875 0.03203125 0.05859375
0 0.05 0.765625 0.06796875 0.12734375
0 0.9375 0.9109375 0.075 0.12109375
0 0.92578125 0.71015625 0.0578125 0.10859375
0 0.7359375 0.5453125 0.02734375 0.0671875
0 0.71640625 0.41171875 0.02265625 0.06796875
0 0.03046875 0.3109375 0.0390625 0.0515625
0 0.0625 0.58828125 0.046875 0.07421875
