0 0.57734375 0.53671875 0.07890625 0.0875
3 0.4546875 0.21328125 0.1359375 0.25390625
0 0.5078125 0.69296875 0.0625 0.14375
0 0.28125 0.67734375 0.05859375 0.0875
0 0.58515625 0.61484375 0.1 0.0578125
0 0.70546875 0.86640625 0.04921875 0.10859375
0 0.78671875 0.13125 0.0890625 0.10859375
0 0.19453125 0.1 0.05859375 0.05
0 0.25859375 0.2859375 0.02890625 0.04375
0 0.6421875 0.309375 0.03125 0.04765625
0 0.6328125 0.465625 0.04765625 0.0453125
0 0.45390625 0.56640625 0.059375 0.11484375
0 0.44140625 0.81640625 0.02578125 0.0375
0 0.46640625 0.896875 0.028125 0.028125
0 0.5265625 0.85703125 0.0390625 0.034375
0 0.50078125 0.78203125 0.01796875 0.02109375
0 0.6484375 0.79765625 0.025 0.03984375
0 0.76015625 0.8953125 0.01328125 0.02265625
0 0.784375 0.8734375 0.01484375 0.028125
0 0.7578125 0.7390625 0.01328125 0.0265625
0 0.80234375 0.6984375 0.01640625 0.0234375
0 0.75859375 0.58046875 0.04375 0.08125
0 0.73359375 0.68828125 0.0140625 0.02109375
0 0.74375 0.62421875 0.01875 0.01640625
0 0.7765625 0.6296875 0.01640625 0.02421875
0 0.81640625 0.63671875 0.015625 0.0203125
0 0.5734375 0.09765625 0.0296875 0.040625
0 0.81796875 0.22578125 0.0234375 0.03203125
0 0.79765625 0.3984375 0.0171875 0.02734375
0 0.8203125 0.33984375 0.01484375 0.01875
0 0.7296875 0.2875 0.03359375 0.04375
0 0.82734375 0.315625 0.0140625 0.01953125
0 0.66875 0.675 0.01171875 0.02265625
0 0.571875 0.80390625 0.015625 0.02109375
0 0.246875 0.8625 0.0375 0.04296875
0 0.28828125 0.37578125 0.02421875 0.02890625
0 0.6890625 0.0859375 0.0171875 0.01640625
0 0.66875 0.81015625 0.0125 0.02421875
