0 0.74463671875 0.8305152046875 0.7777441406250001 0.788506515625 0.750606934375 0.7817463078125 0.7174990234374999 0.82182363125 0.74463671875 0.8305152046875
0 0.9332417 0.9193622937500001 0.9283569343750001 0.912602084375 0.9234721671875 0.9048757609375 0.9221157234374999 0.8889417890625 0.9191303718749999 0.8797671593749999 0.9126171875000001 0.8841129453125 0.9077329093750001 0.9034274546875001 0.9058330078125 0.91163596875 0.9288999015625 0.938676803125 0.931884765625 0.93481320625 0.9299853515625 0.9266046921875001 0.9332417 0.9193622937500001
0 0.94246875 0.861418765625 0.9367695312500001 0.8850790609375 0.9489814453125 0.901496090625 0.9525092765625001 0.8942528234375 0.95223828125 0.8676959171874999 0.94246875 0.861418765625
0 0.8792382812499999 0.3104717640625 0.8727255859374999 0.3462041703125 0.9009482421874999 0.36262119843749996 0.9099038078125 0.326406603125 0.8792382812499999 0.3104717640625
0 0.92645751875 0.3486185921875 0.9335131828125001 0.3447549953125 0.9416542968750001 0.3346151171875 0.9419257812499999 0.32399218125 0.935955565625 0.27280886249999997 0.9242866203125001 0.2926064296875 0.9204873046875001 0.323509121875 0.9169594734375 0.3476524765625 0.9166879890624999 0.34572111250000004 0.9169594734375 0.3510330140625 0.92645751875 0.3486185921875
0 0.86377001875 0.43553344843749997 0.859970703125 0.449053865625 0.8838515625 0.4591937453125 0.8852084953125001 0.449053865625 0.86377001875 0.43553344843749997
0 0.53594970625 0.6083987843750001 0.5348642578125 0.592947003125 0.53703515625 0.588601215625 0.5345927734375 0.5562493484375 0.495243653125 0.6219183312500001 0.499313965625 0.681311034375 0.53594970625 0.6083987843750001
0 0.5744848640625 0.5644578625000001 0.5663437499999999 0.6977280625 0.571228515625 0.695313640625 0.5818120109375 0.57363249375 0.5790981453125 0.5601120765625 0.5744848640625 0.5644578625000001
0 0.652640625 0.516172025 0.6561684578125 0.49830582031250004 0.6558969734375 0.46885143281249997 0.59972265625 0.4925117296875 0.5986372078125 0.5040999125 0.58018359375 0.5098940046875 0.5807265625 0.5190686359375001 0.5921240234375 0.5398323203125 0.652640625 0.516172025
0 0.62441796875 0.1332615125 0.601351075 0.1564387484375 0.594837890625 0.2013449171875 0.60379345625 0.21148566406249997 0.60596435625 0.1989304953125 0.61519091875 0.1912050390625 0.6271313468749999 0.1936194609375 0.6265888671875001 0.18299652500000002 0.6271313468749999 0.1660964375 0.6331015625 0.1603014765625 0.64694189375 0.17478801093750002 0.64694189375 0.16754474375 0.62441796875 0.1332615125
0 0.5328637703125 0.44657254531249996 0.5330986328125 0.47372198125000003 0.5368544921875 0.472051259375 0.541079590625 0.46453257968750006 0.5453051765625 0.46369678593749997 0.5478872078125 0.43237098124999995 0.555868653125 0.41232232812499997 0.5603286140625 0.40772806250000004 0.5725351562500001 0.409398784375 0.5807509765625001 0.398956559375 0.5692490234375 0.396867940625 0.5645542 0.387679409375 0.5593896484374999 0.40188010468749996 0.54483545 0.41608166874999997 0.521361328125 0.3885143359375 0.5171362312500001 0.387679409375 0.5093896484375 0.4039687234375 0.5065727546875001 0.416499565625 0.5328637703125 0.44657254531249996
0 0.21814795 0 0.21549316406250002 0.0004882703125 0.21643212812499998 0.0088418765625 0.20985937500000001 0.015524760937500002 0.20516455156250002 0.0330677671875 0.19953027343750002 0.04309209375 0.20070410156250001 0.047686359375 0.20539892499999998 0.047686359375 0.21244140625000002 0.05353431875 0.219014159375 0.0702415296875 0.23122070312499998 0.0727471765625 0.2368544921875 0.0819365765625 0.2394365234375 0.08068375312500001 0.246009278125 0.0623058203125 0.2469482421875 0.057293657812499996 0.23802832031249999 0.0422571671875 0.2352114265625 0.0330677671875 0.22769970625 0.02554995625 0.22245752031250002 0 0.21814795 0
0 0.226525878125 0.2673866203125 0.21877929687500003 0.28785317187500004 0.21877929687500003 0.29453605625 0.22370898437500003 0.30664900156249997 0.253755859375 0.335051259375 0.2582158203125 0.3312919203125 0.266666503125 0.301218940625 0.2680751953125 0.2937011296875 0.2659624015625 0.2899417890625 0.23122070312499998 0.26655169375 0.226525878125 0.2673866203125
0 0.3619716796875 0.699687228125 0.363849609375 0.71472371875 0.376291015625 0.7335195484375 0.3805166015625 0.7335195484375 0.3840375984375 0.7272536921875 0.3845068359375 0.712217203125 0.380985840625 0.7026107734375 0.37253515625 0.7067880109375 0.3683100578125 0.6934222421875 0.3619716796875 0.699687228125
0 0.4708920890625 0.71472371875 0.4819248046875 0.727671590625 0.49061035156250005 0.7289244140625 0.490140625 0.7155586453125 0.481220703125 0.686321459375 0.47300488281249997 0.6708670718749999 0.46643212968750003 0.6691963515625 0.46572753906250003 0.6921685484375 0.4708920890625 0.71472371875
0 0.1741782234375 0.82081494375 0.1896713875 0.7556568203125 0.1929575203125 0.734772371875 0.1882626953125 0.7214066031249999 0.186384765625 0.6854856640625 0.183567871875 0.677132059375 0.1739438484375 0.6633492609375 0.16502343749999998 0.6583370984375 0.149061034375 0.6717028671875 0.1410795890625 0.668361425 0.1394365234375 0.664602084375 0.13896728593750002 0.6295169421875 0.1373237296875 0.6215803656250001 0.13286377031250002 0.627010425 0.11760546875 0.661678540625 0.1021127921875 0.666690703125 0.093662109375 0.6499834921875001 0.0896713859375 0.6579192 0.0845068359375 0.6988514328125001 0.07277001875 0.7280894875 0.07183105468749999 0.743961771875 0.046479003125 0.86508861875 0.0469482421875 0.8734422234375 0.056807617187500006 0.89182015625 0.059624512500000004 0.905185925 0.05704248125 0.9106159859374999 0.038732421875 0.9264882703125 0.0328637703125 0.9360947 0.02206591875 0.982874890625 0.0206572265625 0.999582103125 0.226056153125 1 0.21314550781250002 0.9686741968750001 0.21314550781250002 0.9469548218750001 0.21572753906250003 0.939854040625 0.226056153125 0.958231971875 0.24718310468750002 0.9791155515625001 0.2509389640625 0.9791155515625001 0.2549296875 0.9711798437500001 0.25586865312499996 0.9436133796874999 0.266666503125 0.9243996531249999 0.27089209062499997 0.9093631625 0.2704223625 0.9018444828125001 0.2659624015625 0.8997567328124999 0.2579814453125 0.9022623812499999 0.24671337968749998 0.9106159859374999 0.22323925781249998 0.9056038234375 0.221596190625 0.8993388359375001 0.22441308593749998 0.875948740625 0.223474121875 0.8667593390624999 0.21948339843750003 0.8571529109375 0.1791079109375 0.8270799312499999 0.1741782234375 0.82081494375
0 0.20727685468749998 0.7602510859375 0.20328662187500002 0.765681146875 0.20140869218750002 0.7773761953125 0.20352099531249998 0.785311903125 0.20915478437499999 0.7844761078125 0.2185444328125 0.7928297140625 0.221596190625 0.787400521875 0.2220659171875 0.783223284375 0.2159624015625 0.77236403125 0.21291064375 0.7602510859375 0.20727685468749998 0.7602510859375
0 0.054694825 0.8070312765625 0.059624512500000004 0.7999304953124999 0.060563476562499996 0.7974248484375 0.0584506828125 0.7936655078125 0.0495302734375 0.78781755 0.039436523437499996 0.764010425 0.039436523437499996 0.7113822765625 0.0340375984375 0.7126351 0.0218310546875 0.723495221875 0.019249023437500002 0.7280894875 0.018310059375 0.7473032140625 0.019249023437500002 0.7782111203125 0.021596190625 0.7865647265625 0.0330986328125 0.7978418765625 0.050938965625 0.8078662031249999 0.054694825 0.8070312765625
0 0.0284072265625 0.29328323125 0.019486815625 0.2957897484375 0.0173740234375 0.302054734375 0.0197216796875 0.31207906093750004 0.02512060625 0.3208505640625 0.0274682625 0.3208505640625 0.0323974609375 0.3154205046875 0.0323974609375 0.30790182499999996 0.0394399421875 0.2978774984375 0.038970215625 0.28952389218749996 0.033571289062499995 0.28660034687499997 0.0284072265625 0.29328323125
0 0.7319248046875 0.1065794953125 0.73990625 0.129134665625 0.7410795890624999 0.14625977343750002 0.7471831046874999 0.140411815625 0.753755859375 0.13957688906250001 0.7549296875 0.133311034375 0.7502348624999999 0.12746394375 0.7521127937500001 0.115768896875 0.7514086921875001 0.10449087812499999 0.7319248046875 0.1065794953125
0 0.709154784375 0.3960330140625 0.7058686515625 0.3951972203125 0.7042255859375001 0.3981216328125 0.7046948234375 0.408145959375 0.713849609375 0.42527020000000004 0.7180751953125 0.4261059953125 0.7206572265625 0.42151172968750006 0.7206572265625 0.40647523906250005 0.719014159375 0.4027158984375 0.71291064375 0.40605734218749995 0.709154784375 0.3960330140625
0 0.7321596671874999 0.5171607296875 0.7276997062499999 0.5526629015625 0.728638671875 0.5610173765625001 0.7373237296874999 0.564775846875 0.7427231437499999 0.5543336234375 0.7464790031249999 0.518413553125 0.7321596671874999 0.5171607296875
0 0.9754907218750001 0.14536229375 0.9862890625 0.138679409375 0.9945048828124999 0.12406081718749999 0.9933310546874999 0.11779582968749999 0.9820634765625 0.11779582968749999 0.9609365234375 0.12782015625 0.9569462890624999 0.13492006875 0.9665703125 0.14536229375 0.9754907218750001 0.14536229375
0 0.8882626953124999 0.48750477812500004 0.896009278125 0.49460556093749997 0.8990610359375 0.491682015625 0.9018779296874999 0.483328409375 0.9009389640625001 0.47330408281249997 0.8964790031250001 0.46870981718750004 0.8899062499999999 0.4703805390625 0.8873237296875001 0.47497480468750003 0.8882626953124999 0.48750477812500004
0 0.7645541984374999 0.4352945265625 0.761267578125 0.436130321875 0.76009375 0.443231103125 0.7643193359375 0.46160903593749997 0.769953125 0.46244396249999997 0.769014159375 0.44573675 0.7645541984374999 0.4352945265625
0 0.9931923828125001 0.6859035625 0.9870893562499999 0.6859035625 0.9840375984374999 0.6971807125 0.9854458015625 0.7046993921875 0.9997651359375 0.7126351 1 0.6938392703125 0.9931923828125001 0.6859035625
0 0.948826171875 0.9360947 0.9492958984375001 0.9302476109375 0.9448354484375001 0.9281589921875 0.9417841796875001 0.9369304953125001 0.9434272453125001 0.9498783671875 0.9450703125000001 0.9494604687500001 0.9455400390625 0.942777584375 0.948826171875 0.9360947
0 0.9406103515625001 0.9131225015625001 0.9370893562499999 0.9160460468749999 0.9370893562499999 0.92272893125 0.94248828125 0.92481755 0.9485913078125 0.918134665625 0.9485913078125 0.913957428125 0.9406103515625001 0.9131225015625001
0 0.82746484375 0.892238053125 0.8387324218750001 0.8813788015625 0.8382626953125 0.878872284375 0.82746484375 0.8763666375 0.82535205 0.889314509375 0.82746484375 0.892238053125
0 0.803286621875 0.9001737625 0.8042255859375 0.9085273671874999 0.8077465828125 0.91145178125 0.8079814453124999 0.8859730671875001 0.8063378906249999 0.8813788015625 0.8030517578125 0.8805430062499999 0.798591309375 0.88680799375 0.798591309375 0.8943266718749999 0.803286621875 0.9001737625
0 0.831689940625 0.2957897484375 0.8230048828125 0.302054734375 0.8237089843750001 0.3091555171875 0.82746484375 0.30999044375 0.8307509765625 0.30664900156249997 0.8333334953125 0.302054734375 0.831689940625 0.2957897484375
0 0.9290546875000001 0.025066898437500002 0.9290546875000001 0.022561251562500002 0.928115721875 0.019219809375 0.9269418953124999 0.017131190625 0.9241250000000001 0.014625543750000001 0.9198999015625 0.0121190265625 0.9161440421875 0.0112841015625 0.9135615234375001 0.015042571874999999 0.9135615234375001 0.018384014062500002 0.9145004890624999 0.02172545625 0.9208388671875 0.0288262375 0.9274116203125 0.0288262375 0.9285854499999999 0.026737618749999997 0.9290546875000001 0.025066898437500002
0 0.8798847656250001 0.0773423109375 0.8794155281249999 0.075671590625 0.8782416984375001 0.073582971875 0.8768330078125001 0.073582971875 0.8758940421875 0.074417896875 0.8751899406250001 0.075671590625 0.8747207031249999 0.0781772375 0.8751899406250001 0.0815186796875 0.877302734375 0.08444222343749999 0.8782416984375001 0.08444222343749999 0.8794155281249999 0.0831894 0.8798847656250001 0.0815186796875 0.8798847656250001 0.0773423109375
0 0.843103028125 0.0039417890625 0.842398925 0.0060304078125 0.842398925 0.011042571875 0.8445112312499999 0.013131190625 0.846389159375 0.013131190625 0.8480327140625 0.0102076453125 0.8480327140625 0.0077011296875 0.8475629890624999 0.0060304078125 0.845919921875 0.0031068640625 0.843103028125 0.0039417890625
0 0.88671875 0.22734375 0.00625 0.01015625
0 0.8991796875 0.31005473437500003 0.9003535156250001 0.312143353125 0.9022314453125 0.3104726328125 0.903404784375 0.3083840140625 0.902935546875 0.3058783671875 0.9017617187500001 0.30462554375 0.8998837890625 0.30462554375 0.8987099609375001 0.3075490875 0.8991796875 0.31005473437500003
0 0.93520654375 0.6783223281249999 0.9444345703125 0.6594309296875001 0.9425493156250001 0.6580191140625 0.936099609375 0.6670225890625 0.93252734375 0.67991138125 0.921811034375 0.70409904375 0.906232909375 0.7205178109375 0.8978984375 0.7341129453125 0.898989746875 0.7369374453125 0.9123847656249999 0.7175169421875001 0.927467284375 0.7005682015625 0.93520654375 0.6783223281249999
0 0.910400390625 0.8135612515625 0.9065307625000001 0.81373761875 0.9041494140624999 0.8149739359374999 0.9038515625000001 0.8172684625000001 0.9059355468750001 0.824860121875 0.9103012703125 0.825037359375 0.9117895515625 0.8345708078125 0.91417626875 0.8327211125 0.9136748046875001 0.8202702000000001 0.9121865234375001 0.8162093828125 0.910400390625 0.8135612515625
0 0.625 0.85 0.009375 0.01640625
0 0.58515625 0.91640625 0.01171875 0.02109375
0 0.659375 0.88515625 0.00703125 0.00859375
0 0.63125 0.95546875 0.00859375 0.015625
0 0.590625 0.97578125 0.0109375 0.01328125
0 0.60703125 0.96796875 0.0046875 0.0078125
0 0.59609375 0.99375 0.0078125 0.0109375
0 0.64921875 0.98515625 0.00859375 0.00546875
0 0.58359375 0.86796875 0.00546875 0.0171875
0 0.56171875 0.79375 0.00625 0.0125
0 0.61640625 0.75078125 0.0109375 0.0109375
0 0.6515625 0.7984375 0.00859375 0.0140625
0 0.690625 0.50390625 0.0109375 0.0171875
0 0.7 0.503125 0.0046875 0.00703125
0 0.66015625 0.55859375 0.0046875 0.00703125
0 0.66875 0.484375 0.00703125 0.009375
0 0.684375 0.6859375 0.00625 0.0109375
0 0.7171875 0.66796875 0.00625 0.01484375
0 0.70390625 0.60859375 0.0046875 0.01328125
0 0.68984375 0.6 0.00390625 0.0125
0 0.7038657234375 0.712145959375 0.69259814375 0.7263466546874999 0.6876684578125001 0.7342823625 0.6862602546875001 0.7401303218749999 0.6874340812499999 0.7413831453124999 0.6902509765625 0.74054821875 0.7080913093750001 0.716322328125 0.7102036140625 0.7125629890625 0.709734375 0.709221546875 0.708560546875 0.7079687234375001 0.7038657234375 0.712145959375
0 0.699361815625 0.7334144218749999 0.6988920890625 0.73508514375 0.6991269531250001 0.7388444828125 0.7010048828125 0.7405152046875 0.7047607421875 0.7405152046875 0.70546484375 0.73926238125 0.70546484375 0.73508514375 0.7047607421875 0.730490878125 0.7010048828125 0.7313258031250001 0.699361815625 0.7334144218749999
0 0.7477275390625 0.9360529968750001 0.7552392578125 0.9276993921875001 0.7514833984375 0.917675065625 0.7435024421875001 0.9210165078125 0.7413896484375 0.9256107734375 0.7477275390625 0.9360529968750001
0 0.7635009765625 0.8865238921874999 0.7618579109375 0.8911190265625001 0.7623276375 0.89446046875 0.763970703125 0.8973840140625 0.7677265625 0.8965482187499999 0.76983935625 0.8927897484375 0.76983935625 0.88944830625 0.7693696296875 0.887777584375 0.7677265625 0.8856889656250001 0.7635009765625 0.8865238921874999
0 0.9492324218749999 0.8015004343750001 0.9475888671874999 0.7960703734375 0.9452416984375 0.79272893125 0.9433637703125 0.7918940046875 0.942189940625 0.7939826234375 0.9398427734375 0.8131954828125 0.9398427734375 0.816536925 0.941485840625 0.81862554375 0.9447719734375 0.81946046875 0.9466499015625001 0.81862554375 0.94829345625 0.814866203125 0.9492324218749999 0.8090191140625 0.9492324218749999 0.8015004343750001
0 0.9682495125000001 0.814854040625 0.9677802734375 0.8115125984375 0.9670761718750001 0.8094239796875 0.9609726562500001 0.8077532578125 0.9581557625 0.8077532578125 0.9569819328125 0.8098418765625001 0.9574516609374999 0.8165247609374999 0.9590947265624999 0.8186133796874999 0.9609726562500001 0.81944830625 0.9651982421874999 0.81944830625 0.967545409375 0.817777584375 0.9682495125000001 0.8165247609374999 0.9682495125000001 0.814854040625
0 0.6092822265625 0.43633014843750006 0.607638671875 0.433406603125 0.604821778125 0.4342423984375 0.6031787109375 0.43633014843750006 0.602709471875 0.4388366640625 0.602709471875 0.44217810625 0.6038828125 0.44510164999999996 0.607638671875 0.4459374453125 0.6092822265625 0.44384882656249997 0.6097514640624999 0.44217810625 0.6097514640624999 0.4388366640625 0.6092822265625 0.43633014843750006
0 0.324734375 0.9842389234375 0.324734375 0.9825682015625 0.32003955 0.9692015640625 0.3179267578125 0.96627801875 0.3155791015625 0.9654430921875001 0.3141708984375 0.9654430921875001 0.31229296875 0.9671138140625001 0.311119140625 0.9692015640625 0.311119140625 0.9758853171874999 0.318395996875 0.990503909375 0.3207436515625 0.9921746312499999 0.32215185625 0.9921746312499999 0.3228564453125 0.9909218078125 0.324734375 0.9842389234375
0 0.34773876875 0.8437019984375 0.34820849531250003 0.8478783671875 0.34938232343750003 0.8508019109375 0.35219921875 0.8524726328125001 0.353607421875 0.8524726328125001 0.3543115234375 0.851219809375 0.3543115234375 0.847043440625 0.353607421875 0.8432841015625 0.348912596875 0.84244830625 0.34773876875 0.8437019984375
0 0.3938969734375 0.976400521875 0.3896713875 0.9755655953125 0.388263184375 0.9755655953125 0.38708935625 0.9776533453124999 0.3874365234375 0.985587315625 0.3886103515625 0.9891381406249999 0.395774903125 0.9872606421875 0.3969482421875 0.985172025 0.3969482421875 0.9809947875 0.396244140625 0.9780712421875 0.3938969734375 0.976400521875
0 0.43169042968750004 0.9415238921875 0.42722998125 0.9486246734374999 0.42746484375 0.95572545625 0.4298125 0.95572545625 0.43169042968750004 0.9540547343749999 0.4347417 0.9486246734374999 0.4347417 0.94528323125 0.4342724609375 0.9436125109375 0.43262939375 0.9415238921875 0.43169042968750004 0.9415238921875
0 0.5339443359375 0.9179096437500001 0.538053221875 0.913313640625 0.56737109375 0.91646394375 0.5711269531250001 0.9131225015625001 0.5784038078125 0.8985030406250001 0.578873046875 0.8943266718749999 0.57221484375 0.8619287578125 0.569984375 0.8615108593749999 0.5692802734375 0.88010165 0.5585971671875 0.8819817546875001 0.5482666015625 0.8784300609375 0.5426318359375 0.860675065625 0.541079590625 0.86300086875 0.5407534171874999 0.88845699375 0.537701171875 0.8924257171875001 0.535470703125 0.877595134375 0.528638671875 0.9043509984375 0.530046875 0.9143753265625 0.5339443359375 0.9179096437500001
3 0.26267627031249996 0.3843379671875 0.2509389640625 0.3751485671875 0.2359155265625 0.3576064296875 0.230985840625 0.3555178109375 0.230985840625 0.363035621875 0.23497656249999999 0.37013640312499996 0.2845068359375 0.4198410078125 0.2845068359375 0.42735881875 0.28215966875 0.4332067765625 0.28215966875 0.44907819218749995 0.28990625 0.46954474375000005 0.2997651359375 0.476227628125 0.3096245109375 0.4753927015625 0.3185444328125 0.46453257968750006 0.32136132812499996 0.4570139015625 0.3255869140625 0.456178975 0.33262890624999997 0.4662033015625 0.3758217765625 0.50546568125 0.3795776375 0.50546568125 0.3816899421875 0.500870546875 0.3814555671875 0.49627628125 0.3267607421875 0.44907819218749995 0.330985840625 0.4223466546875 0.33661962968750003 0.40647523906250005 0.33474170000000003 0.3997923546875 0.33568066406249997 0.37807297968750003 0.3246479484375 0.3601120765625 0.3180751953125 0.3559357078125 0.3058686515625 0.356770634375 0.296713378125 0.372225021875 0.2920185546875 0.394780190625 0.2852114265625 0.40772806250000004 0.2654931640625 0.39018505625 0.26267627031249996 0.3843379671875
0 0.12230029375 0.54472719375 0.1354458 0.5480686359375 0.13661962968750002 0.5451450906249999 0.133802734375 0.5259313640625 0.133802734375 0.5075534312500001 0.12230029375 0.489593396875 0.118779296875 0.4891755 0.1089204109375 0.50254126875 0.10563378906250001 0.5175777578125 0.10704248125 0.5250964375 0.12230029375 0.54472719375
0 0.069953125 0.5643588187499999 0.0584506828125 0.5773066890624999 0.05234765625 0.573129453125 0.0469482421875 0.5760538656249999 0.0469482421875 0.5877489140625001 0.05258203125000001 0.6077975671875 0.0584506828125 0.6182389234375 0.06267626875 0.6190747171875 0.064788575 0.6161511734375 0.066197265625 0.5986081671875 0.07488281249999999 0.5890017375000001 0.07887304687499999 0.5793953078125 0.0793427734375 0.57354735 0.0758217765625 0.564775846875 0.069953125 0.5643588187499999
0 0.236619628125 0.595266725 0.21877929687500003 0.601949609375 0.21831005781249999 0.6103032140625 0.22370898437500003 0.6299339703125 0.22934277343749998 0.6299339703125 0.241314453125 0.60863249375 0.24225341875 0.5969374453125 0.236619628125 0.595266725
0 0.7957744140624999 0.1842684625 0.7915493171875 0.18009122500000002 0.788732421875 0.189280625 0.790845215625 0.1963814078125 0.7967133796875 0.19011555156249998 0.7957744140624999 0.1842684625
