0 0.5765625 0.53515625 0.0859375 0.090625
0 0.509375 0.6890625 0.0578125 0.1375
0 0.446875 0.56328125 0.078125 0.11640625
0 0.28125 0.6796875 0.059375 0.090625
0 0.58828125 0.6140625 0.1015625 0.059375
0 0.7796875 0.1203125 0.10390625 0.09296875
0 0.80234375 0.70078125 0.01953125 0.0359375
0 0.8203125 0.63828125 0.02890625 0.0375
0 0.77734375 0.63046875 0.02265625 0.03046875
0 0.75703125 0.58046875 0.0484375 0.0734375
0 0.7515625 0.74140625 0.0234375 0.0375
0 0.73125 0.68671875 0.02109375 0.03515625
0 0.6421875 0.31171875 0.0390625 0.046875
1 0.45078125 0.2125 0.103125 0.24140625
0 0.19609375 0.10390625 0.059375 0.05
0 0.6328125 0.46796875 0.04609375 0.04296875
0 0.759375 0.8984375 0.015625 0.02734375
0 0.7046875 0.86484375 0.0453125 0.1140625
0 0.78359375 0.8734375 0.021875 0.0359375
0 0.52734375 0.85 0.0453125 0.0484375
0 0.46796875 0.89296875 0.03203125 0.0359375
0 0.4390625 0.81953125 0.02890625 0.0390625
0 0.25234375 0.86484375 0.0375 0.04296875
0 0.64921875 0.8 0.0296875 0.05625
0 0.81953125 0.33828125 0.01875 0.03359375
0 0.815625 0.22578125 0.021875 0.034375
0 0.57421875 0.09609375 0.0359375 0.0453125
0 0.2578125 0.28828125 0.034375 0.0484375
0 0.290625 0.37890625 0.02265625 0.0359375
0 0.5 0.79296875 0.02578125 0.0375
0 0.73203125 0.29140625 0.0359375 0.046875
0 0.61328125 0.82421875 0.021875 0.0375
0 0.66640625 0.6734375 0.0203125 0.02890625
0 0.796875 0.39375 0.025 0.03671875