0 0.490625 0.690625 0.0609375 0.1359375
0 0.28125 0.10234375 0.2328125 0.20390625
0 0.71796875 0.678125 0.059375 0.0859375
0 0.4140625 0.61484375 0.10078125 0.05859375
3 0.54375 0.2078125 0.1203125 0.240625
0 0.80390625 0.0859375 0.06328125 0.08828125
0 0.74765625 0.86328125 0.0375 0.053125
0 0.740625 0.2859375 0.0296875 0.04765625
0 0.35625 0.3109375 0.0328125 0.046875
0 0.2375 0.57890625 0.0484375 0.0859375
0 0.30078125 0.72421875 0.0125 0.02421875
0 0.26484375 0.6890625 0.01796875 0.03203125
0 0.25390625 0.62734375 0.01953125 0.0125
0 0.21953125 0.6328125 0.01484375 0.02109375
0 0.290625 0.86796875 0.04375 0.11015625
0 0.54140625 0.9640625 0.021875 0.02578125
0 0.53203125 0.89453125 0.02578125 0.03046875
0 0.47109375 0.85390625 0.03828125 0.04453125
0 0.5609375 0.81640625 0.02890625 0.0453125
0 0.70625 0.9359375 0.01640625 0.02578125
0 0.63203125 0.98671875 0.021875 0.025
0 0.24609375 0.990625 0.02109375 0.01640625
0 0.2390625 0.95234375 0.03203125 0.03125
0 0.3859375 0.82578125 0.01484375 0.025
0 0.34296875 0.796875 0.03359375 0.0453125
0 0.4953125 0.78359375 0.01640625 0.03046875
0 0.24375 0.7375 0.0109375 0.01796875
0 0.196875 0.6984375 0.02109375 0.0234375
0 0.23828125 0.8984375 0.0125 0.021875
0 0.2140625 0.871875 0.015625 0.0328125
0 0.203125 0.39453125 0.01953125 0.03046875
0 0.2671875 0.2875 0.03203125 0.05078125
0 0.31875 0.0703125 0.034375 0.040625
0 0.4265625 0.09296875 0.03203125 0.05
0 0.18125 0.22265625 0.02578125 0.03671875
0 0.17734375 0.63671875 0.0265625 0.0359375
0 0.71015625 0.37578125 0.021875 0.0296875
0 0.34609375 0.990625 0.01328125 0.0171875
0 0.33203125 0.675 0.01328125 0.0265625
0 0.42421875 0.8046875 0.01171875 0.01796875
0 0.43359375 0.784375 0.01640625 0.01796875
0 0.178125 0.33828125 0.0140625 0.02421875
0 0.16953125 0.31484375 0.0078125 0.0234375
0 0.54609375 0.565625 0.06171875 0.11328125
0 0.36640625 0.4671875 0.04609375 0.04609375
0 0.41875 0.521875 0.0828125 0.0625
0 0.35390625 0.51328125 0.01796875 0.01875
0 0.63828125 0.92890625 0.01796875 0.02109375
0 0.51640625 0.9703125 0.0125 0.02109375
