0 0.75625 0.08046875 0.06484375 0.1609375
0 0.7671875 0.9515625 0.04375 0.096875
0 0.64140625 0.86015625 0.0390625 0.06015625
0 0.75546875 0.696875 0.0484375 0.078125
0 0.38125 0.825 0.0609375 0.084375
0 0.25625 0.87578125 0.0265625 0.06875
0 0.30625 0.49453125 0.01953125 0.04453125
0 0.26328125 0.46328125 0.03203125 0.0765625
0 0.28671875 0.5859375 0.02734375 0.0453125
0 0.23671875 0.54921875 0.0140625 0.0421875
0 0.37890625 0.4953125 0.08359375 0.0828125
0 0.45703125 0.57578125 0.08125 0.11328125
0 0.48359375 0.38125 0.05234375 0.1359375
0 0.52265625 0.3015625 0.0328125 0.075
0 0.6265625 0.2859375 0.03125 0.05546875
0 0.71015625 0.04609375 0.03359375 0.04140625
0 0.6828125 0.02421875 0.015625 0.0421875
0 0.6171875 0.01796875 0.0265625 0.03515625
0 0.403125 0.02109375 0.021875 0.0421875
0 0.36875 0.04921875 0.01171875 0.03359375
0 0.37265625 0.1546875 0.01328125 0.03671875
0 0.43828125 0.11171875 0.0671875 0.084375
0 0.25234375 0.0734375 0.021875 0.0328125
0 0.25546875 0.1953125 0.07265625 0.07578125
0 0.31640625 0.3140625 0.01953125 0.02265625
0 0.30078125 0.26796875 0.028125 0.06875
0 0.4265625 0.3671875 0.028125 0.1515625
0 0.76796875 0.39375 0.0234375 0.05234375
0 0.384375 0.25 0.01953125 0.0328125
0 0.34609375 0.1984375 0.01484375 0.02578125
0 0.32890625 0.1234375 0.03203125 0.03671875
0 0.3234375 0.0515625 0.0234375 0.028125
0 0.2375 0.03203125 0.0265625 0.0265625
0 0.23359375 0.11015625 0.015625 0.028125
0 0.640625 0.153125 0.034375 0.053125
0 0.58046875 0.8140625 0.01796875 0.034375
3 0.68984375 0.57265625 0.1734375 0.16328125
0 0.3046875 0.3953125 0.0234375 0.03671875
0 0.27890625 0.33125 0.025 0.0328125
0 0.49140625 0.28359375 0.01484375 0.0296875
0 0.571875 0.0546875 0.01640625 0.028125
