1 0.55078125 0.215625 0.10234375 0.2453125
0 0.3609375 0.31171875 0.0265625 0.05078125
0 0.3703125 0.46796875 0.04296875 0.046875
0 0.42265625 0.525 0.08359375 0.06796875
0 0.5484375 0.56484375 0.065625 0.11953125
0 0.71796875 0.68125 0.053125 0.08984375
0 0.74765625 0.86328125 0.03828125 0.046875
0 0.8046875 0.0875 0.06171875 0.08828125
0 0.63515625 0.11640625 0.046875 0.0875
0 0.740625 0.28671875 0.03125 0.0453125
0 0.41328125 0.61171875 0.0984375 0.04609375
0 0.28046875 0.0859375 0.240625 0.17109375
0 0.31796875 0.071875 0.02890625 0.04375
0 0.1796875 0.22890625 0.01953125 0.03125
0 0.175 0.3296875 0.01953125 0.059375
0 0.265625 0.68515625 0.0125 0.0296875
0 0.24296875 0.59453125 0.04296875 0.1078125
0 0.18828125 0.90390625 0.01640625 0.0515625
0 0.21484375 0.87109375 0.01171875 0.01640625
0 0.2453125 0.9890625 0.01875 0.02109375
0 0.23984375 0.95546875 0.021875 0.0375
0 0.29609375 0.86953125 0.040625 0.11796875
0 0.475 0.85234375 0.04375 0.04375
0 0.53359375 0.9640625 0.04140625 0.0328125
0 0.53671875 0.89765625 0.021875 0.0265625
0 0.56015625 0.81875 0.021875 0.046875
0 0.49609375 0.6828125 0.05 0.12421875
0 0.19765625 0.70078125 0.0109375 0.02421875
0 0.18046875 0.64140625 0.03203125 0.03125
0 0.4265625 0.09765625 0.0265625 0.04921875
0 0.634375 0.984375 0.01953125 0.03046875
0 0.6875 0.9875 0.01640625 0.02421875
0 0.70859375 0.9421875 0.01796875 0.03203125
0 0.346875 0.8 0.03515625 0.05234375
0 0.384375 0.8234375 0.028125 0.02265625
0 0.4328125 0.796875 0.01875 0.04375
0 0.346875 0.9875 0.01484375 0.025
0 0.49765625 0.78828125 0.02734375 0.04453125
0 0.30234375 0.725 0.01796875 0.03359375
0 0.3359375 0.6765625 0.01484375 0.02890625
0 0.2671875 0.2890625 0.03203125 0.04921875
0 0.20078125 0.3984375 0.01484375 0.03359375
0 0.6390625 0.93203125 0.01640625 0.02734375
0 0.2421875 0.90703125 0.015625 0.03828125