0 0.54609375 0.425 0.08046875 0.09609375
0 0.62109375 0.18203125 0.05546875 0.09765625
0 0.74375 0.1265625 0.02734375 0.0546875
0 0.7109375 0.41171875 0.02265625 0.05078125
0 0.76484375 0.44921875 0.0171875 0.03671875
0 0.69296875 0.5015625 0.0296875 0.0390625
0 0.73671875 0.54296875 0.0171875 0.0578125
0 0.69921875 0.7296875 0.0359375 0.05703125
0 0.6265625 0.8515625 0.02890625 0.02578125
0 0.746875 0.81171875 0.0796875 0.05859375
0 0.75078125 0.92578125 0.015625 0.03046875
0 0.76328125 0.8875 0.0203125 0.025
0 0.56015625 0.88984375 0.06484375 0.07265625
0 0.4796875 0.70078125 0.04140625 0.0859375
0 0.51953125 0.61640625 0.06015625 0.1234375
0 0.37578125 0.71171875 0.02734375 0.053125
0 0.2453125 0.2984375 0.05390625 0.07734375
0 0.23203125 0.0453125 0.03984375 0.08984375
0 0.57578125 0.6359375 0.028125 0.153125
0 0.61953125 0.50703125 0.08984375 0.0875
0 0.23359375 0.60703125 0.0328125 0.05546875
3 0.31015625 0.42890625 0.16484375 0.18125
0 0.3578125 0.1375 0.034375 0.0375
0 0.24765625 0.91796875 0.0671875 0.1640625
0 0.22421875 0.78671875 0.015625 0.03515625
0 0.31953125 0.97578125 0.0203125 0.0484375
0 0.38359375 0.9796875 0.03203125 0.040625
0 0.43046875 0.95 0.01328125 0.034375
0 0.59375 0.97890625 0.01875 0.0421875
0 0.63046875 0.95625 0.01171875 0.02890625
0 0.6578125 0.89375 0.01953125 0.0375
0 0.6171875 0.7546875 0.028125 0.0296875
0 0.36328125 0.85390625 0.040625 0.0375
0 0.71875 0.67265625 0.015625 0.0328125
0 0.69921875 0.6078125 0.02265625 0.0390625
0 0.63046875 0.6359375 0.01796875 0.03125
0 0.67734375 0.946875 0.0109375 0.0203125
0 0.65 0.7984375 0.0109375 0.02109375
0 0.7671875 0.96875 0.02265625 0.04140625
0 0.60859375 0.44453125 0.01640625 0.0296875
