0 0.7174990234374999 0.17817636875 0.750606934375 0.21825369218750001 0.7777441406250001 0.21149348437499998 0.74463671875 0.1694847953125 0.7174990234374999 0.17817636875
0 0.9126171875000001 0.1158870546875 0.9191303703125 0.12023284062499999 0.9221157218749999 0.11105821093749998 0.9234721671875 0.0951242390625 0.9283569343750001 0.087397915625 0.9332416984374999 0.08063770625 0.9299853515625 0.0733953078125 0.931884765625 0.06518679375 0.9288999015625 0.061323196875 0.9058330078125 0.08836403125 0.9077329109375001 0.09657254531250001 0.9126171875000001 0.1158870546875
0 0.9525092781250001 0.10574717656249999 0.9489814453125 0.098503909375 0.9367695312500001 0.1149209390625 0.94246875 0.138581234375 0.95223828125 0.1323040828125 0.9525092781250001 0.10574717656249999
0 0.9099038078125 0.6735933968750001 0.9009482421874999 0.6373788015625 0.8727255859374999 0.6537958296874999 0.8792382812499999 0.6895282359375 0.9099038078125 0.6735933968750001
0 0.9419257812499999 0.6760078187499999 0.9416542968750001 0.6653848828125 0.933513184375 0.6552450046875 0.92645751875 0.6513814078125 0.916959471875 0.6489669859375 0.9166879874999999 0.6542788875000001 0.916959471875 0.6523475234375 0.9204873046875001 0.676490878125 0.9242866203125001 0.7073935703124999 0.935955565625 0.7271911375 0.9419257812499999 0.6760078187499999
0 0.885208496875 0.550946134375 0.8838515625 0.5408062546875 0.859970703125 0.550946134375 0.86377001875 0.5644665515625 0.885208496875 0.550946134375
0 0.5348642578125 0.40705299687499996 0.53594970625 0.391601215625 0.499313965625 0.318688965625 0.495243653125 0.37808166875000004 0.5345927734375 0.44375065156250004 0.53703515625 0.41139878437500005 0.5348642578125 0.40705299687499996
0 0.5818120125 0.42636750625 0.571228515625 0.304686359375 0.5663437499999999 0.3022719375 0.5744848625000001 0.4355421375 0.5790981453125 0.43988792343750005 0.5818120125 0.42636750625
0 0.5921240234375 0.4601676796875 0.5807265625 0.4809313640625 0.58018359375 0.49010599531250004 0.5986372078125 0.49590008750000003 0.59972265625 0.5074882703125 0.6558969734375 0.5311485671875 0.65616845625 0.5016941796875 0.652640625 0.48382797499999997 0.5921240234375 0.4601676796875
0 0.6265888671875001 0.8170034749999999 0.6271313468749999 0.8063805390625 0.6151909171875001 0.8087949609375 0.6059643546875 0.8010695046875 0.60379345625 0.7885143359375 0.594837890625 0.7986550828125 0.601351075 0.8435612515625 0.62441796875 0.8667384874999999 0.64694189375 0.8324552562499999 0.64694189375 0.8252119890625 0.6331015625 0.8396985234375001 0.6271313468749999 0.8339035625 0.6265888671875001 0.8170034749999999
0 0.5330986328125 0.52627801875 0.53286376875 0.5534274546875 0.5065727546875001 0.583500434375 0.5093896484375 0.5960312765625 0.5171362312500001 0.612320590625 0.521361328125 0.6114856640624999 0.5448354484375 0.58391833125 0.5593896484374999 0.5981198953125 0.5645541984375 0.612320590625 0.5692490234375 0.603132059375 0.5807509765625001 0.601043440625 0.5725351562500001 0.590601215625 0.5603286140625 0.5922719375 0.555868653125 0.5876776718750001 0.54788720625 0.56762901875 0.5453051765625 0.5363032140625 0.5410795890625 0.5354674203124999 0.5368544921875 0.5279487406250001 0.5330986328125 0.52627801875
0 0.22245752031250002 1 0.22769970625 0.9744500437499999 0.235211425 0.9669322328125001 0.23802832031249999 0.9577428328125001 0.2469482421875 0.9427063421874999 0.246009278125 0.9376941796875 0.2394365234375 0.919316246875 0.2368544921875 0.9180634234375 0.23122070312499998 0.9272528234375 0.219014159375 0.9297584703125 0.21244140625000002 0.94646568125 0.20539892499999998 0.952313640625 0.20070410156250001 0.952313640625 0.19953027343750002 0.95690790625 0.20516454999999997 0.9669322328125001 0.20985937500000001 0.9844752390625 0.21643212812499998 0.9911581234375 0.21549316406250002 0.9995117296875 0.21814795 1 0.22245752031250002 1
0 0.22370898437500003 0.6933509984375 0.21877929687500003 0.70546394375 0.21877929687500003 0.7121468281250001 0.226525878125 0.7326133796875001 0.23122070312499998 0.73344830625 0.2659624015625 0.7100582109375 0.2680751953125 0.7062988703124999 0.266666503125 0.698781059375 0.2582158203125 0.6687080796875 0.253755859375 0.664948740625 0.22370898437500003 0.6933509984375
0 0.363849609375 0.28527628125 0.3619716796875 0.300312771875 0.3683100578125 0.3065777578125 0.37253515625 0.2932119890625 0.380985840625 0.2973892265625 0.3845068359375 0.287782796875 0.3840375984375 0.2727463078125 0.3805166015625 0.2664804515625 0.376291015625 0.2664804515625 0.363849609375 0.28527628125
0 0.46572753906250003 0.30783145156249997 0.466432128125 0.3308036484375 0.47300488281249997 0.329132928125 0.481220703125 0.313678540625 0.490140625 0.2844413546875 0.49061035156250005 0.2710755859375 0.4819248046875 0.27232840937499997 0.4708920890625 0.28527628125 0.46572753906250003 0.30783145156249997
0 0.2260561515625 0.041768028125 0.21572753906250003 0.060145959375 0.21314550781250002 0.053045178125 0.21314550781250002 0.031325803125 0.2260561515625 0 0.0206572265625 0.00041789687500000004 0.0220659171875 0.017125109375 0.03286376875 0.0639053 0.038732421875 0.0735117296875 0.0570424796875 0.08938401406249999 0.059624512500000004 0.094814075 0.056807617187500006 0.10817984375 0.0469482421875 0.1265577765625 0.046479003125 0.13491138125 0.07183105468749999 0.256038228125 0.07277001875 0.2719105125 0.0845068359375 0.3011485671875 0.0896713875 0.3420808 0.093662109375 0.35001650781250004 0.10211279375 0.333309296875 0.11760546875 0.338321459375 0.13286376875 0.37298957499999996 0.1373237296875 0.37841963437500004 0.138967284375 0.3704830578125 0.1394365234375 0.335397915625 0.141079590625 0.331638575 0.1490610359375 0.3282971328125 0.16502343749999998 0.3416629015625 0.1739438484375 0.3366507390625 0.1835678703125 0.322867940625 0.186384765625 0.3145143359375 0.1882626953125 0.278593396875 0.1929575203125 0.265227628125 0.1896713859375 0.24434317968750002 0.1741782234375 0.17918505625 0.1791079109375 0.17292006875000002 0.21948339843750003 0.14284708906250002 0.223474121875 0.1332406609375 0.22441308593749998 0.12405125937499999 0.221596190625 0.1006611640625 0.22323925781249998 0.0943961765625 0.24671337968749998 0.08938401406249999 0.2579814453125 0.09773761875 0.2659624015625 0.10024326718750001 0.2704223625 0.0981555171875 0.27089209062499997 0.0906368375 0.266666503125 0.075600346875 0.25586865312499996 0.0563866203125 0.2549296875 0.02882015625 0.2509389640625 0.0208844484375 0.24718310468750002 0.0208844484375 0.2260561515625 0.041768028125
0 0.20352099531249998 0.214688096875 0.20140869062500003 0.22262380468749998 0.20328662031250003 0.234318853125 0.20727685468749998 0.23974891406249998 0.21291064375 0.23974891406249998 0.2159624015625 0.22763596874999997 0.2220659171875 0.216776715625 0.221596190625 0.21259947812500002 0.2185444328125 0.20717028593750003 0.20915478437499999 0.2155238921875 0.20352099531249998 0.214688096875
0 0.0330986328125 0.2021581234375 0.0215961921875 0.21343527343750002 0.019249023437500002 0.2217888796875 0.018310059375 0.2526967859375 0.019249023437500002 0.2719105125 0.0218310546875 0.27650477812499996 0.0340375984375 0.2873649 0.039436523437499996 0.2886177234375 0.039436523437499996 0.235989575 0.0495302734375 0.21218244999999997 0.0584506828125 0.20633449218750002 0.060563476562499996 0.2025751515625 0.059624512500000004 0.2000695046875 0.054694825 0.1929687234375 0.0509389640625 0.192133796875 0.0330986328125 0.2021581234375
0 0.0274682625 0.6791494359375 0.0251206046875 0.6791494359375 0.0197216796875 0.6879209390625001 0.0173740234375 0.697945265625 0.019486817187499998 0.7042102515625001 0.0284072265625 0.70671676875 0.033571289062499995 0.713399653125 0.038970215625 0.7104761078124999 0.039439940624999996 0.7021225015625 0.0323974609375 0.692098175 0.0323974609375 0.6845794953125 0.0274682625 0.6791494359375
0 0.73990625 0.8708653343750001 0.7319248046875 0.8934205046875 0.7514086921875001 0.8955091218750001 0.7521127937500001 0.8842311031250001 0.7502348624999999 0.8725360562500001 0.7549296875 0.866688965625 0.753755859375 0.8604231109375 0.7471831046874999 0.859588184375 0.7410795890624999 0.8537402265624999 0.73990625 0.8708653343750001
0 0.704694825 0.591854040625 0.7042255859375001 0.6018783671875 0.705868653125 0.6048027796875 0.7091547859375 0.6039669859375 0.7129106453125 0.5939426578125 0.7190141609375 0.5972841015625 0.7206572265625 0.5935247609375 0.7206572265625 0.5784882703124999 0.7180751953125 0.5738940046875001 0.713849609375 0.5747298 0.704694825 0.591854040625
0 0.7276997062499999 0.4473370984375 0.7321596671874999 0.4828392703125 0.7464790031249999 0.481586446875 0.7427231437499999 0.44566637656249997 0.7373237296874999 0.43522415312499996 0.728638671875 0.43898262343749994 0.7276997062499999 0.4473370984375
0 0.9665703125 0.8546377062499999 0.9569462890624999 0.86507993125 0.9609365234375 0.87217984375 0.9820634765625 0.8822041703125001 0.9933310546874999 0.8822041703125001 0.9945048828124999 0.8759391828125 0.9862890625 0.861320590625 0.9754907234375001 0.8546377062499999 0.9665703125 0.8546377062499999
0 0.8873237296875001 0.5250251953125 0.8899062499999999 0.5296194609375 0.8964790031250001 0.5312901828125 0.9009389656250001 0.5266959171875001 0.9018779296874999 0.516671590625 0.899061034375 0.508317984375 0.8960092765625 0.5053944390625 0.8882626953124999 0.512495221875 0.8873237296875001 0.5250251953125
0 0.761267578125 0.563869678125 0.7645541984374999 0.5647054734375 0.769014159375 0.55426325 0.769953125 0.5375560375 0.7643193359375 0.5383909640625 0.76009375 0.556768896875 0.761267578125 0.563869678125
0 0.9870893562499999 0.3140964375 0.9931923828125001 0.3140964375 1 0.3061607296875 0.9997651375000001 0.2873649 0.9854458015625 0.2953006078125 0.9840375968749999 0.3028192875 0.9870893562499999 0.3140964375
0 0.9434272453125001 0.050121632812500004 0.9417841796875001 0.0630695046875 0.94483545 0.0718410078125 0.9492958984375001 0.0697523890625 0.948826171875 0.0639053 0.9455400390625 0.057222415625 0.9450703125000001 0.050539531250000005 0.9434272453125001 0.050121632812500004
0 0.9370893546874999 0.08395395312500001 0.9406103515625001 0.0868774984375 0.948591309375 0.086042571875 0.948591309375 0.081865334375 0.94248828125 0.07518245 0.9370893546874999 0.07727106875 0.9370893546874999 0.08395395312500001
0 0.82746484375 0.12363336250000001 0.8382626953125 0.121127715625 0.8387324218750001 0.1186211984375 0.82746484375 0.107761946875 0.8253520515625 0.110685490625 0.82746484375 0.12363336250000001
0 0.7985913078125 0.10567332812500001 0.7985913078125 0.11319200625 0.8030517578125 0.11945699375 0.8063378906249999 0.1186211984375 0.8079814453124999 0.11402693281250001 0.80774658125 0.08854821874999999 0.8042255859375 0.0914726328125 0.8032866203125 0.0998262375 0.7985913078125 0.10567332812500001
0 0.8230048828125 0.697945265625 0.831689940625 0.7042102515625001 0.8333334953125 0.697945265625 0.8307509765625 0.6933509984375 0.82746484375 0.6900095562499999 0.8237089843750001 0.6908444828125 0.8230048828125 0.697945265625
0 0.9145004875 0.9782745437499999 0.9135615234375001 0.9816159859375 0.9135615234375001 0.984957428125 0.9161440437499999 0.9887158984375001 0.919899903125 0.9878809734375 0.9241250000000001 0.98537445625 0.9269418937499999 0.982868809375 0.928115721875 0.9807801906250001 0.9290546875000001 0.9774387484375 0.9290546875000001 0.9749331015625 0.9285854484374999 0.97326238125 0.9274116203125 0.9711737625 0.9208388671875 0.9711737625 0.9145004875 0.9782745437499999
0 0.8751899421875 0.9184813203125 0.8747207031249999 0.9218227625000001 0.8751899421875 0.924328409375 0.8758940421875 0.9255821031250001 0.8768330078125001 0.9264170281249999 0.8782417 0.9264170281249999 0.8794155281249999 0.924328409375 0.8798847656250001 0.9226576890624999 0.8798847656250001 0.9184813203125 0.8794155281249999 0.9168106 0.8782417 0.9155577765625 0.877302734375 0.9155577765625 0.8751899421875 0.9184813203125
0 0.842398925 0.9939695921875 0.843103028125 0.9960582109375 0.845919921875 0.9968931359375001 0.8475629890624999 0.9939695921875 0.848032715625 0.9922988703125 0.848032715625 0.9897923546875 0.846389159375 0.986868809375 0.8445112312499999 0.986868809375 0.842398925 0.9889574281250001 0.842398925 0.9939695921875
0 0.88671875 0.77265625 0.00625 0.01015625
0 0.8987099609375001 0.6924509125 0.8998837890625 0.6953744562499999 0.9017617187500001 0.6953744562499999 0.902935546875 0.6941216328125 0.9034047859375001 0.6916159859375 0.9022314453125 0.6895273671875 0.9003535156250001 0.687856646875 0.8991796875 0.689945265625 0.8987099609375001 0.6924509125
0 0.9218110359375 0.29590095625 0.93252734375 0.32008861875 0.936099609375 0.3329774109375 0.9425493156250001 0.3419808859375 0.9444345703125 0.3405690703125 0.9352065421875 0.32167767187499996 0.927467284375 0.2994317984375 0.9123847656249999 0.2824830578125 0.8989897453125 0.2630625546875 0.8978984375 0.26588705468749996 0.9062329109375 0.2794821890625 0.9218110359375 0.29590095625
0 0.9038515625000001 0.18273153749999999 0.9041494140624999 0.1850260640625 0.9065307625000001 0.18626238125 0.910400390625 0.1864387484375 0.9121865234375001 0.1837906171875 0.9136748046875001 0.1797298 0.91417626875 0.1672788875 0.9117895515625 0.16542919218750002 0.9103012703125 0.174962640625 0.9059355468750001 0.175139878125 0.9038515625000001 0.18273153749999999
0 0.625 0.15 0.009375 0.01640625
0 0.58515625 0.08359375 0.01171875 0.02109375
0 0.659375 0.11484375 0.00703125 0.00859375
0 0.63125 0.04453125 0.00859375 0.015625
0 0.590625 0.02421875 0.0109375 0.01328125
0 0.60703125 0.03203125 0.0046875 0.0078125
0 0.59609375 0.00625 0.0078125 0.0109375
0 0.64921875 0.01484375 0.00859375 0.00546875
0 0.58359375 0.13203125 0.00546875 0.0171875
0 0.56171875 0.20625 0.00625 0.0125
0 0.61640625 0.24921875 0.0109375 0.0109375
0 0.6515625 0.2015625 0.00859375 0.0140625
0 0.690625 0.49609375 0.0109375 0.0171875
0 0.7 0.496875 0.0046875 0.00703125
0 0.66015625 0.44140625 0.0046875 0.00703125
0 0.66875 0.515625 0.00703125 0.009375
0 0.684375 0.3140625 0.00625 0.0109375
0 0.7171875 0.33203125 0.00625 0.01484375
0 0.70390625 0.39140625 0.0046875 0.01328125
0 0.68984375 0.4 0.00390625 0.0125
0 0.6862602546875001 0.259869678125 0.6876684578125001 0.2657176375 0.69259814375 0.27365334531249996 0.7038657234375 0.287854040625 0.708560546875 0.2920312765625 0.709734375 0.290778453125 0.7102036125 0.2874370109375 0.7080913093750001 0.283677671875 0.6902509765625 0.25945178125 0.6874340812499999 0.2586168546875 0.6862602546875001 0.259869678125
0 0.698892090625 0.26491485625 0.6993618171875 0.266585578125 0.7010048828125 0.268674196875 0.7047607421875 0.269509121875 0.70546484375 0.26491485625 0.70546484375 0.26073761875 0.7047607421875 0.2594847953125 0.7010048828125 0.2594847953125 0.6991269531250001 0.2611555171875 0.698892090625 0.26491485625
0 0.7435024421875001 0.0789834921875 0.7514833984375 0.082324934375 0.7552392578125 0.0723006078125 0.7477275390625 0.063947003125 0.7413896484375 0.0743892265625 0.7435024421875001 0.0789834921875
0 0.7618579109375 0.1088809734375 0.7635009765625 0.11347610781249999 0.7677265625 0.11431103437500001 0.769369628125 0.11222241562499999 0.7698393546875 0.11055169375 0.7698393546875 0.1072102515625 0.7677265625 0.10345178125000001 0.763970703125 0.10261598593750001 0.7623276375 0.10553953125 0.7618579109375 0.1088809734375
0 0.9414858390624999 0.18137445624999998 0.9398427734375 0.183463075 0.9398427734375 0.1868045171875 0.942189940625 0.20601737656250002 0.9433637687499999 0.20810599531250001 0.9452416984375 0.20727106874999998 0.9475888671874999 0.2039296265625 0.9492324218749999 0.19849956562499999 0.9492324218749999 0.1909808859375 0.94829345625 0.185133796875 0.9466499031250001 0.18137445624999998 0.9447719734375 0.18053953125 0.9414858390624999 0.18137445624999998
0 0.9590947265624999 0.1813866203125 0.9574516609374999 0.18347523906250002 0.956981934375 0.1901581234375 0.9581557609375 0.19224674218749999 0.9609726562500001 0.19224674218749999 0.9670761718750001 0.1905760203125 0.9677802734375 0.1884874015625 0.9682495125000001 0.185145959375 0.9682495125000001 0.18347523906250002 0.9675454109375 0.182222415625 0.9651982421874999 0.18055169375 0.9609726562500001 0.18055169375 0.9590947265624999 0.1813866203125
0 0.6027094734375 0.55782189375 0.6027094734375 0.5611633359375 0.6031787109375 0.5636698515624999 0.604821778125 0.5657576015625 0.607638671875 0.566593396875 0.6092822265625 0.5636698515624999 0.6097514640624999 0.5611633359375 0.6097514640624999 0.55782189375 0.6092822265625 0.5561511734375 0.607638671875 0.5540625546875 0.6038828125 0.55489835 0.6027094734375 0.55782189375
0 0.318395996875 0.009496090625 0.311119140625 0.0241146828125 0.311119140625 0.0307984359375 0.31229296875 0.0328861859375 0.3141708984375 0.034556907812499996 0.3155791015625 0.034556907812499996 0.3179267578125 0.03372198125 0.32003955 0.0307984359375 0.324734375 0.0174317984375 0.324734375 0.0157610765625 0.3228564453125 0.0090781921875 0.32215185625 0.00782536875 0.3207436515625 0.00782536875 0.318395996875 0.009496090625
0 0.348208496875 0.1521216328125 0.3477387703125 0.1562980015625 0.3489125984375 0.15755169375 0.353607421875 0.1567158984375 0.3543115234375 0.152956559375 0.3543115234375 0.148780190625 0.353607421875 0.14752736718749998 0.35219921875 0.14752736718749998 0.349382325 0.1491980890625 0.348208496875 0.1521216328125
0 0.38708935625 0.022346654687500002 0.388263184375 0.0244344046875 0.3896713875 0.0244344046875 0.3938969734375 0.023599478125 0.396244140625 0.021928757812499998 0.3969482421875 0.0190052125 0.3969482421875 0.014827974999999998 0.395774903125 0.0127393578125 0.3886103515625 0.010861859375000001 0.3874365234375 0.014412684375000002 0.38708935625 0.022346654687500002
0 0.42722998125 0.051375326562500004 0.43169042968750004 0.0584761078125 0.43262939375 0.0584761078125 0.4342724609375 0.0563874890625 0.4347417 0.05471676875 0.4347417 0.051375326562500004 0.43169042968750004 0.045945265624999995 0.4298125 0.04427454375 0.42746484375 0.04427454375 0.42722998125 0.051375326562500004
0 0.538053221875 0.086686359375 0.5339443359375 0.08209035625 0.530046875 0.08562467343749999 0.528638671875 0.0956490015625 0.535470703125 0.122404865625 0.537701171875 0.1075742828125 0.5407534171874999 0.11154300624999999 0.5410795890625 0.13699913125000002 0.5426318359375 0.139324934375 0.5482666015625 0.1215699390625 0.5585971671875 0.1180182453125 0.5692802734375 0.11989835 0.569984375 0.138489140625 0.57221484375 0.1380712421875 0.578873046875 0.10567332812500001 0.578403809375 0.101496959375 0.5711269531250001 0.0868774984375 0.56737109375 0.08353605625 0.538053221875 0.086686359375
1 0.33262890624999997 0.5337966984375 0.3255869140625 0.543821025 0.32136132812499996 0.5429860984375 0.3185444328125 0.5354674203124999 0.3096245125 0.5246072984375 0.2997651375 0.523772371875 0.28990625 0.53045525625 0.28215966875 0.5509218078125 0.28215966875 0.5667932234374999 0.2845068359375 0.5726411812500001 0.2845068359375 0.5801589921875 0.23497656249999999 0.629863596875 0.230985840625 0.636964378125 0.230985840625 0.6444821890625 0.2359155265625 0.6423935703125 0.2509389640625 0.6248514328125 0.26267627031249996 0.6156620328125 0.2654931640625 0.60981494375 0.2852114265625 0.5922719375 0.2920185546875 0.6052198093750001 0.2967133796875 0.6277749781249999 0.305868653125 0.643229365625 0.3180751953125 0.6440642921874999 0.3246479484375 0.6398879234375 0.33568066406249997 0.6219270203125 0.3347416984375 0.6002076453125 0.336619628125 0.5935247609375 0.330985840625 0.5776533453125 0.3267607421875 0.5509218078125 0.381455565625 0.50372371875 0.3816899421875 0.499129453125 0.3795776375 0.49453431875 0.3758217765625 0.49453431875 0.33262890624999997 0.5337966984375
0 0.133802734375 0.47406863593750004 0.13661962968750002 0.454854909375 0.1354458015625 0.45193136406249995 0.1223002921875 0.45527280625 0.1070424796875 0.47490356250000004 0.10563378906250001 0.48242224218749996 0.108920409375 0.49745873124999995 0.118779296875 0.5108245 0.1223002921875 0.5104066031250001 0.133802734375 0.49244656875 0.133802734375 0.47406863593750004
0 0.07887304687499999 0.4206046921875 0.07488281249999999 0.4109982625 0.066197265625 0.4013918328125 0.0647885734375 0.3838488265625 0.0626762703125 0.3809252828125 0.0584506828125 0.3817610765625 0.05258203125000001 0.3922024328125 0.0469482421875 0.4122510859375 0.0469482421875 0.42394613437500006 0.05234765625 0.42687054687500003 0.0584506828125 0.42269331093750007 0.069953125 0.43564118125 0.0758217765625 0.43522415312499996 0.0793427734375 0.42645265 0.07887304687499999 0.4206046921875
0 0.22934277343749998 0.3700660296875 0.22370898437500003 0.3700660296875 0.21831005781249999 0.3896967859375 0.21877929687500003 0.39805039062500003 0.236619628125 0.404733275 0.24225341875 0.4030625546875 0.241314453125 0.39136750625 0.22934277343749998 0.3700660296875
0 0.790845215625 0.8036185921874999 0.788732421875 0.810719375 0.7915493171875 0.819908775 0.7957744140624999 0.8157315374999999 0.796713378125 0.8098844484375001 0.790845215625 0.8036185921874999