1 0.315625 0.56953125 0.1859375 0.1625
0 0.225 0.953125 0.05546875 0.09375
0 0.03125 0.7 0.0265625 0.065625
0 0.12578125 0.48125 0.03125 0.0796875
0 0.23515625 0.3890625 0.03359375 0.04921875
0 0.37734375 0.28984375 0.0296875 0.0453125
0 0.47890625 0.30546875 0.03359375 0.07578125
0 0.5203125 0.38359375 0.05234375 0.140625
0 0.57421875 0.37421875 0.03984375 0.16171875
0 0.54453125 0.5734375 0.084375 0.10703125
0 0.6203125 0.496875 0.08359375 0.08984375
0 0.69765625 0.5 0.02265625 0.0515625
0 0.73515625 0.4625 0.03046875 0.0671875
0 0.75 0.19765625 0.07890625 0.0671875
0 0.80625 0.11015625 0.0203125 0.03125
0 0.9359375 0.10078125 0.05859375 0.09609375
0 0.9140625 0.178125 0.0171875 0.040625
0 0.92109375 0.303125 0.04765625 0.10625
0 0.98828125 0.3015625 0.0234375 0.046875
0 0.89140625 0.665625 0.0421875 0.046875
0 0.93125 0.68515625 0.03125 0.0890625
0 0.9796875 0.875 0.0375 0.0578125
0 0.36171875 0.86796875 0.0296875 0.06640625
0 0.159375 0.8484375 0.021875 0.07890625
0 0.24453125 0.70234375 0.05078125 0.06484375
0 0.14765625 0.196875 0.25625 0.39375
0 0.2171875 0.2296875 0.03046875 0.04453125
0 0.0671875 0.4203125 0.04296875 0.078125
0 0.0390625 0.24921875 0.0453125 0.11875
0 0.31953125 0.0234375 0.01953125 0.040625
0 0.38671875 0.0203125 0.02578125 0.03359375
0 0.359375 0.15546875 0.02421875 0.05703125
0 0.43125 0.05625 0.0125 0.02265625
0 0.70078125 0.26953125 0.03671875 0.05625
0 0.7203125 0.59609375 0.03046875 0.04609375
0 0.76640625 0.55703125 0.0125 0.04453125
0 0.8734375 0.5515625 0.03515625 0.028125
0 0.8921875 0.52109375 0.02734375 0.03515625
0 0.746875 0.87890625 0.028125 0.06640625
0 0.62265625 0.83125 0.05703125 0.084375
0 0.84765625 0.99140625 0.01953125 0.0171875
0 0.89296875 0.9828125 0.0234375 0.03359375
0 0.921875 0.9828125 0.0265625 0.03359375
0 0.99296875 0.95703125 0.0140625 0.08046875
0 0.559375 0.11796875 0.0703125 0.08125
0 0.63125 0.15546875 0.01875 0.0390625
0 0.75234375 0.078125 0.021875 0.03125
0 0.8359375 0.12109375 0.021875 0.04921875
0 0.95625 0.19296875 0.03046875 0.04609375
0 0.79609375 0.81328125 0.01796875 0.0390625
0 0.834375 0.2765625 0.0171875 0.040625
0 0.96484375 0.5546875 0.028125 0.04375
0 0.80859375 0.5734375 0.0359375 0.04375
0 0.61796875 0.25 0.01796875 0.02734375
0 0.65546875 0.20234375 0.01328125 0.02734375
0 0.96875 0.740625 0.009375 0.0453125