0 0.75546875 0.02890625 0.0515625 0.0578125
0 0.3796875 0.27734375 0.034375 0.04765625
0 0.390625 0.46015625 0.04296875 0.05
0 0.43359375 0.52734375 0.071875 0.084375
0 0.53984375 0.57421875 0.05703125 0.1421875
0 0.68359375 0.71640625 0.04921875 0.10546875
0 0.71015625 0.9296875 0.02890625 0.04453125
0 0.55078125 0.875 0.02109375 0.03984375
0 0.478125 0.91953125 0.03515625 0.0546875
0 0.44140625 0.85 0.0203125 0.05078125
0 0.5 0.846875 0.0203125 0.0453125
0 0.53046875 0.965625 0.01640625 0.03515625
0 0.32890625 0.93828125 0.03515625 0.1234375
0 0.37421875 0.85390625 0.01796875 0.06796875
0 0.2375 0.9640625 0.01171875 0.0296875
0 0.2609375 0.9390625 0.00859375 0.02578125
0 0.28046875 0.6046875 0.034375 0.1140625
0 0.2640625 0.053125 0.09140625 0.10625
0 0.303125 0.24453125 0.021875 0.05078125
0 0.61328125 0.04765625 0.0375 0.09453125
0 0.43828125 0.0203125 0.03671875 0.040625
0 0.23203125 0.1734375 0.02265625 0.040625
0 0.22578125 0.296875 0.01484375 0.05546875
0 0.2328125 0.66796875 0.02109375 0.0296875
0 0.2484375 0.73671875 0.021875 0.02578125
0 0.28359375 0.7796875 0.01171875 0.02109375
0 0.3046875 0.72578125 0.0203125 0.03046875
0 0.4953125 0.71015625 0.0515625 0.14140625
0 0.428125 0.628125 0.08203125 0.04921875
0 0.70078125 0.24375 0.025 0.0578125
0 0.40546875 0.88203125 0.01796875 0.0234375
0 0.33203125 0.76328125 0.0140625 0.02890625
0 0.35859375 0.70546875 0.0109375 0.028125
0 0.2796875 0.96953125 0.01171875 0.01875
0 0.24921875 0.378125 0.01015625 0.0484375
0 0.34140625 0.00546875 0.01171875 0.0078125
3 0.54296875 0.153125 0.1015625 0.28671875
