3 0.296875 0.4296875 0.171875 0.1765625
0 0.54296875 0.42734375 0.09140625 0.1234375
0 0.51953125 0.61796875 0.0578125 0.1234375
0 0.6203125 0.51171875 0.09375 0.0984375
0 0.48046875 0.69921875 0.04921875 0.08359375
0 0.890625 0.334375 0.04296875 0.0609375
0 0.74921875 0.8078125 0.06640625 0.05546875
0 0.5546875 0.8859375 0.05546875 0.06875
0 0.9203125 0.90546875 0.03125 0.0609375
0 0.94375 0.9265625 0.01484375 0.03984375
0 0.94765625 0.8765625 0.021875 0.0546875
0 0.98984375 0.696875 0.01875 0.03671875
0 0.7359375 0.53984375 0.0265625 0.05859375
0 0.7125 0.4125 0.0234375 0.03046875
0 0.6921875 0.503125 0.01953125 0.0296875
0 0.7640625 0.446875 0.01953125 0.03984375
0 0.87109375 0.44765625 0.028125 0.03359375
0 0.89296875 0.478125 0.0234375 0.0359375
0 0.9203125 0.6953125 0.05 0.08515625
0 0.3734375 0.7109375 0.0296875 0.04453125
0 0.140625 0.80546875 0.2734375 0.38828125
0 0.2140625 0.775 0.028125 0.04140625
0 0.03828125 0.75234375 0.05 0.10703125
0 0.028125 0.30390625 0.02890625 0.03984375
0 0.2234375 0.04375 0.05703125 0.0828125
0 0.62109375 0.1734375 0.05859375 0.08828125
0 0.74375 0.12421875 0.0296875 0.053125
0 0.9765625 0.13203125 0.04609375 0.040625
0 0.3578125 0.1359375 0.0328125 0.0421875
0 0.121875 0.515625 0.040625 0.0703125
0 0.22890625 0.609375 0.034375 0.04375
0 0.74921875 0.92578125 0.01875 0.025
0 0.80234375 0.89140625 0.01484375 0.03671875
0 0.9109375 0.821875 0.0171875 0.03203125
0 0.94296875 0.803125 0.01484375 0.03359375
0 0.83046875 0.87578125 0.02578125 0.025
0 0.69609375 0.72421875 0.03046875 0.0390625
0 0.625 0.84609375 0.01953125 0.02890625
0 0.315625 0.9703125 0.01484375 0.02734375
0 0.92109375 0.02265625 0.01640625 0.0328125
0 0.7921875 0.1875 0.0171875 0.025
0 0.990625 0.01640625 0.015625 0.02421875
0 0.93125 0.3109375 0.03203125 0.0890625
0 0.590625 0.97265625 0.01875 0.0234375
0 0.63203125 0.95078125 0.0203125 0.02421875
0 0.39140625 0.978125 0.01875 0.0234375
0 0.57421875 0.63125 0.02421875 0.1390625
0 0.96953125 0.26328125 0.01796875 0.03828125
