0 0.44375 0.11875 0.0796875 0.0984375
0 0.25234375 0.19921875 0.07109375 0.0765625
0 0.071875 0.09765625 0.0578125 0.09609375
0 0.0828125 0.2984375 0.059375 0.0921875
0 0.01171875 0.30390625 0.0234375 0.06796875
0 0.1203125 0.5359375 0.04453125 0.08359375
0 0.07265625 0.68203125 0.03359375 0.09375
0 0.1109375 0.65859375 0.04140625 0.09921875
0 0.009375 0.94921875 0.01875 0.10078125
0 0.0265625 0.86796875 0.0421875 0.0609375
0 0.078125 0.9796875 0.0203125 0.040625
0 0.11640625 0.9828125 0.01015625 0.03203125
0 0.15390625 0.96953125 0.02421875 0.0609375
0 0.12265625 0.9140625 0.0140625 0.0421875
0 0.7765625 0.95390625 0.05703125 0.09140625
0 0.84375 0.8390625 0.0203125 0.0625
0 0.96796875 0.69921875 0.04140625 0.06875
0 0.2546875 0.87578125 0.03125 0.065625
0 0.38125 0.8265625 0.05703125 0.08359375
0 0.4578125 0.5765625 0.07734375 0.109375
0 0.38125 0.49375 0.08046875 0.06953125
0 0.42890625 0.3703125 0.02421875 0.1453125
0 0.52421875 0.30625 0.0359375 0.0875
0 0.48046875 0.38046875 0.0546875 0.125
0 0.62578125 0.28984375 0.02421875 0.0515625
0 0.78671875 0.23046875 0.0265625 0.04453125
0 0.96171875 0.246875 0.05078125 0.11640625
0 0.29609375 0.26875 0.03046875 0.06171875
0 0.34765625 0.20078125 0.015625 0.025
0 0.3765625 0.14921875 0.01328125 0.0296875
0 0.3859375 0.253125 0.01484375 0.02421875
0 0.1703125 0.12109375 0.01328125 0.02578125
0 0.19765625 0.11328125 0.01875 0.05234375
0 0.2515625 0.07421875 0.01484375 0.040625
0 0.01875 0.2015625 0.01640625 0.02578125
0 0.05546875 0.196875 0.01953125 0.04453125
0 0.0890625 0.17734375 0.01484375 0.03671875
0 0.28671875 0.59296875 0.02734375 0.05625
0 0.87578125 0.4828125 0.046875 0.06640625
0 0.9390625 0.42109375 0.04453125 0.09140625
0 0.75546875 0.7015625 0.05234375 0.06640625
0 0.77109375 0.39453125 0.028125 0.053125
0 0.99296875 0.20546875 0.0140625 0.0484375
0 0.68046875 0.02890625 0.0234375 0.0421875
0 0.571875 0.059375 0.01640625 0.04140625
0 0.61796875 0.01640625 0.02421875 0.0328125
0 0.6421875 0.1546875 0.02265625 0.03671875
0 0.2625 0.4625 0.025 0.06953125
0 0.18828125 0.55 0.025 0.053125
0 0.2359375 0.54921875 0.01796875 0.0421875
0 0.3109375 0.49765625 0.0265625 0.05078125
0 0.04453125 0.55234375 0.02109375 0.03046875
0 0.0328125 0.7421875 0.01796875 0.04609375
0 0.01015625 0.71015625 0.01171875 0.0296875
0 0.20546875 0.80390625 0.02109375 0.04921875
0 0.15546875 0.33359375 0.01640625 0.04375
0 0.1703125 0.26953125 0.009375 0.0203125
0 0.1046875 0.4078125 0.01953125 0.03828125
0 0.1375 0.1984375 0.0078125 0.02265625
0 0.36796875 0.046875 0.01875 0.03828125
0 0.4078125 0.0203125 0.01640625 0.040625
0 0.34453125 0.11953125 0.009375 0.02265625
0 0.13671875 0.0125 0.01171875 0.02421875
0 0.2921875 0.36171875 0.028125 0.078125
0 0.1125 0.7734375 0.0234375 0.03359375
1 0.69375 0.57421875 0.16484375 0.1796875