0 0.1578125 0.803125 0.29609375 0.39296875
0 0.55390625 0.89453125 0.0640625 0.0796875
0 0.221875 0.78515625 0.03203125 0.06484375
0 0.04765625 0.7671875 0.0671875 0.1125
0 0.02734375 0.29765625 0.02578125 0.06640625
0 0.221875 0.04609375 0.06640625 0.0921875
0 0.62109375 0.18203125 0.05859375 0.11328125
0 0.74453125 0.125 0.03828125 0.06015625
0 0.890625 0.32890625 0.04296875 0.096875
0 0.93359375 0.32421875 0.03125 0.08359375
0 0.98046875 0.1390625 0.0390625 0.046875
0 0.57421875 0.6453125 0.0265625 0.1640625
0 0.62578125 0.50625 0.10546875 0.07578125
0 0.546875 0.43125 0.08359375 0.12109375
0 0.475 0.69609375 0.0421875 0.08125
0 0.51328125 0.61484375 0.05625 0.121875
0 0.3859375 0.73828125 0.0453125 0.08203125
0 0.75 0.821875 0.05859375 0.0875
0 0.93984375 0.90703125 0.06171875 0.0953125
0 0.73671875 0.5453125 0.021875 0.0671875
1 0.30390625 0.4296875 0.16875 0.19609375
0 0.91640625 0.70703125 0.0640625 0.09921875