0 0.5171875 0.37578125 0.0546875 0.12421875
0 0.47421875 0.30703125 0.03515625 0.08515625
0 0.37578125 0.29140625 0.03125 0.06171875
0 0.56484375 0.1109375 0.065625 0.0859375
0 0.63203125 0.04296875 0.015625 0.02578125
0 0.5953125 0.01796875 0.0171875 0.0359375
0 0.74453125 0.19296875 0.07578125 0.06796875
0 0.9265625 0.09921875 0.05859375 0.09921875
0 0.8671875 0.01015625 0.03203125 0.0203125
0 0.98984375 0.30234375 0.0203125 0.05546875
0 0.91953125 0.3015625 0.06328125 0.09140625
0 0.8796875 0.5375 0.05 0.08125
0 0.73828125 0.45234375 0.025 0.0703125
0 0.6203125 0.49375 0.08984375 0.0734375
0 0.54140625 0.575 0.0921875 0.09375
0 0.2234375 0.9515625 0.07109375 0.096875
0 0.1578125 0.84375 0.021875 0.06796875
0 0.0265625 0.6984375 0.03046875 0.0671875
0 0.1453125 0.19375 0.26171875 0.3875
0 0.0421875 0.24375 0.04765625 0.12890625
0 0.0109375 0.20078125 0.021875 0.0296875
0 0.12421875 0.48359375 0.034375 0.08125
0 0.0640625 0.41953125 0.03515625 0.06875
0 0.23046875 0.38828125 0.02265625 0.0453125
0 0.2109375 0.23125 0.0265625 0.06484375
0 0.35703125 0.85859375 0.034375 0.04921875
0 0.2453125 0.70078125 0.059375 0.07890625
0 0.74453125 0.87421875 0.03125 0.05
0 0.61953125 0.82265625 0.0609375 0.07890625
0 0.98984375 0.95546875 0.0203125 0.0890625
0 0.9765625 0.86875 0.03828125 0.0390625
0 0.9234375 0.97578125 0.03046875 0.03203125
0 0.8484375 0.9703125 0.01796875 0.059375
0 0.7125 0.58671875 0.02265625 0.03203125
0 0.81171875 0.56484375 0.0140625 0.02109375
0 0.765625 0.55 0.01953125 0.03828125
0 0.96640625 0.73203125 0.01796875 0.04765625
0 0.92890625 0.690625 0.02734375 0.09375
0 0.89140625 0.66171875 0.0359375 0.09453125
0 0.7921875 0.8140625 0.0125 0.01953125
0 0.69609375 0.4953125 0.02578125 0.02734375
0 0.57421875 0.3765625 0.0203125 0.1484375
0 0.7 0.26875 0.0296875 0.05
0 0.83203125 0.11328125 0.02109375 0.03515625
0 0.80234375 0.103125 0.01484375 0.0359375
0 0.74765625 0.07421875 0.01640625 0.02421875
0 0.96328125 0.1875 0.01328125 0.03203125
0 0.94296875 0.19609375 0.01328125 0.0359375
0 0.91171875 0.17890625 0.01796875 0.0296875
0 0.8859375 0.77265625 0.01171875 0.02890625
0 0.62734375 0.146875 0.01875 0.034375
0 0.3171875 0.021875 0.01328125 0.03984375
0 0.43046875 0.0578125 0.015625 0.03203125
0 0.38359375 0.01640625 0.03359375 0.02890625
0 0.359375 0.15078125 0.028125 0.04453125
0 0.82421875 0.7 0.021875 0.0328125
0 0.82890625 0.26953125 0.0109375 0.01953125
0 0.7140625 0.3421875 0.015625 0.04453125
0 0.69609375 0.39609375 0.0265625 0.0296875
0 0.95546875 0.534375 0.01328125 0.06796875
3 0.30703125 0.57421875 0.1546875 0.16875
