1 0.46328125 0.840625 0.10859375 0.27734375
0 0.28671875 0.06484375 0.0359375 0.05078125
0 0.665625 0.05859375 0.0578125 0.10859375
0 0.45859375 0.1296875 0.03984375 0.0546875
0 0.525 0.0796875 0.03359375 0.04765625
0 0.3234375 0.29921875 0.065625 0.1203125
0 0.50078125 0.28984375 0.05390625 0.13828125
0 0.56953125 0.4703125 0.0828125 0.0921875
0 0.571875 0.375 0.08515625 0.04140625
0 0.72265625 0.40234375 0.0625 0.0953125
0 0.61640625 0.54765625 0.059375 0.0625
0 0.4609375 0.43203125 0.084375 0.15
0 0.24140625 0.96171875 0.065625 0.0765625
0 0.734375 0.94296875 0.115625 0.1140625
0 0.6265625 0.71796875 0.02734375 0.0515625