0 0.21328125 0.24296875 0.0921875 0.0640625
0 0.815625 0.88359375 0.03828125 0.08046875
0 0.646875 0.32265625 0.0265625 0.040625
0 0.3203125 0.2515625 0.01171875 0.02734375
0 0.3515625 0.20390625 0.01796875 0.02421875
0 0.40078125 0.18984375 0.01171875 0.0328125
0 0.396875 0.1515625 0.01796875 0.01953125
0 0.440625 0.171875 0.065625 0.06796875
0 0.2859375 0.190625 0.009375 0.01875
0 0.31015625 0.1734375 0.01875 0.028125
0 0.34453125 0.11953125 0.01328125 0.03203125
0 0.38984375 0.09453125 0.01328125 0.03046875
0 0.1828125 0.16953125 0.01953125 0.02109375
0 0.2046875 0.14140625 0.0265625 0.0296875
0 0.2171875 0.46796875 0.01953125 0.05234375
0 0.24375 0.3625 0.0171875 0.0328125
0 0.26640625 0.30625 0.03203125 0.05078125
0 0.36015625 0.49296875 0.09453125 0.065625
0 0.3734375 0.55234375 0.021875 0.03359375
0 0.44765625 0.56171875 0.0921875 0.08203125
0 0.35234375 0.77578125 0.06484375 0.071875
0 0.21015625 0.815625 0.028125 0.04375
0 0.24765625 0.575 0.02890625 0.0421875
0 0.18515625 0.54453125 0.0140625 0.0421875
0 0.26796875 0.4953125 0.03125 0.03359375
0 0.36328125 0.2890625 0.01171875 0.03671875
0 0.5265625 0.334375 0.03203125 0.06640625
0 0.4765625 0.3984375 0.065625 0.1140625
0 0.71484375 0.096875 0.02109375 0.03984375
0 0.58125 0.1234375 0.009375 0.02421875
0 0.62734375 0.09453125 0.0125 0.025
0 0.64296875 0.08203125 0.0140625 0.02421875
0 0.80078125 0.1828125 0.071875 0.18515625
0 0.66796875 0.8046875 0.03515625 0.040625
0 0.80390625 0.66875 0.0578125 0.071875
0 0.81875 0.4125 0.028125 0.05234375
0 0.66875 0.2078125 0.034375 0.03828125
0 0.2671875 0.4109375 0.0265625 0.03203125
0 0.4140625 0.3890625 0.0234375 0.1203125
0 0.5984375 0.7625 0.01953125 0.0375
0 0.75234375 0.11953125 0.01953125 0.02265625
1 0.73125 0.56328125 0.1859375 0.14453125