0 0.3015625 0.13671875 0.059375 0.08203125
0 0.75546875 0.146875 0.0359375 0.065625
0 0.46953125 0.13828125 0.040625 0.053125
0 0.5578125 0.16875 0.021875 0.03984375
0 0.503125 0.3359375 0.05234375 0.134375
0 0.36875 0.5453125 0.0453125 0.07578125
0 0.4203125 0.47890625 0.08046875 0.078125
0 0.41640625 0.403125 0.1 0.0515625
0 0.2390625 0.425 0.05703125 0.0859375
0 0.55078125 0.44921875 0.08203125 0.11875
0 0.35546875 0.69375 0.04609375 0.04453125
0 0.2796875 0.9140625 0.20625 0.171875
0 0.7984375 0.90625 0.07578125 0.1078125
0 0.31796875 0.9265625 0.0421875 0.0703125
1 0.54765625 0.78828125 0.13515625 0.2375