0 0.24609375 0.91484375 0.0578125 0.1703125
0 0.31875 0.978125 0.0234375 0.04296875
0 0.38828125 0.984375 0.0265625 0.03125
0 0.59140625 0.98203125 0.021875 0.0359375
0 0.634375 0.95859375 0.01171875 0.0359375
0 0.73125 0.990625 0.01953125 0.01796875
0 0.74765625 0.93203125 0.0140625 0.02734375
0 0.56328125 0.88984375 0.0640625 0.08203125
0 0.74609375 0.81484375 0.0734375 0.0703125
0 0.37578125 0.71484375 0.03046875 0.046875
0 0.4765625 0.70234375 0.0296875 0.0703125
0 0.3609375 0.853125 0.0234375 0.04765625
0 0.43046875 0.95 0.01015625 0.02890625
0 0.5171875 0.62109375 0.04609375 0.12421875
0 0.57421875 0.63515625 0.0203125 0.1453125
0 0.61875 0.5046875 0.07890625 0.0703125
0 0.54375 0.4328125 0.0796875 0.096875
0 0.60546875 0.4421875 0.01171875 0.025
0 0.71328125 0.4125 0.02421875 0.04375
0 0.76328125 0.4484375 0.01796875 0.05078125
0 0.73828125 0.5421875 0.021875 0.06484375
0 0.6921875 0.50703125 0.015625 0.0421875
0 0.7 0.73359375 0.03203125 0.05625
0 0.62265625 0.18046875 0.05546875 0.0828125
0 0.74375 0.128125 0.0265625 0.05234375
0 0.234375 0.04921875 0.03671875 0.0984375
0 0.3609375 0.14140625 0.0296875 0.04765625
0 0.24609375 0.303125 0.05234375 0.071875
0 0.23125 0.6109375 0.02578125 0.04921875
0 0.6265625 0.85 0.01328125 0.0265625
0 0.690625 0.6015625 0.00703125 0.02421875
0 0.7046875 0.61171875 0.0109375 0.03046875
0 0.6859375 0.68671875 0.00625 0.025
0 0.71953125 0.6734375 0.00859375 0.03203125
0 0.61796875 0.75546875 0.01796875 0.02421875
0 0.6515625 0.8 0.01015625 0.021875
0 0.76796875 0.89375 0.01328125 0.02578125
0 0.509375 0.71796875 0.01328125 0.021875
0 0.659375 0.8859375 0.0109375 0.03046875
0 0.421875 0.72734375 0.0109375 0.02734375
1 0.30703125 0.4265625 0.1625 0.16953125