0 0.5421875 0.57734375 0.0546875 0.1484375
0 0.384375 0.2796875 0.0359375 0.05546875
0 0.390625 0.46171875 0.0375 0.05234375
0 0.43359375 0.5296875 0.06640625 0.08125
0 0.6828125 0.7171875 0.04453125 0.10078125
0 0.71328125 0.934375 0.02734375 0.05703125
0 0.28515625 0.609375 0.03515625 0.0890625
0 0.3296875 0.9359375 0.04140625 0.11875
0 0.375 0.85546875 0.025 0.059375
0 0.47734375 0.91953125 0.03046875 0.03828125
0 0.55 0.875 0.02109375 0.0390625
0 0.5296875 0.96953125 0.02421875 0.02734375
0 0.7046875 0.25078125 0.0234375 0.059375
0 0.75625 0.02734375 0.05390625 0.05390625
0 0.30546875 0.725 0.01328125 0.0359375
0 0.26328125 0.94296875 0.01640625 0.03046875
0 0.4984375 0.8453125 0.0109375 0.05390625
0 0.49765625 0.71640625 0.04765625 0.16015625
0 0.42734375 0.628125 0.08046875 0.06171875
0 0.26953125 0.04921875 0.10078125 0.0984375
0 0.440625 0.0234375 0.03046875 0.04375
0 0.678125 0.353125 0.01875 0.04453125
0 0.23046875 0.665625 0.025 0.053125
0 0.234375 0.18046875 0.02109375 0.04609375
0 0.3046875 0.246875 0.0265625 0.0609375
3 0.54453125 0.16640625 0.09765625 0.30859375
0 0.61328125 0.0515625 0.03515625 0.09609375
