0 0.42734375 0.36875 0.02421875 0.1453125
0 0.48125 0.38125 0.0640625 0.13046875
0 0.45859375 0.58828125 0.08515625 0.1390625
0 0.384375 0.49921875 0.08984375 0.084375
0 0.37421875 0.14609375 0.01875 0.0328125
0 0.44375 0.11171875 0.05546875 0.0625
1 0.68984375 0.5890625 0.175 0.184375
0 0.8546875 0.190625 0.265625 0.38125
0 0.7859375 0.22578125 0.02578125 0.0484375
0 0.9609375 0.2421875 0.0515625 0.1140625
0 0.625 0.28984375 0.02734375 0.0515625
0 0.52265625 0.29765625 0.03671875 0.0859375
0 0.25 0.19296875 0.0640625 0.065625
0 0.06953125 0.68828125 0.0359375 0.08828125
0 0.10859375 0.6625 0.04140625 0.06484375
0 0.2859375 0.58671875 0.021875 0.04375
0 0.234375 0.55 0.01796875 0.03515625
0 0.265625 0.46171875 0.021875 0.0578125
0 0.053125 0.1171875 0.021875 0.0390625
0 0.009375 0.30390625 0.015625 0.0328125
0 0.1046875 0.51640625 0.0171875 0.03671875
0 0.128125 0.55078125 0.02734375 0.03203125
0 0.07890625 0.08828125 0.03046875 0.06015625
0 0.37890625 0.82890625 0.059375 0.0828125
0 0.25625 0.87421875 0.0296875 0.0578125
0 0.0125 0.9578125 0.02421875 0.08125
0 0.02421875 0.86484375 0.04453125 0.04375
0 0.775 0.953125 0.05 0.090625
0 0.971875 0.69453125 0.0328125 0.05078125
0 0.8765625 0.48046875 0.03671875 0.07578125
0 0.07890625 0.2984375 0.04921875 0.08203125
0 0.08046875 0.97734375 0.025 0.02890625
0 0.64375 0.8609375 0.03046875 0.04453125
0 0.08984375 0.17578125 0.021875 0.03125
0 0.3015625 0.27421875 0.03203125 0.04375
0 0.19609375 0.10703125 0.02109375 0.0421875
0 0.23515625 0.10546875 0.01640625 0.025
0 0.25078125 0.075 0.0203125 0.028125
0 0.84453125 0.83671875 0.02421875 0.0578125
0 0.6078125 0.021875 0.0203125 0.03515625
0 0.68203125 0.02421875 0.021875 0.03125