3 0.46015625 0.14765625 0.1140625 0.2671875
0 0.246875 0.040625 0.084375 0.08046875
0 0.7328125 0.0640625 0.09609375 0.128125
0 0.6125 0.2671875 0.0421875 0.0796875
0 0.61484375 0.43671875 0.046875 0.08125
0 0.5671875 0.53671875 0.0640625 0.09140625
0 0.45078125 0.56796875 0.0765625 0.11484375
0 0.3125 0.69765625 0.06015625 0.11171875
0 0.50234375 0.7125 0.04609375 0.14140625
0 0.57109375 0.63828125 0.0984375 0.05859375
0 0.71875 0.6046875 0.04921875 0.09296875
0 0.6734375 0.9453125 0.040625 0.109375
0 0.5265625 0.9234375 0.0296875 0.0359375
0 0.44765625 0.8765625 0.0234375 0.0625
0 0.290625 0.934375 0.0390625 0.07109375
