0 0.859375 0.19375 0.28125 0.37734375
0 0.48125 0.378125 0.06484375 0.13125
0 0.459375 0.5890625 0.08671875 0.1328125
0 0.3859375 0.49765625 0.090625 0.08828125
1 0.69296875 0.59140625 0.17890625 0.18515625
0 0.4265625 0.375 0.0265625 0.13828125
0 0.3765625 0.15 0.0234375 0.034375
0 0.415625 0.1296875 0.0140625 0.0265625
0 0.41328125 0.084375 0.0140625 0.02578125
0 0.446875 0.109375 0.05078125 0.06171875
0 0.5234375 0.3 0.0328125 0.071875
0 0.625 0.28203125 0.0328125 0.05625
0 0.78828125 0.221875 0.0296875 0.05
0 0.9609375 0.23828125 0.046875 0.10078125
0 0.76953125 0.3859375 0.03203125 0.0421875
0 0.8765625 0.47890625 0.0359375 0.07265625
0 0.2546875 0.1921875 0.07890625 0.06171875
0 0.16875 0.1203125 0.02265625 0.04140625
0 0.1984375 0.10234375 0.02578125 0.0453125
0 0.23359375 0.10703125 0.015625 0.02578125
0 0.253125 0.0671875 0.0265625 0.03359375
0 0.26484375 0.45625 0.02421875 0.06640625
0 0.290625 0.58515625 0.02578125 0.0515625
0 0.12890625 0.54921875 0.0375 0.0390625
0 0.10546875 0.50859375 0.03125 0.03984375
0 0.03203125 0.73671875 0.02109375 0.040625
0 0.0671875 0.6859375 0.03828125 0.0859375
0 0.11015625 0.66015625 0.04453125 0.0703125
0 0.18984375 0.56328125 0.021875 0.02734375
0 0.23828125 0.55 0.0234375 0.04375
0 0.303125 0.2734375 0.0296875 0.0421875
0 0.05703125 0.18984375 0.02109375 0.04609375
0 0.0546875 0.1171875 0.02734375 0.04765625
0 0.0828125 0.0875 0.03046875 0.0640625
0 0.0109375 0.29453125 0.021875 0.06015625
0 0.08203125 0.296875 0.04765625 0.08046875
0 0.09140625 0.178125 0.02578125 0.03828125
0 0.3703125 0.04296875 0.0203125 0.03359375
0 0.175 0.26875 0.02421875 0.03671875
0 0.1734375 0.6984375 0.02109375 0.03203125
0 0.209375 0.80546875 0.021875 0.034375
0 0.0109375 0.953125 0.021875 0.08828125
0 0.08203125 0.97421875 0.0296875 0.03515625
0 0.025 0.86484375 0.03984375 0.0390625
0 0.2578125 0.871875 0.03125 0.05703125
0 0.3796875 0.82734375 0.053125 0.0828125
0 0.77734375 0.95390625 0.05390625 0.0828125
0 0.9734375 0.6921875 0.03046875 0.04609375
0 0.9375 0.41171875 0.04140625 0.0609375
0 0.8484375 0.8375 0.025 0.05625
0 0.64296875 0.86015625 0.034375 0.053125
0 0.31015625 0.49453125 0.02265625 0.028125
0 0.6140625 0.0140625 0.03515625 0.028125
0 0.68203125 0.021875 0.02734375 0.0390625
0 0.40625 0.0171875 0.025 0.034375
0 0.10859375 0.978125 0.0265625 0.03515625
0 0.121875 0.91640625 0.02421875 0.034375
0 0.05625 0.06875 0.025 0.0421875
0 0.15703125 0.9859375 0.02109375 0.02734375