0 0.43046875 0.37265625 0.02578125 0.140625
0 0.48125 0.38515625 0.06328125 0.13203125
0 0.38515625 0.49921875 0.09140625 0.08125
0 0.46015625 0.58828125 0.0859375 0.134375
1 0.69453125 0.571875 0.15703125 0.1578125
0 0.290625 0.5921875 0.025 0.034375
0 0.1296875 0.55 0.0296875 0.0296875
0 0.00546875 0.7890625 0.0109375 0.05859375
0 0.0328125 0.734375 0.01640625 0.03359375
0 0.07109375 0.68828125 0.03046875 0.08359375
0 0.1109375 0.66328125 0.040625 0.0625
0 0.009375 0.95625 0.01875 0.078125
0 0.0265625 0.86875 0.040625 0.0390625
0 0.259375 0.87421875 0.02734375 0.05
0 0.37890625 0.825 0.05625 0.08671875
0 0.18984375 0.56328125 0.01484375 0.021875
0 0.2375 0.55078125 0.01640625 0.03515625
0 0.10703125 0.51875 0.02109375 0.034375
0 0.20859375 0.8109375 0.015625 0.028125
0 0.0828125 0.9796875 0.01953125 0.028125
0 0.25703125 0.1921875 0.07421875 0.06171875
0 0.07890625 0.3015625 0.05078125 0.08828125
0 0.0109375 0.30390625 0.021875 0.03359375
0 0.05546875 0.11796875 0.02265625 0.040625
0 0.0828125 0.09140625 0.03046875 0.06015625
0 0.05859375 0.08515625 0.01015625 0.0203125
0 0.05703125 0.0609375 0.0140625 0.025
0 0.05546875 0.19375 0.0125 0.034375
0 0.0921875 0.1734375 0.0171875 0.03125
0 0.26328125 0.4609375 0.02421875 0.05625
0 0.44765625 0.11171875 0.053125 0.06640625
0 0.37578125 0.14921875 0.01640625 0.02109375
0 0.4125 0.0859375 0.01484375 0.021875
0 0.1703125 0.11796875 0.0203125 0.03125
0 0.19765625 0.10546875 0.0171875 0.0375
0 0.23359375 0.10703125 0.01484375 0.015625
0 0.2546875 0.07421875 0.015625 0.0234375
0 0.36953125 0.0453125 0.01484375 0.02421875
0 0.40703125 0.01875 0.02265625 0.03671875
0 0.30625 0.49609375 0.02109375 0.02734375
0 0.30234375 0.275 0.028125 0.04296875
0 0.5234375 0.30390625 0.03046875 0.07265625
0 0.62734375 0.2890625 0.025 0.05
0 0.86328125 0.19453125 0.271875 0.3890625
0 0.78671875 0.2265625 0.0265625 0.0421875
0 0.76953125 0.3875 0.02734375 0.04453125
0 0.87734375 0.48125 0.0375 0.06953125
0 0.93828125 0.415625 0.03828125 0.059375
0 0.96171875 0.24453125 0.04609375 0.10390625
0 0.97265625 0.69765625 0.03046875 0.04375
0 0.7765625 0.95390625 0.05 0.0921875
0 0.64296875 0.86015625 0.03125 0.04453125
0 0.84453125 0.84140625 0.02109375 0.05703125
0 0.6828125 0.0203125 0.01640625 0.03046875
0 0.57109375 0.053125 0.01640625 0.01875
0 0.6078125 0.0171875 0.015625 0.02734375
0 0.6234375 0.009375 0.01328125 0.01796875
0 0.384375 0.2484375 0.0171875 0.02734375
0 0.15546875 0.3296875 0.01796875 0.0203125
0 0.17109375 0.2703125 0.0171875 0.01875
0 0.1734375 0.69765625 0.01796875 0.02421875
0 0.11328125 0.9796875 0.0140625 0.02734375
0 0.15625 0.98984375 0.021875 0.0203125
0 0.64375 0.15 0.0234375 0.04296875
0 0.10234375 0.40625 0.01875 0.02578125
0 0.1390625 0.00859375 0.01640625 0.01640625
0 0.05234375 0.83125 0.015625 0.02265625
0 0.06171875 0.80078125 0.01640625 0.0203125
0 0.12421875 0.921875 0.01796875 0.028125
0 0.0078125 0.6 0.01171875 0.03046875