3 0.69140625 0.4359375 0.16171875 0.17265625
0 0.77578125 0.046875 0.04921875 0.09296875
0 0.971875 0.309375 0.03515625 0.05390625
0 0.0796875 0.91015625 0.02265625 0.09765625
0 0.05703125 0.9046875 0.028125 0.0984375
0 0.13828125 0.98828125 0.02734375 0.0234375
0 0.4046875 0.9765625 0.0265625 0.046875
0 0.3671875 0.9546875 0.01640625 0.02734375
0 0.68359375 0.98125 0.0234375 0.0375
0 0.61640625 0.98203125 0.0359375 0.0359375
0 0.5703125 0.95 0.01484375 0.034375
0 0.0078125 0.05390625 0.015625 0.0984375
0 0.021875 0.13203125 0.04375 0.0421875
0 0.10859375 0.34765625 0.03671875 0.0828125
0 0.06796875 0.3203125 0.03046875 0.10859375
0 0.25546875 0.1265625 0.03515625 0.0609375
0 0.38046875 0.18125 0.05859375 0.0953125
0 0.378125 0.5078125 0.0765625 0.07421875
0 0.4578125 0.428125 0.08046875 0.09296875
0 0.484375 0.61640625 0.04609375 0.12578125
0 0.42734375 0.6328125 0.01875 0.1375
0 0.30234375 0.60625 0.0265625 0.04453125
0 0.26171875 0.54296875 0.0265625 0.0609375
0 0.52109375 0.703125 0.0265625 0.0765625
0 0.4359375 0.89453125 0.06875 0.078125
0 0.85078125 0.8046875 0.25078125 0.390625
0 0.95625 0.76015625 0.04375 0.121875
0 0.78984375 0.77578125 0.03359375 0.0578125
0 0.62734375 0.7125 0.0296875 0.05390625
0 0.76953125 0.6125 0.025 0.0515625
0 0.87734375 0.52109375 0.03046875 0.071875
0 0.93515625 0.5875 0.0328125 0.06015625
0 0.2875 0.4109375 0.02265625 0.04375
0 0.23515625 0.45390625 0.01953125 0.0453125
0 0.184375 0.45703125 0.01328125 0.05625
0 0.12890625 0.44765625 0.03125 0.0359375
0 0.109375 0.48046875 0.02734375 0.04140625
0 0.07578125 0.70546875 0.053125 0.0953125
0 0.01171875 0.6953125 0.0234375 0.05
0 0.25390625 0.80859375 0.065625 0.0671875
0 0.296875 0.73671875 0.03203125 0.059375
0 0.30546875 0.50546875 0.02109375 0.04765625
0 0.3703125 0.8484375 0.02109375 0.0359375
0 0.25234375 0.92265625 0.0203125 0.03671875
0 0.19453125 0.89609375 0.01875 0.04765625
0 0.1671875 0.884375 0.0171875 0.03671875
0 0.08984375 0.8265625 0.015625 0.03203125
0 0.05546875 0.80625 0.01171875 0.0375
0 0.03828125 0.81328125 0.0171875 0.0390625
0 0.640625 0.13984375 0.03515625 0.05078125
0 0.8453125 0.159375 0.01953125 0.053125
0 0.11015625 0.021875 0.0125 0.03984375
0 0.0765625 0.02578125 0.02421875 0.03515625
0 0.15546875 0.03203125 0.03046875 0.0640625
0 0.20390625 0.20234375 0.02109375 0.04609375
0 0.6390625 0.85234375 0.02734375 0.04375
0 0.17265625 0.30859375 0.0125 0.0453125
0 0.11171875 0.23046875 0.01484375 0.02265625
0 0.03046875 0.2640625 0.00859375 0.05234375
0 0.753125 0.30078125 0.05 0.07578125
0 0.01015625 0.28828125 0.0203125 0.0359375
