0 0.3171875 0.28828125 0.05 0.10859375
0 0.2875 0.06796875 0.0296875 0.05625
0 0.55546875 0.1546875 0.0203125 0.053125
0 0.50234375 0.15390625 0.01640625 0.0375
0 0.45078125 0.1265625 0.03203125 0.05390625
0 0.5203125 0.07578125 0.04140625 0.04765625
0 0.6703125 0.06328125 0.04453125 0.1140625
0 0.7359375 0.06015625 0.0203125 0.04765625
0 0.7203125 0.39296875 0.04375 0.11484375
0 0.77109375 0.3359375 0.0265625 0.04453125
0 0.7578125 0.2671875 0.02109375 0.040625
0 0.74140625 0.9421875 0.0890625 0.115625
0 0.5640625 0.97890625 0.0375 0.0421875
0 0.38125 0.9453125 0.05703125 0.109375
0 0.2421875 0.9703125 0.05234375 0.059375
0 0.29609375 0.75625 0.0234375 0.075
0 0.6234375 0.72421875 0.0328125 0.0625
0 0.61171875 0.54453125 0.0375 0.06875
0 0.5625 0.47578125 0.07578125 0.0859375
0 0.46015625 0.42578125 0.06328125 0.1359375
0 0.50234375 0.29453125 0.0421875 0.14765625
0 0.57421875 0.36875 0.084375 0.034375
0 0.6265625 0.15 0.03671875 0.05234375
0 0.46875 0.03515625 0.01328125 0.040625
0 0.775 0.70078125 0.02421875 0.059375
0 0.76875 0.8234375 0.0203125 0.04609375
0 0.696875 0.753125 0.03515625 0.053125
0 0.6609375 0.98984375 0.0125 0.0203125
0 0.69609375 0.275 0.02265625 0.03359375
0 0.63984375 0.29453125 0.02109375 0.03671875
0 0.71640625 0.21640625 0.01484375 0.02734375
0 0.66796875 0.2296875 0.009375 0.02578125
0 0.753125 0.17734375 0.009375 0.04140625
1 0.45859375 0.84921875 0.09609375 0.3015625
0 0.59140625 0.11796875 0.01796875 0.02578125