0 0.57265625 0.3703125 0.02109375 0.1453125
0 0.51796875 0.384375 0.0625 0.13125
0 0.140625 0.19453125 0.28125 0.3890625
0 0.61484375 0.49921875 0.09140625 0.08125
0 0.540625 0.590625 0.08515625 0.13125
3 0.3046875 0.59140625 0.17421875 0.18125
0 0.74296875 0.19140625 0.07421875 0.065625
0 0.734375 0.4578125 0.025 0.06640625
0 0.71015625 0.58984375 0.02734375 0.06015625
0 0.9671875 0.73125 0.0203125 0.0421875
0 0.928125 0.684375 0.0328125 0.09375
0 0.890625 0.6625 0.04453125 0.06640625
0 0.89140625 0.51328125 0.02109375 0.0375
0 0.86953125 0.5453125 0.0296875 0.04296875
0 0.81328125 0.56015625 0.01953125 0.02890625
0 0.7640625 0.54921875 0.021875 0.04609375
0 0.91875 0.3046875 0.0515625 0.07265625
0 0.9890625 0.2984375 0.021875 0.053125
0 0.37421875 0.2890625 0.03359375 0.05078125
0 0.475 0.3 0.02890625 0.075
0 0.6234375 0.14921875 0.0203125 0.03125
0 0.553125 0.11171875 0.05234375 0.0640625
0 0.5875 0.084375 0.01484375 0.0296875
0 0.9421875 0.19375 0.01953125 0.04140625
0 0.91171875 0.17578125 0.02109375 0.0375
0 0.8296875 0.11796875 0.0203125 0.0296875
0 0.80234375 0.10703125 0.01640625 0.034375
0 0.7671875 0.1078125 0.0203125 0.025
0 0.746875 0.07421875 0.01640625 0.0328125
0 0.94453125 0.11953125 0.02109375 0.04765625
0 0.91640625 0.0921875 0.03125 0.0640625
0 0.94140625 0.07109375 0.01796875 0.04609375
0 0.6953125 0.275 0.028125 0.0375
0 0.21171875 0.228125 0.0265625 0.04296875
0 0.0375 0.24296875 0.0515625 0.1046875
0 0.22890625 0.3921875 0.03046875 0.05
0 0.12109375 0.48046875 0.0375 0.07109375
0 0.02734375 0.69453125 0.0328125 0.05546875
0 0.065625 0.41796875 0.04609375 0.05390625
0 0.15546875 0.84375 0.028125 0.05234375
0 0.22421875 0.953125 0.05703125 0.09296875
0 0.35546875 0.86328125 0.03203125 0.04375
0 0.61796875 0.825 0.05390625 0.08984375
0 0.74375 0.87734375 0.03125 0.0484375
0 0.41484375 0.815625 0.01875 0.03515625
0 0.7890625 0.80703125 0.02421875 0.03359375
0 0.9875 0.95625 0.025 0.08671875
0 0.97578125 0.86484375 0.0421875 0.04296875
0 0.9203125 0.97578125 0.02734375 0.034375
0 0.69140625 0.49765625 0.02109375 0.03046875
0 0.8265625 0.6984375 0.02109375 0.03125
0 0.63125 0.046875 0.0203125 0.0296875
0 0.3859375 0.01484375 0.0296875 0.0296875
0 0.31640625 0.021875 0.02578125 0.03984375
0 0.8265625 0.26640625 0.01875 0.0359375
0 0.59296875 0.01796875 0.02421875 0.0359375
0 0.35859375 0.1515625 0.03203125 0.0453125
0 0.8890625 0.9796875 0.0203125 0.03359375
0 0.84375 0.9859375 0.01953125 0.02734375
0 0.87734375 0.91640625 0.0203125 0.03515625
