3 0.7 0.42109375 0.1984375 0.19765625
0 0.77265625 0.04296875 0.08359375 0.0859375
0 0.37421875 0.1828125 0.090625 0.10078125
0 0.24375 0.134375 0.05234375 0.078125
0 0.02421875 0.13359375 0.0484375 0.0609375
0 0.11484375 0.353125 0.046875 0.10390625
0 0.065625 0.321875 0.06015625 0.08828125
0 0.42421875 0.64453125 0.04296875 0.1609375
0 0.371875 0.51328125 0.09140625 0.08046875
0 0.45390625 0.43359375 0.08515625 0.10625
0 0.51875 0.7 0.04453125 0.08828125
0 0.484375 0.61328125 0.04921875 0.11953125
0 0.62109375 0.72734375 0.0234375 0.059375
0 0.85234375 0.80859375 0.2484375 0.3828125
0 0.78203125 0.78671875 0.034375 0.03984375
0 0.96171875 0.76171875 0.0546875 0.1421875
0 0.44375 0.90546875 0.07734375 0.10625
0 0.2515625 0.80625 0.0796875 0.09765625
0 0.0703125 0.90546875 0.06484375 0.128125
0 0.26015625 0.5515625 0.028125 0.084375
0 0.28828125 0.4078125 0.01953125 0.04609375
0 0.96484375 0.296875 0.03828125 0.07890625
0 0.934375 0.58359375 0.040625 0.06875
