0 0.5203125 0.38515625 0.0625 0.13828125
0 0.54296875 0.5859375 0.08828125 0.134375
1 0.30234375 0.58828125 0.1765625 0.1921875
0 0.61875 0.5015625 0.09609375 0.08203125
0 0.1390625 0.19375 0.275 0.378125
0 0.215625 0.228125 0.02578125 0.05078125
0 0.0640625 0.4140625 0.03828125 0.0609375
0 0.1234375 0.48046875 0.03515625 0.071875
0 0.23046875 0.3921875 0.03515625 0.05390625
0 0.37421875 0.2890625 0.03046875 0.04609375
0 0.03984375 0.2421875 0.04765625 0.10703125
0 0.5765625 0.36953125 0.02890625 0.1515625
0 0.47890625 0.30234375 0.03203125 0.07734375
0 0.74609375 0.19140625 0.071875 0.065625
0 0.6953125 0.49765625 0.02421875 0.03828125
0 0.73828125 0.46015625 0.02890625 0.05859375
0 0.7125 0.5875 0.028125 0.03984375
0 0.92109375 0.30234375 0.05625 0.0921875
0 0.81171875 0.559375 0.02578125 0.04375
0 0.8734375 0.55234375 0.02890625 0.02890625
0 0.89375 0.51484375 0.028125 0.04140625
0 0.76328125 0.5484375 0.0234375 0.04453125
0 0.8265625 0.69609375 0.02421875 0.04296875
0 0.89140625 0.6625 0.04453125 0.07421875
0 0.93203125 0.68359375 0.03359375 0.0921875
0 0.7453125 0.8734375 0.028125 0.05546875
0 0.621875 0.83046875 0.0578125 0.07734375
0 0.028125 0.69453125 0.03203125 0.05546875
0 0.15546875 0.83828125 0.025 0.0578125
0 0.359375 0.86171875 0.03125 0.053125
0 0.41875 0.81015625 0.02421875 0.0375
0 0.225 0.9546875 0.05078125 0.0875
0 0.97890625 0.87109375 0.0421875 0.04296875
0 0.8453125 0.984375 0.0203125 0.03125
0 0.91953125 0.9765625 0.02890625 0.0359375
0 0.79140625 0.80390625 0.01953125 0.0390625
0 0.9890625 0.9546875 0.02109375 0.090625
0 0.971875 0.7359375 0.0171875 0.04375
0 0.8765625 0.91953125 0.02265625 0.02578125
0 0.9890625 0.30625 0.021875 0.05
0 0.92109375 0.090625 0.0265625 0.06953125
0 0.91171875 0.1734375 0.01875 0.0375
0 0.9453125 0.19296875 0.0171875 0.03984375
0 0.9484375 0.1171875 0.0234375 0.0515625
0 0.94296875 0.06953125 0.01484375 0.04765625
0 0.74765625 0.07265625 0.01953125 0.03046875
0 0.765625 0.1078125 0.0171875 0.028125
0 0.8046875 0.10625 0.01875 0.0375
0 0.8328125 0.11640625 0.01953125 0.034375
0 0.58671875 0.12578125 0.0140625 0.03203125
0 0.58828125 0.0828125 0.0171875 0.02578125
0 0.63359375 0.04296875 0.0203125 0.034375
0 0.6265625 0.1453125 0.0203125 0.0390625
0 0.55390625 0.11015625 0.05234375 0.06953125
0 0.31953125 0.02109375 0.01796875 0.0296875
0 0.43203125 0.05234375 0.02421875 0.040625
0 0.3859375 0.0171875 0.03046875 0.034375
0 0.36015625 0.1515625 0.034375 0.04765625
0 0.696875 0.2765625 0.0328125 0.053125
0 0.89765625 0.403125 0.0203125 0.03125
0 0.83046875 0.26484375 0.02109375 0.0296875
0 0.84453125 0.33125 0.02421875 0.03515625
0 0.5953125 0.01953125 0.01875 0.0390625
0 0.61484375 0.24921875 0.0203125 0.040625
0 0.99140625 0.7125 0.0171875 0.03515625
0 0.9890625 0.60234375 0.01953125 0.0328125