3 0.55234375 0.2109375 0.12578125 0.221875
0 0.803125 0.09921875 0.078125 0.08671875
0 0.2828125 0.109375 0.23828125 0.21796875
0 0.3140625 0.0703125 0.0375 0.05546875
0 0.35859375 0.3203125 0.028125 0.04765625
0 0.36640625 0.478125 0.046875 0.05703125
0 0.415625 0.61484375 0.10859375 0.04765625
0 0.4171875 0.5421875 0.09453125 0.084375
0 0.5546875 0.55078125 0.075 0.078125
0 0.74765625 0.87734375 0.02890625 0.0734375
0 0.71484375 0.6765625 0.05 0.07890625
0 0.7421875 0.28515625 0.0328125 0.065625
0 0.49453125 0.6796875 0.06640625 0.11328125
0 0.234375 0.58828125 0.0515625 0.06953125
0 0.29765625 0.88515625 0.05078125 0.10703125
0 0.4671875 0.84765625 0.02734375 0.03671875
0 0.55703125 0.82109375 0.0109375 0.03984375
