0 0.2578125 0.1296875 0.034375 0.0640625
0 0.38203125 0.17890625 0.059375 0.0953125
0 0.77578125 0.0484375 0.05078125 0.096875
0 0.8421875 0.15859375 0.0234375 0.06640625
0 0.971875 0.30546875 0.03671875 0.0625
0 0.8734375 0.51875 0.05 0.08359375
0 0.8640625 0.80546875 0.27109375 0.38828125
0 0.93984375 0.590625 0.0375 0.0765625
0 0.95859375 0.76328125 0.0515625 0.1125
0 0.7875 0.77734375 0.0296875 0.03828125
0 0.62578125 0.71484375 0.03125 0.06328125
0 0.52109375 0.69921875 0.03671875 0.071875
0 0.42890625 0.63671875 0.03125 0.153125
0 0.484375 0.61640625 0.05 0.12890625
0 0.3765625 0.5046875 0.08671875 0.0953125
0 0.45546875 0.42109375 0.0765625 0.10390625
0 0.071875 0.31953125 0.0265625 0.09765625
0 0.1125 0.3421875 0.04921875 0.06796875
0 0.025 0.13203125 0.04375 0.065625
0 0.075 0.0234375 0.0328125 0.034375
0 0.08125 0.70078125 0.0609375 0.1
0 0.01171875 0.69921875 0.0234375 0.03671875
0 0.06953125 0.9046875 0.04921875 0.10234375
0 0.196875 0.89453125 0.0125 0.053125
0 0.25078125 0.8140625 0.0640625 0.06796875
0 0.3015625 0.73515625 0.02578125 0.07265625
0 0.44140625 0.8953125 0.06484375 0.0671875
0 0.409375 0.984375 0.0265625 0.03125
0 0.36796875 0.95703125 0.015625 0.0515625
0 0.3390625 0.88828125 0.01953125 0.01953125
0 0.375 0.8640625 0.01875 0.0375
0 0.13515625 0.9921875 0.0109375 0.015625
0 0.16875 0.88125 0.0203125 0.03125
0 0.24375 0.91015625 0.03203125 0.065625
0 0.6171875 0.98515625 0.03828125 0.0296875
0 0.6828125 0.9828125 0.01875 0.034375
0 0.76796875 0.6140625 0.03515625 0.05234375
0 0.759375 0.303125 0.05546875 0.0734375
0 0.6453125 0.13671875 0.03125 0.0546875
0 0.2359375 0.440625 0.01484375 0.06015625
0 0.28828125 0.41328125 0.03515625 0.03828125
0 0.26328125 0.54140625 0.03203125 0.06640625
0 0.309375 0.51015625 0.021875 0.03515625
0 0.1140625 0.484375 0.03046875 0.03359375
0 0.12890625 0.45 0.02734375 0.02890625
0 0.0109375 0.40234375 0.021875 0.03828125
0 0.153125 0.03671875 0.0265625 0.0734375
0 0.01015625 0.0453125 0.0203125 0.08984375
0 0.090625 0.825 0.01640625 0.0375
0 0.0296875 0.81015625 0.03203125 0.0421875
0 0.05546875 0.81015625 0.01875 0.0328125
0 0.16953125 0.73515625 0.01796875 0.02890625
0 0.64296875 0.85078125 0.028125 0.0625
0 0.1515625 0.66640625 0.0203125 0.02890625
0 0.1703125 0.3 0.0171875 0.0375
0 0.209375 0.18984375 0.01484375 0.025
0 0.1125 0.234375 0.0125 0.02578125
0 0.03203125 0.26640625 0.0140625 0.0421875
0 0.0046875 0.215625 0.009375 0.04765625
3 0.69375 0.4234375 0.16015625 0.18046875
