0 0.24375 0.08046875 0.06484375 0.1609375
0 0.2328125 0.9515625 0.04375 0.096875
0 0.35859375 0.86015625 0.0390625 0.06015625
0 0.24453125 0.696875 0.0484375 0.078125
0 0.61875 0.825 0.0609375 0.084375
0 0.74375 0.87578125 0.0265625 0.06875
0 0.69375 0.49453125 0.01953125 0.04453125
0 0.73671875 0.46328125 0.03203125 0.0765625
0 0.71328125 0.5859375 0.02734375 0.0453125
0 0.76328125 0.54921875 0.0140625 0.0421875
0 0.62109375 0.4953125 0.08359375 0.0828125
0 0.54296875 0.57578125 0.08125 0.11328125
0 0.51640625 0.38125 0.05234375 0.1359375
0 0.47734375 0.3015625 0.0328125 0.075
0 0.3734375 0.2859375 0.03125 0.05546875
0 0.28984375 0.04609375 0.03359375 0.04140625
0 0.3171875 0.02421875 0.015625 0.0421875
0 0.3828125 0.01796875 0.0265625 0.03515625
0 0.596875 0.02109375 0.021875 0.0421875
0 0.63125 0.04921875 0.01171875 0.03359375
0 0.62734375 0.1546875 0.01328125 0.03671875
0 0.56171875 0.11171875 0.0671875 0.084375
0 0.74765625 0.0734375 0.021875 0.0328125
0 0.74453125 0.1953125 0.07265625 0.07578125
0 0.68359375 0.3140625 0.01953125 0.02265625
0 0.69921875 0.26796875 0.028125 0.06875
0 0.5734375 0.3671875 0.028125 0.1515625
0 0.23203125 0.39375 0.0234375 0.05234375
0 0.615625 0.25 0.01953125 0.0328125
0 0.65390625 0.1984375 0.01484375 0.02578125
0 0.67109375 0.1234375 0.03203125 0.03671875
0 0.6765625 0.0515625 0.0234375 0.028125
0 0.7625 0.03203125 0.0265625 0.0265625
0 0.76640625 0.11015625 0.015625 0.028125
0 0.359375 0.153125 0.034375 0.053125
0 0.41953125 0.8140625 0.01796875 0.034375
3 0.31015625 0.57265625 0.1734375 0.16328125
0 0.6953125 0.3953125 0.0234375 0.03671875
0 0.72109375 0.33125 0.025 0.0328125
0 0.50859375 0.28359375 0.01484375 0.0296875
0 0.428125 0.0546875 0.01640625 0.028125
