0 0.56328125 0.47734375 0.071875 0.1015625
0 0.50625 0.28984375 0.059375 0.146875
0 0.45546875 0.42890625 0.06796875 0.153125
0 0.31953125 0.29296875 0.05859375 0.1078125
0 0.671875 0.0671875 0.04375 0.125
0 0.56875 0.37890625 0.08828125 0.05234375
0 0.28984375 0.06953125 0.0296875 0.04765625
0 0.5015625 0.16015625 0.01484375 0.02421875
0 0.45078125 0.12265625 0.02421875 0.03671875
0 0.521875 0.07734375 0.03359375 0.04296875
0 0.47109375 0.028125 0.01796875 0.02734375
0 0.71796875 0.403125 0.03828125 0.08984375
0 0.7671875 0.33671875 0.015625 0.02734375
0 0.73359375 0.34140625 0.01640625 0.0234375
0 0.70703125 0.34609375 0.015625 0.01796875
0 0.6125 0.5359375 0.04140625 0.0546875
0 0.75390625 0.265625 0.0125 0.02421875
0 0.6984375 0.27578125 0.01328125 0.02265625
0 0.7390625 0.05625 0.01484375 0.025
0 0.61953125 0.721875 0.0265625 0.05078125
0 0.24375 0.971875 0.05 0.05625
0 0.7375 0.9484375 0.0875 0.103125
0 0.77734375 0.71640625 0.00859375 0.01953125
0 0.7703125 0.6890625 0.015625 0.028125
0 0.76875 0.82109375 0.021875 0.02734375
0 0.62734375 0.146875 0.02109375 0.05390625
0 0.71875 0.028125 0.009375 0.0171875
0 0.7515625 0.625 0.0171875 0.0265625
0 0.6578125 0.9921875 0.01484375 0.015625
0 0.5625 0.975 0.02578125 0.05
3 0.459375 0.846875 0.090625 0.2734375
0 0.6984375 0.75546875 0.01875 0.0390625
0 0.296875 0.75390625 0.025 0.05234375
0 0.60546875 0.16875 0.01015625 0.01875
0 0.5953125 0.11328125 0.01328125 0.02109375
0 0.640625 0.290625 0.0140625 0.025
0 0.62109375 0.48359375 0.0125 0.01953125
0 0.32265625 0.646875 0.0171875 0.015625
0 0.56015625 0.14140625 0.0109375 0.0140625
0 0.7171875 0.215625 0.01015625 0.0203125
0 0.75625 0.8765625 0.01484375 0.03125
