0 0.27734375 0.08203125 0.32109375 0.1640625
0 0.8078125 0.096875 0.07578125 0.10546875
0 0.31328125 0.07109375 0.0375 0.0390625
0 0.2375 0.5953125 0.04921875 0.11953125
0 0.35703125 0.47734375 0.06875 0.06953125
0 0.35546875 0.3296875 0.04375 0.0703125
0 0.421875 0.52265625 0.07890625 0.08671875
0 0.40625 0.6140625 0.10703125 0.03359375
0 0.54453125 0.55859375 0.065625 0.10703125
0 0.715625 0.675 0.06015625 0.1015625
0 0.49140625 0.68515625 0.06015625 0.1265625
0 0.29453125 0.8765625 0.034375 0.1
0 0.47109375 0.85703125 0.0390625 0.03671875
0 0.5640625 0.82265625 0.02578125 0.05703125
0 0.73984375 0.87890625 0.05 0.07109375
3 0.54296875 0.21953125 0.1421875 0.2859375
