0 0.2578125 0.12578125 0.025 0.04921875
0 0.3796875 0.175 0.05390625 0.0828125
0 0.64296875 0.13984375 0.02890625 0.04609375
0 0.76640625 0.04296875 0.03046875 0.0859375
1 0.69296875 0.41484375 0.153125 0.18515625
0 0.45859375 0.42890625 0.07421875 0.09140625
0 0.38125 0.50625 0.0765625 0.07578125
0 0.2640625 0.53828125 0.02265625 0.06015625
0 0.30859375 0.503125 0.01640625 0.02265625
0 0.428125 0.63125 0.021875 0.13671875
0 0.48359375 0.61875 0.0484375 0.12890625
0 0.49296875 0.71484375 0.01484375 0.01875
0 0.521875 0.696875 0.03046875 0.06796875
0 0.58046875 0.72578125 0.0140625 0.01796875
0 0.62578125 0.7125 0.02734375 0.0453125
0 0.76640625 0.6125 0.03125 0.04140625
0 0.35234375 0.98515625 0.0140625 0.01875
0 0.36875 0.953125 0.015625 0.02578125
0 0.4109375 0.91328125 0.01640625 0.02421875
0 0.446875 0.88828125 0.05234375 0.06484375
0 0.33828125 0.88203125 0.015625 0.01640625
0 0.37421875 0.84921875 0.01484375 0.02265625
0 0.25546875 0.8109375 0.071875 0.0640625
0 0.25390625 0.9265625 0.01484375 0.021875
0 0.23359375 0.890625 0.01484375 0.01796875
0 0.29453125 0.753125 0.0109375 0.01875
0 0.30234375 0.72421875 0.03203125 0.03984375
0 0.2375 0.44921875 0.01484375 0.03671875
0 0.28828125 0.41015625 0.02265625 0.03984375
0 0.584375 0.1859375 0.01875 0.03046875
0 0.778125 0.7796875 0.01015625 0.03515625
0 0.75390625 0.91484375 0.05546875 0.1328125
0 0.68359375 0.9796875 0.01875 0.03125
0 0.6078125 0.97890625 0.01484375 0.021875
0 0.621875 0.99375 0.01328125 0.0125
0 0.56953125 0.9453125 0.01640625 0.03125
0 0.4046875 0.990625 0.0109375 0.01796875
0 0.4078125 0.97265625 0.0140625 0.0171875
0 0.28203125 0.6671875 0.01640625 0.0203125
0 0.29765625 0.61015625 0.0109375 0.01953125
0 0.309375 0.5984375 0.0109375 0.01796875
0 0.34765625 0.79765625 0.0125 0.01953125
0 0.63828125 0.85703125 0.0109375 0.0140625
0 0.6484375 0.8484375 0.0109375 0.021875
0 0.7109375 0.953125 0.021875 0.02265625
0 0.38359375 0.7515625 0.0171875 0.01953125
0 0.3921875 0.43984375 0.01640625 0.0234375
0 0.6328125 0.8359375 0.0140625 0.02109375
0 0.7015625 0.9015625 0.01171875 0.01875
0 0.32109375 0.9453125 0.01484375 0.01796875
0 0.31640625 0.86875 0.01171875 0.01796875
0 0.540625 0.7796875 0.01171875 0.015625
0 0.39296875 0.81015625 0.0125 0.015625
0 0.4609375 0.81015625 0.01328125 0.015625
0 0.465625 0.70625 0.01015625 0.01640625
0 0.41484375 0.865625 0.01015625 0.025
0 0.33203125 0.48203125 0.0125 0.01796875