1 0.684375 0.4046875 0.153125 0.2015625
0 0.78046875 0.06328125 0.07421875 0.10078125
0 0.97421875 0.31171875 0.0390625 0.090625
0 0.37578125 0.18203125 0.05625 0.11328125
0 0.25625 0.13125 0.03671875 0.04453125
0 0.0171875 0.14375 0.03359375 0.05
0 0.1078125 0.33671875 0.0421875 0.0703125
0 0.06484375 0.321875 0.046875 0.0734375
0 0.371875 0.50546875 0.09296875 0.084375
0 0.459375 0.4140625 0.078125 0.078125
0 0.51640625 0.69921875 0.034375 0.096875
0 0.478125 0.61875 0.05859375 0.10625
0 0.4234375 0.63046875 0.03515625 0.11171875
0 0.246875 0.80859375 0.0640625 0.084375
0 0.06328125 0.90859375 0.0609375 0.08515625
0 0.43125 0.90625 0.05078125 0.075
0 0.85390625 0.80546875 0.2640625 0.3890625
0 0.78828125 0.76640625 0.02109375 0.0546875
0 0.95703125 0.76875 0.0734375 0.16171875
0 0.625 0.72578125 0.0515625 0.06171875
0 0.25703125 0.53515625 0.0375 0.0546875