0 0.1578125 0.2015625 0.3 0.403125
0 0.21796875 0.21640625 0.0390625 0.08046875
0 0.04375 0.2453125 0.05390625 0.128125
0 0.565625 0.09609375 0.08359375 0.1078125
0 0.7359375 0.20546875 0.0765625 0.08125
0 0.9234375 0.10625 0.07578125 0.090625
0 0.9203125 0.309375 0.06015625 0.103125
0 0.9296875 0.68671875 0.034375 0.11796875
0 0.8859375 0.6671875 0.053125 0.05625
0 0.615625 0.49765625 0.07421875 0.0921875
0 0.575 0.36796875 0.01875 0.1703125
0 0.52109375 0.3765625 0.06171875 0.14140625
0 0.5421875 0.58203125 0.06328125 0.12109375
0 0.3734375 0.29140625 0.03671875 0.0640625
0 0.47578125 0.309375 0.04765625 0.07265625
0 0.0296875 0.69296875 0.0359375 0.075
0 0.6078125 0.8265625 0.0890625 0.096875
0 0.7328125 0.8765625 0.0703125 0.05703125
0 0.97578125 0.87109375 0.0484375 0.0484375
0 0.22734375 0.9453125 0.0796875 0.109375
0 0.70859375 0.59140625 0.02109375 0.05234375
0 0.73515625 0.46328125 0.03203125 0.08359375
1 0.3109375 0.5796875 0.16171875 0.20546875