0 0.49609375 0.2859375 0.04765625 0.15078125
0 0.753125 0.97421875 0.05625 0.0515625
0 0.2609375 0.94765625 0.09609375 0.10390625
0 0.34375 0.99140625 0.02890625 0.01640625
0 0.4359375 0.9734375 0.03359375 0.053125
0 0.38046875 0.72421875 0.03046875 0.0609375
0 0.3078125 0.7515625 0.0296875 0.034375
0 0.23359375 0.83046875 0.02421875 0.03828125
0 0.2453125 0.878125 0.00859375 0.03203125
0 0.61171875 0.95546875 0.0359375 0.0890625
0 0.54140625 0.42578125 0.0578125 0.13359375
0 0.434375 0.471875 0.0703125 0.08125
0 0.38671875 0.5390625 0.04140625 0.05546875
0 0.28671875 0.396875 0.04453125 0.1125
0 0.42890625 0.371875 0.0796875 0.034375
0 0.68203125 0.28515625 0.046875 0.096875
0 0.7109375 0.06796875 0.0328125 0.04609375
0 0.44140625 0.153125 0.01875 0.04375
0 0.5 0.15859375 0.01796875 0.0421875
0 0.55 0.12734375 0.01875 0.03828125
0 0.478125 0.08203125 0.0359375 0.03984375
0 0.5296875 0.03125 0.01953125 0.040625
0 0.37109375 0.14453125 0.028125 0.0609375
0 0.328125 0.0609375 0.03828125 0.11875
0 0.26328125 0.0625 0.0140625 0.04453125
0 0.23984375 0.03671875 0.01640625 0.0421875
0 0.27890625 0.0234375 0.01171875 0.028125
0 0.228125 0.33046875 0.025 0.03984375
0 0.2421875 0.2671875 0.009375 0.03046875
0 0.303125 0.27734375 0.01015625 0.02734375
0 0.403125 0.1171875 0.0234375 0.0203125
0 0.22578125 0.70546875 0.015625 0.05
0 0.2515625 0.62421875 0.01484375 0.0375
0 0.36171875 0.3 0.02109375 0.04140625
0 0.28359375 0.22109375 0.01484375 0.021875
0 0.33203125 0.2265625 0.01328125 0.0421875
0 0.2921875 0.1765625 0.01640625 0.02890625
1 0.5421875 0.85 0.09140625 0.28515625