0 0.1578125 0.1875 0.315625 0.375
0 0.5609375 0.1125 0.05 0.0671875
0 0.2140625 0.22421875 0.0546875 0.07734375
0 0.03828125 0.21953125 0.0734375 0.08203125
0 0.06953125 0.41328125 0.06171875 0.08671875
0 0.38203125 0.290625 0.0421875 0.06640625
0 0.48046875 0.29765625 0.040625 0.1
0 0.5171875 0.384375 0.0515625 0.14375
0 0.57578125 0.3671875 0.02109375 0.1421875
0 0.74921875 0.190625 0.07578125 0.07421875
0 0.93984375 0.09375 0.06484375 0.09765625
0 0.9140625 0.30390625 0.0625 0.10234375
0 0.74140625 0.46328125 0.028125 0.07890625
0 0.625 0.49375 0.09609375 0.0890625
0 0.53671875 0.578125 0.084375 0.09921875
0 0.88671875 0.67421875 0.04453125 0.08359375
0 0.9359375 0.6859375 0.04296875 0.075
0 0.97421875 0.87109375 0.05 0.06015625
0 0.74609375 0.87890625 0.0359375 0.06015625
0 0.625 0.82265625 0.0609375 0.09375
0 0.21953125 0.95390625 0.07421875 0.0921875
0 0.0296875 0.69375 0.03671875 0.05859375
3 0.31875 0.571875 0.17421875 0.16171875
