0 0.78671875 0.24296875 0.0921875 0.0640625
0 0.184375 0.88359375 0.03828125 0.08046875
0 0.353125 0.32265625 0.0265625 0.040625
0 0.6796875 0.2515625 0.01171875 0.02734375
0 0.6484375 0.20390625 0.01796875 0.02421875
0 0.59921875 0.18984375 0.01171875 0.0328125
0 0.603125 0.1515625 0.01796875 0.01953125
0 0.559375 0.171875 0.065625 0.06796875
0 0.7140625 0.190625 0.009375 0.01875
0 0.68984375 0.1734375 0.01875 0.028125
0 0.65546875 0.11953125 0.01328125 0.03203125
0 0.61015625 0.09453125 0.01328125 0.03046875
0 0.8171875 0.16953125 0.01953125 0.02109375
0 0.7953125 0.14140625 0.0265625 0.0296875
0 0.7828125 0.46796875 0.01953125 0.05234375
0 0.75625 0.3625 0.0171875 0.0328125
0 0.73359375 0.30625 0.03203125 0.05078125
0 0.63984375 0.49296875 0.09453125 0.065625
0 0.6265625 0.55234375 0.021875 0.03359375
0 0.55234375 0.56171875 0.0921875 0.08203125
0 0.64765625 0.77578125 0.06484375 0.071875
0 0.78984375 0.815625 0.028125 0.04375
0 0.75234375 0.575 0.02890625 0.0421875
0 0.81484375 0.54453125 0.0140625 0.0421875
0 0.73203125 0.4953125 0.03125 0.03359375
0 0.63671875 0.2890625 0.01171875 0.03671875
0 0.4734375 0.334375 0.03203125 0.06640625
0 0.5234375 0.3984375 0.065625 0.1140625
0 0.28515625 0.096875 0.02109375 0.03984375
0 0.41875 0.1234375 0.009375 0.02421875
0 0.37265625 0.09453125 0.0125 0.025
0 0.35703125 0.08203125 0.0140625 0.02421875
0 0.19921875 0.1828125 0.071875 0.18515625
0 0.33203125 0.8046875 0.03515625 0.040625
0 0.19609375 0.66875 0.0578125 0.071875
0 0.18125 0.4125 0.028125 0.05234375
0 0.33125 0.2078125 0.034375 0.03828125
0 0.7328125 0.4109375 0.0265625 0.03203125
0 0.5859375 0.3890625 0.0234375 0.1203125
0 0.4015625 0.7625 0.01953125 0.0375
0 0.24765625 0.11953125 0.01953125 0.02265625
3 0.26875 0.56328125 0.1859375 0.14453125
