0 0.5765625 0.53828125 0.08125 0.08984375
0 0.509375 0.6875 0.05703125 0.13203125
0 0.28046875 0.6765625 0.05703125 0.08203125
0 0.5890625 0.615625 0.10234375 0.06015625
0 0.715625 0.08046875 0.23203125 0.1609375
0 0.68203125 0.06953125 0.0265625 0.0421875
0 0.5734375 0.09765625 0.02578125 0.0421875
0 0.6421875 0.3125 0.03046875 0.04140625
0 0.6328125 0.46796875 0.046875 0.04921875
1 0.4515625 0.20546875 0.103125 0.22265625
0 0.1953125 0.08671875 0.0609375 0.0765625
0 0.25859375 0.2875 0.02578125 0.03984375
0 0.821875 0.33828125 0.01171875 0.01953125
0 0.43984375 0.81796875 0.0234375 0.03515625
0 0.52578125 0.85546875 0.0390625 0.03671875
0 0.70546875 0.86796875 0.03828125 0.1078125
0 0.25078125 0.86640625 0.03046875 0.0375
0 0.465625 0.89609375 0.021875 0.025
0 0.7625 0.95546875 0.02421875 0.02421875
0 0.65234375 0.98984375 0.02109375 0.0203125
0 0.753125 0.990625 0.01640625 0.01875
0 0.36796875 0.98671875 0.015625 0.02578125
0 0.45 0.56796875 0.065625 0.115625
0 0.50234375 0.7859375 0.015625 0.02265625
0 0.64921875 0.8 0.025 0.04375
0 0.7828125 0.87265625 0.015625 0.02578125
0 0.80390625 0.6984375 0.01484375 0.021875
0 0.7328125 0.68984375 0.01484375 0.02890625
0 0.8171875 0.6375 0.01875 0.021875
0 0.77578125 0.628125 0.01484375 0.0234375
0 0.7453125 0.62578125 0.01640625 0.01875
0 0.75859375 0.58125 0.0453125 0.07890625
0 0.45703125 0.96796875 0.0140625 0.01953125
0 0.29140625 0.9359375 0.0140625 0.02109375
0 0.8 0.39453125 0.01328125 0.02421875
0 0.7328125 0.2890625 0.03125 0.04375
0 0.8203125 0.22734375 0.0234375 0.0265625