0 0.59921875 0.16953125 0.08828125 0.23828125
0 0.41875 0.753125 0.18984375 0.2546875
0 0.2515625 0.5734375 0.2515625 0.31015625
1 0.815625 0.6046875 0.07109375 0.07734375
4 0.55 0.6765625 0.021875 0.04609375
4 0.59296875 0.63515625 0.0296875 0.034375
1 0.68125 0.63203125 0.0671875 0.06796875
1 0.9625 0.70078125 0.0484375 0.059375
4 0.67890625 0.52890625 0.02734375 0.0546875
4 0.709375 0.50234375 0.028125 0.03671875
4 0.725 0.428125 0.02890625 0.03359375
4 0.79921875 0.46484375 0.0359375 0.040625
1 0.8328125 0.38359375 0.0671875 0.0859375
1 0.76953125 0.2921875 0.05546875 0.0875
4 0.49140625 0.44453125 0.040625 0.021875
1 0.609375 0.4265625 0.04921875 0.09296875
1 0.16015625 0.8234375 0.078125 0.06484375
1 0.18984375 0.76875 0.1203125 0.0625
1 0.27734375 0.83359375 0.084375 0.1109375
1 0.0484375 0.81015625 0.0875 0.0640625
4 0.05390625 0.65546875 0.0265625 0.04609375
4 0.46484375 0.5484375 0.04453125 0.034375
4 0.5328125 0.56015625 0.03828125 0.04765625
4 0.59140625 0.5609375 0.02734375 0.053125
4 0.49140625 0.33515625 0.03125 0.03515625
4 0.7625 0.55703125 0.0375 0.04609375
4 0.81953125 0.81875 0.0265625 0.04609375
4 0.87421875 0.56171875 0.046875 0.03828125
4 0.940625 0.6125 0.0296875 0.04375
4 0.9375 0.53359375 0.02734375 0.04609375
4 0.94375 0.3140625 0.05 0.05625
4 0.83515625 0.5046875 0.03984375 0.0234375
4 0.9171875 0.4515625 0.025 0.03984375
4 0.9484375 0.446875 0.0234375 0.05859375
4 0.54375 0.81171875 0.02890625 0.0421875
4 0.25 0.38359375 0.0328125 0.028125