0 0.2589007 0.71397263125 0.23880559375 0.7290968421875 0.234647553125 0.744221053125 0.2426573421875 0.7663157890625001 0.2734517484375 0.748393684375 0.2949328671875 0.7489157890625 0.2928545453125 0.7400484203125 0.28003496562499997 0.7384842109374999 0.27137342656249996 0.7103221046875 0.2589007 0.71397263125
0 0.5300699296875 0.62 0.5265734265625001 0.6252631578125001 0.5209790203125 0.6273684203125 0.509790209375 0.6378947375 0.5048951046875 0.6452631578125 0.509090909375 0.6578947375 0.5167832171875 0.669473684375 0.5363636359374999 0.6526315796875 0.5405594406249999 0.6463157890625 0.5447552453125 0.6463157890625 0.5475524468749999 0.650526315625 0.553146853125 0.6526315796875 0.5580419578125 0.6599999999999999 0.558741259375 0.6673684203125 0.5615384609375 0.6673684203125 0.5671328671875 0.65894736875 0.574825175 0.6578947375 0.571328671875 0.650526315625 0.5671328671875 0.648421053125 0.560139859375 0.650526315625 0.558741259375 0.648421053125 0.553146853125 0.648421053125 0.5482517484375 0.64105263125 0.54405594375 0.6263157890625 0.5433566437499999 0.608421053125 0.5321678328125 0.5957894734375 0.5300699296875 0.59894736875 0.5300699296875 0.62
0 0.5034965031249999 0.43894736874999996 0.5013986015625 0.4336842109375 0.4986013984375 0.4336842109375 0.49650349687500006 0.44315789531250005 0.49650349687500006 0.4557894734375 0.49930070000000004 0.4642105265625 0.49370629375 0.47894736875 0.51818181875 0.5157894734374999 0.5321678328125 0.5326315796875 0.534265734375 0.529473684375 0.534265734375 0.5126315796875 0.5356643359375 0.5105263156250001 0.5328671328125 0.5021052625 0.5328671328125 0.48736842031250005 0.5118881125 0.4536842109375 0.509090909375 0.4452631578125 0.5034965031249999 0.43894736874999996
0 0.50559440625 0.5136842109375 0.5 0.5136842109375 0.49370629375 0.52105263125 0.49370629375 0.5273684203125 0.5139860140625 0.5599999999999999 0.51818181875 0.5599999999999999 0.521678321875 0.5547368421875001 0.5244755249999999 0.5463157890625 0.5272727265625 0.5421052625 0.5265734265625001 0.5368421046875 0.522377621875 0.5368421046875 0.5209790203125 0.5389473687499999 0.50559440625 0.5136842109375
0 0.41258741250000003 0.4768421046875 0.415384615625 0.4852631578125 0.41888111875 0.49052631562500004 0.421678321875 0.49052631562500004 0.42937062968750006 0.4831578953125 0.42937062968750006 0.4621052625 0.427972028125 0.45789473750000004 0.4230769234375 0.4568421046875 0.41258741250000003 0.470526315625 0.41258741250000003 0.4768421046875
0 0.253846153125 0.5389473687499999 0.24405594375 0.5326315796875 0.2335664328125 0.5189473687499999 0.23146853125 0.511578946875 0.2258741265625 0.511578946875 0.21888111875 0.5178947375 0.20699300625 0.52105263125 0.20909090937500002 0.5263157890625 0.2104895109375 0.5263157890625 0.21608391562499998 0.5347368421875001 0.2230769234375 0.54105263125 0.2258741265625 0.54105263125 0.23146853125 0.5452631578125 0.2384615390625 0.5536842109375 0.2426573421875 0.5536842109375 0.24825174843750003 0.5473684203125 0.2636363640625 0.549473684375 0.2636363640625 0.5431578953125 0.2608391609375 0.5431578953125 0.2580419578125 0.5389473687499999 0.253846153125 0.5389473687499999
0 0.32237762187499996 0.530526315625 0.3195804203125 0.530526315625 0.3083916078125 0.5157894734374999 0.30559440625 0.5136842109375 0.30489510468750003 0.5147368421875 0.30489510468750003 0.5189473687499999 0.3125874125 0.530526315625 0.3209790203125 0.5389473687499999 0.325174825 0.54105263125 0.334265734375 0.5547368421875001 0.34195804218750003 0.5747368421875 0.346153846875 0.57894736875 0.3489510484375 0.57894736875 0.34965035 0.5736842109375 0.3454545453125 0.569473684375 0.3370629375 0.548421053125 0.32937062968749997 0.5368421046875 0.325174825 0.5347368421875001 0.32237762187499996 0.530526315625
0 0.3797202796875 0.5894736843749999 0.3762237765625 0.590526315625 0.3797202796875 0.6 0.38531468593749996 0.6042105265625 0.38951048906249996 0.610526315625 0.3951048953125 0.6126315796874999 0.40699300625 0.630526315625 0.40699300625 0.6326315796875 0.409790209375 0.6368421046875 0.409790209375 0.64105263125 0.41748251718749996 0.6526315796875 0.4202797203125 0.6526315796875 0.4209790203125 0.649473684375 0.415384615625 0.6431578953125 0.415384615625 0.64105263125 0.41258741250000003 0.6368421046875 0.41258741250000003 0.6326315796875 0.3993007 0.610526315625 0.38531468593749996 0.6 0.3797202796875 0.5894736843749999
0 0.1111888109375 0.7536842109374999 0.10559440625000001 0.7536842109374999 0.0916083921875 0.7473684203125 0.0832167828125 0.7494736843750001 0.0741258734375 0.7673684203125 0.0762237765625 0.7726315796875001 0.0916083921875 0.7747368421874999 0.0923076921875 0.7863157890625 0.09580419531249999 0.789473684375 0.10979020937499999 0.791578946875 0.11538461562499999 0.7957894734375001 0.12657342656249998 0.7978947375 0.1377622375 0.8042105265625 0.146153846875 0.8042105265625 0.1482517484375 0.8010526312499999 0.146853146875 0.771578946875 0.14195804218750002 0.7642105265625 0.12237762187500001 0.76 0.1111888109375 0.7536842109374999
0 0 0.6367873687500001 0.0007804203125 0.689461053125 0.0143132859375 0.7115978953125001 0.02130629375 0.717913684375 0.0324951046875 0.7326505265625001 0.0359916078125 0.7315978953125 0.0359916078125 0.7231768421875 0.037390209375 0.7210715796875 0.037390209375 0.70844 0.03459300625 0.7021242109375 0.03459300625 0.68738736875 0.0136139859375 0.6537031578125 0.0108167828125 0.6452821046875 0 0.6367873687500001
0 0.074447553125 0.6689431578125 0.074447553125 0.652101053125 0.07165035 0.6373642109375 0.07165035 0.62262736875 0.06955244687499999 0.6173642109374999 0.06815384687500001 0.6173642109374999 0.063258740625 0.62262736875 0.061860140625000004 0.6268378953125 0.063258740625 0.6289431578125 0.063258740625 0.6457852625 0.06605594375 0.6605221046875001 0.06605594375 0.6710484203125 0.0674545453125 0.673153684375 0.06885314687500001 0.70262736875 0.0702517484375 0.70473263125 0.0702517484375 0.7215747375 0.07165035 0.7278905265625 0.075146853125 0.7331536843750001 0.07864335624999999 0.7299957890625 0.0800419578125 0.7257852625 0.07864335624999999 0.694206315625 0.0772447546875 0.692101053125 0.07584615312500001 0.6710484203125 0.074447553125 0.6689431578125
0 0.043678321874999995 0.732621053125 0.043678321874999995 0.7410421046875 0.047174825 0.7442 0.05276923125000001 0.7442 0.056965034375 0.7484105265625 0.06255944062499999 0.7484105265625 0.0646573421875 0.74525263125 0.0646573421875 0.7389368421875 0.0590629375 0.732621053125 0.0576643359375 0.7242 0.054167832812500004 0.7210421046875 0.049972028125 0.7210421046875 0.043678321874999995 0.732621053125
0 0.0510489515625 0.8484210531249999 0.044755245312500004 0.8326315796875001 0.04335664375 0.811578946875 0.0328671328125 0.7978947375 0.030069929687500004 0.7978947375 0.027972028125 0.8031578953125 0.0293706296875 0.8073684203125 0.0293706296875 0.8221052625 0.00559440625 0.8452631578125 0.00559440625 0.8536842109375 0.0132867140625 0.869473684375 0.018881118750000002 0.869473684375 0.041258740625 0.8484210531249999 0.053846153125 0.85894736875 0.057342657812499996 0.8642105265625 0.0580419578125 0.869473684375 0.060839160937500004 0.869473684375 0.0678321671875 0.8631578953125001 0.0734265734375 0.8631578953125001 0.07552447500000001 0.8578947375 0.0734265734375 0.8547368421874999 0.0678321671875 0.850526315625 0.053846153125 0.850526315625 0.0510489515625 0.8484210531249999
0 0.24545454531250002 0.9199999999999999 0.2426573421875 0.9221052625 0.234265734375 0.9221052625 0.22447552499999998 0.9368421046875 0.21538461562500003 0.9400000000000001 0.222377621875 0.96105263125 0.2293706296875 0.969473684375 0.2293706296875 0.9863157890625001 0.23146853125 0.9894736843749999 0.2363636359375 0.9842105265625 0.2377622375 0.9800000000000001 0.2377622375 0.9673684203124999 0.240559440625 0.96105263125 0.25034965 0.9484210531249999 0.253846153125 0.9389473687500001 0.25524475468749996 0.9389473687500001 0.260139859375 0.931578946875 0.260139859375 0.9273684203125001 0.2573426578125 0.92105263125 0.25104895156249996 0.911578946875 0.24965035000000002 0.911578946875 0.24545454531250002 0.9199999999999999
0 0.1936867140625 0.8526421046875001 0.1922881125 0.85685263125 0.1943860140625 0.8621157890625 0.1971832171875 0.8642210531250001 0.20137902031250002 0.8579052624999999 0.20767272656250002 0.85685263125 0.20767272656250002 0.8421157890625001 0.20557482500000002 0.8389578953125 0.20417622343750003 0.8410631578125001 0.20137902031250002 0.8410631578125001 0.1936867140625 0.8526421046875001
0 0.29370629375 0.71894736875 0.29370629375 0.7252631578125001 0.2951048953125 0.729473684375 0.297202796875 0.7326315796875 0.30559440625 0.7326315796875 0.309090909375 0.7273684203124999 0.309090909375 0.71894736875 0.3076923078125 0.7147368421875 0.3041958046875 0.709473684375 0.297202796875 0.711578946875 0.29370629375 0.71894736875
0 0.174825175 0.78 0.1769230765625 0.7831578953125 0.1825174828125 0.7831578953125 0.184615384375 0.78 0.184615384375 0.7736842109375 0.18111888125 0.768421053125 0.1769230765625 0.770526315625 0.174825175 0.7736842109375 0.174825175 0.78
0 0.371328671875 0.8947368421874999 0.3629370625 0.8968421046874999 0.3615384609375 0.89894736875 0.35734265781249996 0.89894736875 0.352447553125 0.9042105265625 0.353846153125 0.9063157890625 0.353846153125 0.9105263156250001 0.3552447546875 0.9126315796875 0.3552447546875 0.9168421046875 0.35664335625 0.9189473687499999 0.3580419578125 0.9273684203125001 0.360139859375 0.930526315625 0.365734265625 0.930526315625 0.3671328671875 0.928421053125 0.375524475 0.9263157890624999 0.3769230765625 0.9242105265625 0.38531468593749996 0.9221052625 0.38741258749999996 0.9189473687499999 0.38741258749999996 0.9147368421875001 0.384615384375 0.9084210531249999 0.384615384375 0.9042105265625 0.3797202796875 0.8926315796875001 0.3727272734375 0.8926315796875001 0.371328671875 0.8947368421874999
0 0.39440559375 0.9 0.3964489515625 0.9111115796875 0.3988741265625 0.9210189468750001 0.40129929999999997 0.939273684375 0.41188811249999996 0.9621052625000001 0.4139860140625 0.95894736875 0.41958042031250004 0.9231578953125 0.41958042031250004 0.9147368421875001 0.41818181875000004 0.9105263156250001 0.41608391562499997 0.9073684203125 0.40349650312499996 0.89894736875 0.39440559375 0.9
0 0.341258740625 0.82 0.341258740625 0.828421053125 0.34335664375 0.8315789468749999 0.346153846875 0.8315789468749999 0.3615384609375 0.8252631578124999 0.3636363640625 0.8221052625 0.3629370625 0.8126315796875 0.353146853125 0.8126315796875 0.3447552453125 0.8168421046875001 0.341258740625 0.82
0 0.365034965625 0.7926315796875001 0.365034965625 0.79894736875 0.36853146875 0.8063157890625 0.37412587343750003 0.8063157890625 0.3804195796875 0.79894736875 0.377622378125 0.788421053125 0.375524475 0.7852631578125 0.371328671875 0.7852631578125 0.365034965625 0.7926315796875001
0 0.24753286718749998 0.8310568421875001 0.251728671875 0.8310568421875001 0.25522517499999997 0.825793684375 0.2566237765625 0.8215831578125 0.255924475 0.8078989468750001 0.2510293703125 0.8089515796875 0.2468335671875 0.8236884203124999 0.24753286718749998 0.8310568421875001
0 0.5762237765625 0.56105263125 0.5762237765625 0.5673684203125 0.578321678125 0.570526315625 0.5951048953125 0.5852631578125 0.641258740625 0.6021052625000001 0.6468531468750001 0.6021052625000001 0.6489510484375 0.59894736875 0.647552446875 0.569473684375 0.6384615390625 0.5599999999999999 0.5881118875 0.5431578953125 0.5762237765625 0.56105263125
0 0.7321678328125001 0.309473684375 0.7265734265625 0.309473684375 0.71818181875 0.3157894734375 0.7111888109375 0.3157894734375 0.70629370625 0.31894736875 0.722377621875 0.3368421046875 0.73076923125 0.34105263125 0.7377622374999999 0.34947368437500004 0.7447552453124999 0.34947368437500004 0.747552446875 0.3452631578125 0.758741259375 0.3452631578125 0.760139859375 0.3473684203125 0.7629370625 0.3473684203125 0.7650349656250001 0.3442105265625 0.7608391609375 0.33999999999999997 0.760139859375 0.3368421046875 0.747552446875 0.3326315796875 0.734265734375 0.3147368421875 0.7321678328125001 0.309473684375
0 0.5678321671875 0.2473684203125 0.565734265625 0.2442105265625 0.5615384609375 0.2442105265625 0.560139859375 0.24210526250000003 0.553146853125 0.24210526250000003 0.5517482515625 0.2442105265625 0.5391608390625 0.2442105265625 0.5363636359374999 0.24631578906249998 0.534265734375 0.249473684375 0.534265734375 0.2642105265625 0.5370629375 0.2663157890625 0.5370629375 0.2852631578125 0.5405594406249999 0.2863157890625 0.5426573421875001 0.27894736875000004 0.5475524468749999 0.271578946875 0.5643356640625 0.271578946875 0.5664335671875 0.2747368421875 0.5664335671875 0.2831578953125 0.565034965625 0.2852631578125 0.5671328671875 0.288421053125 0.56923076875 0.2852631578125 0.5706293703124999 0.27263157968749996 0.574825175 0.26 0.5734265734374999 0.2557894734375 0.571328671875 0.2547368421875 0.5678321671875 0.249473684375 0.5678321671875 0.2473684203125
0 0.47902097968749996 0.3957894734375 0.471328671875 0.4052631578125 0.4671328671875 0.4178947375 0.4671328671875 0.42210526249999997 0.465734265625 0.42421052656249997 0.465734265625 0.4347368421875 0.4671328671875 0.43684210468750007 0.4671328671875 0.44105263125 0.46923076874999997 0.4442105265625 0.47342657343749994 0.4421052625 0.48111888125 0.430526315625 0.483916084375 0.42210526249999997 0.4867132859375 0.4178947375 0.48951048906250005 0.409473684375 0.48951048906250005 0.4052631578125 0.49090909062500004 0.4031578953125 0.49090909062500004 0.3947368421875 0.4888111890625 0.391578946875 0.4860139859375 0.391578946875 0.48461538437499996 0.3936842109375 0.47902097968749996 0.3957894734375
0 0.3993007 0.43578947343749996 0.38601398593749997 0.4452631578125 0.384615384375 0.4536842109375 0.38601398593749997 0.4557894734375 0.38601398593749997 0.45999999999999996 0.3888111890625 0.468421053125 0.3923076921875 0.4736842109375 0.39650349687499997 0.4736842109375 0.4 0.468421053125 0.4 0.4642105265625 0.4013986015625 0.4621052625 0.4013986015625 0.4536842109375 0.40349650312499996 0.450526315625 0.4076923078125 0.44842105312499997 0.41118881093750004 0.44315789531250005 0.409790209375 0.44105263125 0.409790209375 0.43684210468750007 0.40629370624999994 0.429473684375 0.40349650312499996 0.429473684375 0.3993007 0.43578947343749996
0 0.3678321671875 0.4136842109375 0.3699300703125 0.42105263125 0.375524475 0.42315789531250003 0.3797202796875 0.41684210468750005 0.3867132859375 0.41684210468750005 0.390209790625 0.411578946875 0.3916083921875 0.4073684203125 0.3916083921875 0.39894736875 0.3888111890625 0.390526315625 0.38111888125000004 0.389473684375 0.3706293703125 0.4052631578125 0.3678321671875 0.4136842109375
0 0.21888111875 0.3473684203125 0.21678321718750002 0.350526315625 0.21538461562500003 0.35894736875 0.21678321718750002 0.3631578953125 0.2230769234375 0.3726315796875 0.2272727265625 0.3726315796875 0.23076923124999998 0.3673684203125 0.2335664328125 0.3568421046875 0.2363636359375 0.35263157968750003 0.2363636359375 0.3463157890625 0.234265734375 0.34315789531249996 0.228671328125 0.34315789531249996 0.22447552499999998 0.3473684203125 0.21888111875 0.3473684203125
0 0.8678321671875 0.6926315796875 0.8636363640625 0.6926315796875 0.8622377625000001 0.6947368421875 0.853846153125 0.6968421046875 0.853146853125 0.7063157890625 0.85594405625 0.7126315796875 0.85594405625 0.7168421046875 0.8573426578125 0.71894736875 0.8587412593750001 0.7273684203124999 0.8608391609374999 0.7305263156249999 0.8622377625000001 0.7305263156249999 0.8636363640625 0.728421053125 0.874825175 0.7263157890625 0.8804195796875 0.7221052625 0.8832167828124999 0.7221052625 0.8846153843750001 0.72 0.8874125875000001 0.72 0.8895104890625 0.7168421046875 0.8895104890625 0.7147368421875 0.8867132859375 0.708421053125 0.8853146859375001 0.6978947375 0.8818181812500001 0.688421053125 0.8734265734375001 0.688421053125 0.8678321671875 0.6926315796875
0 0.9013986015625 0.6947368421875 0.897202796875 0.6947368421875 0.8951048953124999 0.6978947375 0.8951048953124999 0.708421053125 0.8993007000000001 0.72105263125 0.9006993 0.7378947375 0.9048951046875 0.7463157890625001 0.9048951046875 0.748421053125 0.9111888109375 0.7578947375 0.9146853140625 0.7568421046875 0.916083915625 0.748421053125 0.9174825171875 0.7463157890625001 0.9174825171875 0.731578946875 0.9188811187500001 0.729473684375 0.9188811187500001 0.72105263125 0.9202797203124999 0.71894736875 0.9202797203124999 0.710526315625 0.9188811187500001 0.7063157890625 0.9097902093749999 0.6989473687500001 0.902797203125 0.6968421046875 0.9013986015625 0.6947368421875
0 0.8510489515625 0.610526315625 0.8454545453125 0.6147368421875 0.8426573421875 0.6147368421875 0.840559440625 0.62 0.8419580421875 0.6284210531250001 0.8482517484375001 0.629473684375 0.853846153125 0.6252631578125001 0.8622377625000001 0.6231578953125 0.865734265625 0.6178947375 0.865734265625 0.6136842109375 0.8622377625000001 0.608421053125 0.8594405593750001 0.608421053125 0.8580419578124999 0.610526315625 0.8510489515625 0.610526315625
0 0.8720279718749999 0.5831578953125 0.8692307687499999 0.5831578953125 0.865734265625 0.588421053125 0.865734265625 0.5968421046875 0.8706293703125001 0.6042105265625 0.877622378125 0.6021052625000001 0.8797202796875 0.59894736875 0.8797202796875 0.5947368421875 0.8811188812499999 0.5926315796875 0.878321678125 0.5842105265625 0.8762237765625001 0.5810526312500001 0.8734265734375001 0.5810526312500001 0.8720279718749999 0.5831578953125
0 0.71818181875 0.5242105265625 0.7146853140625 0.529473684375 0.7146853140625 0.5357894734374999 0.7202797203125 0.5442105265625 0.7174825171875 0.548421053125 0.7174825171875 0.55894736875 0.7195804203125 0.5642105265625 0.73076923125 0.5642105265625 0.734265734375 0.55894736875 0.734265734375 0.5568421046875 0.728671328125 0.548421053125 0.7272727265625 0.5442105265625 0.7300699296875 0.54 0.7300699296875 0.5357894734374999 0.7272727265625 0.5273684203125 0.7237762234375 0.5242105265625 0.71818181875 0.5242105265625
0 0.7482517484375 0.6136842109375 0.7454545453125 0.62 0.7454545453125 0.6263157890625 0.747552446875 0.629473684375 0.75034965 0.629473684375 0.7552447546875001 0.62 0.7552447546875001 0.611578946875 0.75664335625 0.6094736843749999 0.7545454546875 0.6063157890624999 0.7517482515625 0.6042105265625 0.7482517484375 0.6094736843749999 0.7482517484375 0.6136842109375
0 0.69370629375 0.6473684203125 0.6923076921875 0.6515789468750001 0.69300699375 0.66105263125 0.697202796875 0.6631578953124999 0.7013986015625 0.65894736875 0.70559440625 0.65894736875 0.709090909375 0.6536842109375 0.709090909375 0.64105263125 0.7076923078124999 0.6368421046875 0.702797203125 0.6357894734375 0.7 0.6378947375 0.69370629375 0.6473684203125
0 0.9818181812500001 0.6326315796875 0.9818181812500001 0.6473684203125 0.9839160843749999 0.650526315625 0.990909090625 0.6463157890625 0.9930069937500001 0.64105263125 0.9930069937500001 0.6368421046875 0.9916083921875 0.6347368421875 0.9916083921875 0.6263157890625 0.9867132859375 0.6252631578125001 0.9832167828125 0.6284210531250001 0.9818181812500001 0.6326315796875
0 0.9377622375 0.8631578953125001 0.934965034375 0.8631578953125001 0.9328671328125001 0.8663157890625 0.9328671328125001 0.8726315796874999 0.9419580421875 0.8800000000000001 0.9517482515625 0.8821052625 0.953146853125 0.8842105265625 0.9699300703124999 0.8842105265625 0.9706293703125001 0.8789473687499999 0.9629370625 0.8673684203124999 0.9545454546875 0.86105263125 0.94335664375 0.85894736875 0.9377622375 0.8631578953125001
0 0.8916209796875 0.9563305265625001 0.8895230765625 0.9615936843749999 0.8930195796874999 0.9668568421874999 0.902809790625 0.9647515796875 0.9049076921875001 0.9615936843749999 0.9049076921875001 0.9573831578125 0.902809790625 0.9542252625 0.8958167828124999 0.9542252625 0.89441818125 0.9563305265625001 0.8916209796875 0.9563305265625001
0 0.559440559375 0.42000000000000004 0.5608391609375001 0.43894736874999996 0.5622377625 0.44105263125 0.5622377625 0.4536842109375 0.5636363640625001 0.4557894734375 0.5636363640625001 0.468421053125 0.565034965625 0.470526315625 0.565034965625 0.48105263125000003 0.5664335671875 0.4831578953125 0.5678321671875 0.5189473687499999 0.571328671875 0.528421053125 0.575524475 0.528421053125 0.577622378125 0.52105263125 0.577622378125 0.5042105265625 0.5762237765625 0.5021052625 0.5762237765625 0.491578946875 0.574825175 0.48947368437499994 0.574825175 0.47894736875 0.572027971875 0.468421053125 0.5706293703124999 0.4347368421875 0.5671328671875 0.41894736874999994 0.5629370625 0.41684210468750005 0.559440559375 0.42000000000000004
0 0.684615384375 0.38736842031249996 0.6818181812499999 0.3831578953125 0.6776223781249999 0.38105263125 0.675524475 0.3842105265625 0.6818181812499999 0.3957894734375 0.6874125875 0.4 0.69300699375 0.408421053125 0.6986013984375 0.410526315625 0.7006992999999999 0.4073684203125 0.6993007 0.4031578953125 0.697202796875 0.4021052625 0.6888111890624999 0.389473684375 0.684615384375 0.38736842031249996
0 0.9 0.4063157890625 0.8888111890625 0.39789473750000004 0.8818181812500001 0.38736842031249996 0.8769230765625 0.3863157890625 0.8769230765625 0.3926315796875 0.8874125875000001 0.4063157890625 0.89440559375 0.410526315625 0.9076923078125001 0.430526315625 0.9104895109375001 0.44105263125 0.915384615625 0.44842105312499997 0.9181818187499999 0.450526315625 0.922377621875 0.450526315625 0.9230769234375 0.449473684375 0.9216783218750001 0.4452631578125 0.916083915625 0.43684210468750007 0.9104895109375001 0.42210526249999997 0.9 0.4063157890625
0 0.8853146859375001 0.24315789531249998 0.8853146859375001 0.25368421093750004 0.8867132859375 0.2557894734375 0.8867132859375 0.26 0.89300699375 0.271578946875 0.8958041953125001 0.271578946875 0.9006993 0.2642105265625 0.9020979015625 0.26 0.9020979015625 0.249473684375 0.9041958046874999 0.24631578906249998 0.9069930062499999 0.24631578906249998 0.9118881125 0.24105263125 0.9118881125 0.2368421046875 0.9090909093749999 0.230526315625 0.9090909093749999 0.2263157890625 0.90559440625 0.2252631578125 0.9013986015625 0.23157894687499997 0.8853146859375001 0.24315789531249998
0 0.9118881125 0.27263157968749996 0.9146853140625 0.28105263125 0.9181818187499999 0.2863157890625 0.9237762234375 0.2863157890625 0.925174825 0.2842105265625 0.927972028125 0.2842105265625 0.93146853125 0.27894736875000004 0.93146853125 0.25789473749999997 0.927972028125 0.2526315796875 0.925174825 0.2526315796875 0.9118881125 0.26842105312500003 0.9118881125 0.27263157968749996
0 0.916083915625 0.230526315625 0.9181818187499999 0.23578947343749998 0.9237762234375 0.23578947343749998 0.9258741265625 0.23263157968749998 0.9258741265625 0.2263157890625 0.9230769234375 0.2221052625 0.9216783218750001 0.21578947343750002 0.9195804203125 0.2147368421875 0.916083915625 0.22000000000000003 0.916083915625 0.230526315625
0 0.072027971875 0.330526315625 0.049650349999999996 0.34315789531249996 0.044755245312500004 0.350526315625 0.044755245312500004 0.35894736875 0.04335664375 0.36105263125 0.04335664375 0.38842105312499997 0.044755245312500004 0.390526315625 0.044755245312500004 0.39684210468750003 0.06363636406249999 0.410526315625 0.065734265625 0.4073684203125 0.06433566406249999 0.4052631578125 0.06433566406249999 0.3673684203125 0.06993007031250001 0.35263157968750003 0.0734265734375 0.3473684203125 0.08041957968749999 0.34315789531249996 0.090209790625 0.34315789531249996 0.090909090625 0.3421052625 0.0881118875 0.33999999999999997 0.0874125875 0.3368421046875 0.08041957968749999 0.3347368421875 0.077622378125 0.330526315625 0.072027971875 0.330526315625
0 0.0622377625 0.4463157890625 0.048251748437500006 0.4463157890625 0.046853146875 0.44842105312499997 0.0356643359375 0.44842105312499997 0.033566432812500005 0.45157894687500005 0.033566432812500005 0.4621052625 0.0363636359375 0.470526315625 0.0363636359375 0.48736842031250005 0.0384615390625 0.49052631562500004 0.039860140625 0.49052631562500004 0.0419580421875 0.4852631578125 0.0419580421875 0.48105263125000003 0.048251748437500006 0.4736842109375 0.0622377625 0.4736842109375 0.065734265625 0.47894736875 0.0664335671875 0.49052631562500004 0.06853146875 0.48736842031250005 0.071328671875 0.470526315625 0.0741258734375 0.46631578906250004 0.0734265734375 0.45894736875 0.06923076875 0.4568421046875 0.065034965625 0.44842105312499997 0.0622377625 0.4463157890625
0 0.140559440625 0.54105263125 0.1377622375 0.5452631578125 0.1335664328125 0.5473684203125 0.1272727265625 0.5568421046875 0.12587412656250002 0.5652631578125 0.1272727265625 0.5673684203125 0.1272727265625 0.571578946875 0.1321678328125 0.5810526312500001 0.1335664328125 0.5810526312500001 0.1356643359375 0.5842105265625 0.1363636359375 0.5873684203125 0.140559440625 0.5873684203125 0.153846153125 0.569473684375 0.152447553125 0.55894736875 0.153846153125 0.5568421046875 0.153846153125 0.548421053125 0.15524475468750001 0.5463157890625 0.1545454546875 0.5389473687499999 0.1447552453125 0.5389473687499999 0.14335664374999998 0.54105263125 0.140559440625 0.54105263125
0 0.6258741265625 0.8484210531249999 0.6195804203125 0.84105263125 0.6195804203125 0.830526315625 0.6209790203125001 0.8263157890624999 0.61888111875 0.8231578953125 0.60629370625 0.8231578953125 0.6 0.8178947375 0.5979020984375001 0.810526315625 0.5951048953125 0.810526315625 0.590209790625 0.8178947375 0.590209790625 0.8263157890624999 0.59300699375 0.8368421046875 0.59300699375 0.8431578953125 0.59440559375 0.8452631578125 0.59440559375 0.851578946875 0.5979020984375001 0.8568421046875001 0.6006992999999999 0.8568421046875001 0.60629370625 0.86105263125 0.6146853140624999 0.869473684375 0.61888111875 0.869473684375 0.6230769234375 0.8631578953125001 0.624475525 0.8631578953125001 0.6377622374999999 0.8452631578125 0.6391608390625 0.84105263125 0.6384615390625 0.8400000000000001 0.6356643359375 0.8400000000000001 0.6328671328125 0.8442105265625001 0.6258741265625 0.8484210531249999
0 0.16923076875 0.21368421093749998 0.16923076875 0.2178947375 0.17972027968749998 0.229473684375 0.1825174828125 0.229473684375 0.184615384375 0.2263157890625 0.184615384375 0.2221052625 0.18181818125 0.21368421093749998 0.178321678125 0.210526315625 0.171328671875 0.210526315625 0.16923076875 0.21368421093749998
0 0.2321678328125 0.48947368437499994 0.2321678328125 0.49368421093750003 0.234265734375 0.4968421046875 0.2426573421875 0.4968421046875 0.24825174843750003 0.50105263125 0.253846153125 0.50105263125 0.25594405625 0.49789473749999996 0.25594405625 0.49368421093750003 0.2426573421875 0.4736842109375 0.239860140625 0.47157894687499996 0.2377622375 0.4726315796875 0.2321678328125 0.48947368437499994
0 0.3649202796875 0.8605221046875 0.3608321671875 0.8547557890625 0.35803496562500003 0.8505452625000001 0.3545384609375 0.8515978953125 0.3552377625 0.86949263125 0.36502797187499997 0.8715978953124999 0.370622378125 0.8779136843750001 0.3734195796875 0.8779136843750001 0.37411888125 0.8642294734375 0.3720209796875 0.8610715796875 0.3691147671875 0.8610576609375 0.3649202796875 0.8605221046875
0 0.9678321671875001 0.8052631578125 0.9692307687499999 0.8094736843750001 0.9699300703124999 0.82105263125 0.972027971875 0.82 0.972027971875 0.8094736843750001 0.974825175 0.8052631578125 0.977622378125 0.7947368421875 0.9818181812500001 0.7863157890625 0.9818181812500001 0.7842105265625 0.9797202796875 0.78105263125 0.9762237765625 0.7842105265625 0.972027971875 0.7968421046875 0.9678321671875001 0.8052631578125
0 0.9412587406249999 0.7631578953125 0.9412587406249999 0.771578946875 0.94335664375 0.7768421046875 0.9461538468749999 0.7768421046875 0.9482517484375 0.7736842109375 0.9468531468749999 0.7694736843750001 0.9468531468749999 0.7568421046875 0.94335664375 0.7557894734375 0.9426573421875 0.76105263125 0.9412587406249999 0.7631578953125
0 0.8629370625 0.7968421046875 0.865034965625 0.8 0.8692307687499999 0.8 0.8692307687499999 0.791578946875 0.8664335671875 0.789473684375 0.8636363640625 0.791578946875 0.8629370625 0.7968421046875
0 0.140625 0.390625 0.0125 0.01875
0 0.16953125 0.42109375 0.01015625 0.0125
0 0.15234375 0.4703125 0.009375 0.01796875
0 0.1265625 0.41328125 0.0125 0.01796875
0 0.1359375 0.4453125 0.0125 0.01953125
0 0.11875 0.49921875 0.01328125 0.0171875
0 0.1046875 0.534375 0.009375 0.01953125
0 0.1109375 0.5796875 0.0140625 0.0140625
0 0.17265625 0.52265625 0.01796875 0.01796875
0 0.17265625 0.4828125 0.009375 0.01328125
0 0.2375 0.434375 0.0234375 0.02265625
0 0.21875 0.38671875 0.009375 0.015625
0 0.05625 0.2484375 0.0078125 0.01640625
0 0.075 0.23984375 0.01015625 0.01328125
0 0.11484375 0.23515625 0.01015625 0.01640625
0 0.03515625 0.3375 0.01640625 0.01484375
0 0.09453125 0.39296875 0.02265625 0.03984375
0 0.0828125 0.446875 0.0109375 0.02265625
0 0.0046875 0.34765625 0.009375 0.0140625
0 0.0078125 0.60625 0.0125 0.01640625
0 0.0375 0.53203125 0.01171875 0.01484375
0 0.059375 0.546875 0.009375 0.015625
0 0.0328125 0.6109375 0.00703125 0.01328125
0 0.04609375 0.65078125 0.0078125 0.0171875
0 0.18984375 0.59296875 0.02578125 0.03984375
0 0.20234375 0.51875 0.01015625 0.0265625
0 0.3140625 0.471875 0.0125 0.01328125
0 0.29765625 0.4859375 0.01171875 0.01953125
0 0.28671875 0.465625 0.0109375 0.01796875
0 0.38984375 0.5203125 0.01171875 0.01640625
0 0.42265625 0.53203125 0.01015625 0.02421875
0 0.421875 0.434375 0.01484375 0.02734375
0 0.61796875 0.29375 0.0125 0.015625
0 0.58828125 0.1875 0.009375 0.03359375
0 0.62421875 0.21328125 0.0125 0.01796875
0 0.65078125 0.2671875 0.01015625 0.01328125
0 0.70546875 0.43671875 0.0109375 0.02734375
0 0.67578125 0.43046875 0.00859375 0.0140625
0 0.66484375 0.4515625 0.0078125 0.01484375
0 0.690625 0.48828125 0.01171875 0.01171875
0 0.6796875 0.49609375 0.00625 0.015625
0 0.81015625 0.271875 0.0125 0.01640625
0 0.78515625 0.2671875 0.015625 0.0203125
0 0.7953125 0.28515625 0.00859375 0.01875
0 0.73828125 0.234375 0.021875 0.01796875
0 0.75078125 0.2625 0.0109375 0.015625
0 0.8484375 0.171875 0.0125 0.015625
0 0.8203125 0.1625 0.01484375 0.01328125
0 0.8890625 0.3140625 0.01015625 0.02265625
0 0.91875 0.33125 0.01328125 0.02578125
0 0.9578125 0.3390625 0.0109375 0.01328125
0 0.96640625 0.41875 0.025 0.0296875
0 0.95546875 0.203125 0.0078125 0.01484375
0 0.8125 0.3921875 0.0109375 0.01796875
0 0.840625 0.334375 0.0078125 0.01953125
0 0.82734375 0.44375 0.0078125 0.015625
0 0.43046875 0.80859375 0.0140625 0.03828125
0 0.42109375 0.82890625 0.0109375 0.0203125
0 0.40625 0.8140625 0.009375 0.01484375
0 0.48359375 0.8421875 0.01484375 0.02890625
0 0.465625 0.94375 0.01484375 0.02734375
0 0.44375 0.9703125 0.01015625 0.02109375
0 0.47265625 0.89765625 0.0078125 0.0140625
0 0.465625 0.85703125 0.00625 0.01328125
0 0.30078125 0.80078125 0.009375 0.0140625
0 0.275 0.79921875 0.009375 0.01484375
0 0.29609375 0.83046875 0.01171875 0.01796875
0 0.0875 0.66875 0.01796875 0.01484375
0 0.103125 0.69765625 0.0125 0.01328125
0 0.1359375 0.69921875 0.015625 0.021875
0 0.153125 0.73125 0.009375 0.01484375
0 0.1609375 0.7984375 0.00859375 0.02109375
0 0.10234375 0.82578125 0.01328125 0.0140625
0 0.19140625 0.77890625 0.009375 0.01171875
0 0.30859375 0.62734375 0.009375 0.02109375
0 0.28046875 0.63515625 0.0125 0.01171875
0 0.240625 0.671875 0.00859375 0.01328125
0 0.25234375 0.56875 0.00625 0.01328125
0 0.25546875 0.52421875 0.009375 0.01640625
0 0.3125 0.59140625 0.00703125 0.01328125
0 0.28203125 0.5640625 0.00703125 0.01171875
0 0.40078125 0.590625 0.01015625 0.01015625
0 0.3421875 0.53359375 0.00859375 0.01015625
0 0.3640625 0.5125 0.0125 0.01484375
0 0.61171875 0.375 0.015625 0.01328125
0 0.63984375 0.37890625 0.009375 0.01640625
0 0.70078125 0.31484375 0.01171875 0.0234375
0 0.671875 0.28125 0.01015625 0.01171875
0 0.5578125 0.3390625 0.00625 0.01328125
0 0.53515625 0.32734375 0.00859375 0.01015625
0 0.79296875 0.628125 0.00859375 0.01796875
0 0.78046875 0.62734375 0.00625 0.0125
0 0.77109375 0.6484375 0.00546875 0.01328125
0 0.7640625 0.684375 0.00703125 0.0125
0 0.7765625 0.6921875 0.0078125 0.01171875
0 0.75703125 0.728125 0.00703125 0.01640625
0 0.76953125 0.7453125 0.00859375 0.00859375
0 0.73359375 0.70859375 0.00703125 0.01171875
0 0.70390625 0.7484375 0.01015625 0.01015625
0 0.58125 0.24296875 0.009375 0.01875
0 0.61484375 0.16328125 0.015625 0.02265625
0 0.640625 0.18203125 0.01171875 0.01484375
0 0.66953125 0.2171875 0.00859375 0.01796875
0 0.809375 0.734375 0.009375 0.01171875
0 0.890625 0.7703125 0.00703125 0.01171875
0 0.9140625 0.8171875 0.009375 0.0140625
0 0.890625 0.81875 0.00703125 0.0125
0 0.92265625 0.84375 0.01171875 0.0109375
0 0.88203125 0.86328125 0.00703125 0.00859375
0 0.9625 0.92109375 0.01015625 0.01484375
0 0.95703125 0.93984375 0.0078125 0.0140625
0 0.9671875 0.94140625 0.00703125 0.009375
0 0.9625 0.96328125 0.01015625 0.015625
0 0.82421875 0.96875 0.00703125 0.01328125
0 0.83203125 0.9390625 0.00546875 0.0125
0 0.8546875 0.9140625 0.00859375 0.009375
0 0.93671875 0.9109375 0.00703125 0.0109375
0 0.9921875 0.86875 0.00703125 0.01171875
0 0.98046875 0.89453125 0.00625 0.01171875
0 0.965625 0.6578125 0.00703125 0.01015625
0 0.9734375 0.6921875 0.00546875 0.01171875
0 0.93359375 0.6171875 0.0078125 0.01796875
0 0.903125 0.6109375 0.00625 0.01015625
0 0.87734375 0.4984375 0.01015625 0.01640625
0 0.6921875 0.38125 0.0109375 0.02109375
0 0.6421875 0.33828125 0.0109375 0.01953125
0 0.684375 0.575 0.01640625 0.01640625
0 0.6578125 0.59296875 0.0078125 0.0203125
0 0.5984375 0.625 0.0109375 0.0125
0 0.62265625 0.46484375 0.01328125 0.01640625
0 0.6515625 0.52734375 0.00546875 0.01015625
0 0.66796875 0.5328125 0.00703125 0.01328125
0 0.50703125 0.40234375 0.00625 0.01328125
0 0.53203125 0.409375 0.00625 0.0109375
0 0.54453125 0.446875 0.0078125 0.01328125
0 0.3828125 0.18046875 0.01171875 0.01171875
0 0.3953125 0.19140625 0.01171875 0.0171875
0 0.434375 0.21796875 0.00703125 0.015625
0 0.38984375 0.2234375 0.009375 0.01328125
0 0.328125 0.19375 0.015625 0.02578125
0 0.32109375 0.171875 0.009375 0.01171875
0 0.1875 0.16953125 0.00859375 0.01484375
0 0.2171875 0.19296875 0.0125 0.0109375
0 0.24609375 0.26640625 0.01171875 0.01875
0 0.1953125 0.27109375 0.00625 0.015625
0 0.1203125 0.36171875 0.00625 0.0125
0 0.2984375 0.2125 0.0109375 0.01640625
0 0.30859375 0.25234375 0.00703125 0.015625
0 0.3015625 0.2734375 0.00625 0.01171875
0 0.36640625 0.29609375 0.025 0.02890625
0 0.3328125 0.8578125 0.00859375 0.01015625
0 0.390625 0.9734375 0.00703125 0.01328125
0 0.3109375 0.93828125 0.0125 0.0109375
0 0.2765625 0.89140625 0.00625 0.00625
0 0.26953125 0.94453125 0.009375 0.01171875
0 0.79765625 0.5984375 0.009375 0.009375
0 0.77421875 0.59921875 0.009375 0.0109375
0 0.73359375 0.51875 0.00703125 0.0140625
0 0.728125 0.5078125 0.00703125 0.00859375
0 0.7390625 0.4671875 0.00390625 0.0125
0 0.77890625 0.4328125 0.009375 0.01015625
0 0.7671875 0.50859375 0.00703125 0.01015625
0 0.790625 0.4859375 0.01015625 0.00703125
0 0.81953125 0.55390625 0.009375 0.02109375
0 0.83515625 0.55703125 0.0078125 0.01171875
0 0.9234375 0.5015625 0.0109375 0.01328125
0 0.93203125 0.5875 0.00625 0.01328125
0 0.75078125 0.36875 0.009375 0.009375
0 0.73828125 0.38125 0.00625 0.00859375
0 0.63515625 0.2421875 0.00703125 0.0125
0 0.71796875 0.184375 0.00703125 0.01171875
0 0.50859375 0.171875 0.00703125 0.01015625
0 0.42578125 0.19609375 0.009375 0.00859375
0 0.459375 0.20078125 0.00703125 0.01015625
0 0.49375 0.1609375 0.0109375 0.0109375
0 0.6015625 0.2015625 0.00859375 0.01171875
0 0.42578125 0.2484375 0.0046875 0.0078125
0 0.30390625 0.30546875 0.00703125 0.009375
0 0.34921875 0.37890625 0.01171875 0.02109375
0 0.421875 0.39453125 0.00625 0.01015625
0 0.45859375 0.3515625 0.01328125 0.0125
1 0.7797202796875 0.8231578953125 0.7825174828125 0.8357894734375 0.839860140625 0.8357894734375 0.846153846875 0.82 0.7797202796875 0.82105263125 0.7734265734375 0.7821052625 0.753146853125 0.768421053125 0.7370629375 0.7863157890625 0.73076923125 0.81894736875 0.665734265625 0.82 0.6706293703124999 0.8357894734375 0.7335664328125 0.8357894734375 0.741258740625 0.8663157890625 0.7293706296875 0.8631578953125001 0.7230769234375 0.8915789468750001 0.7363636359375 0.8926315796875001 0.734265734375 0.8789473687499999 0.740559440625 0.8757894734375 0.7552447546875001 0.9042105265625 0.7552447546875001 0.92105263125 0.7748251749999999 0.870526315625 0.7720279718749999 0.8536842109375 0.7797202796875 0.8231578953125