0 0.7573426578125 0.7663157890625001 0.7653524468749999 0.744221053125 0.76119440625 0.7290968421875 0.7410993 0.71397263125 0.7286265734375 0.7103221046875 0.719965034375 0.7384842109374999 0.7071454546875 0.7400484203125 0.7050671328125 0.7489157890625 0.7265482515625 0.748393684375 0.7573426578125 0.7663157890625001
0 0.44195804218749996 0.6599999999999999 0.446853146875 0.6526315796875 0.452447553125 0.650526315625 0.45524475468750003 0.6463157890625 0.45944055937500006 0.6463157890625 0.46363636406250003 0.6526315796875 0.48321678281249997 0.669473684375 0.49090909062500004 0.6578947375 0.4951048953125 0.6452631578125 0.490209790625 0.6378947375 0.47902097968749996 0.6273684203125 0.47342657343749994 0.6252631578125001 0.4699300703125 0.62 0.4699300703125 0.59894736875 0.4678321671875 0.5957894734375 0.45664335625 0.608421053125 0.45594405625 0.6263157890625 0.4517482515625 0.64105263125 0.446853146875 0.648421053125 0.44125874062500003 0.648421053125 0.439860140625 0.650526315625 0.4328671328125 0.648421053125 0.428671328125 0.650526315625 0.42517482500000003 0.6578947375 0.4328671328125 0.65894736875 0.4384615390625 0.6673684203125 0.44125874062500003 0.6673684203125 0.44195804218749996 0.6599999999999999
0 0.4986013984375 0.4336842109375 0.49650349687500006 0.43894736874999996 0.49090909062500004 0.4452631578125 0.4881118875 0.4536842109375 0.4671328671875 0.48736842031250005 0.4671328671875 0.5021052625 0.4643356640625 0.5105263156250001 0.465734265625 0.5126315796875 0.465734265625 0.529473684375 0.4678321671875 0.5326315796875 0.48181818125 0.5157894734374999 0.5062937062499999 0.47894736875 0.5006993 0.4642105265625 0.5034965031249999 0.4557894734375 0.5034965031249999 0.44315789531250005 0.5013986015625 0.4336842109375 0.4986013984375 0.4336842109375
0 0.47342657343749994 0.5368421046875 0.4727272734375 0.5421052625 0.475524475 0.5463157890625 0.47832167812500004 0.5547368421875001 0.48181818125 0.5599999999999999 0.4860139859375 0.5599999999999999 0.5062937062499999 0.5273684203125 0.5062937062499999 0.52105263125 0.5 0.5136842109375 0.49440559375 0.5136842109375 0.47902097968749996 0.5389473687499999 0.47762237812499997 0.5368421046875 0.47342657343749994 0.5368421046875
0 0.578321678125 0.49052631562500004 0.58111888125 0.49052631562500004 0.5846153843749999 0.4852631578125 0.5874125875 0.4768421046875 0.5874125875 0.470526315625 0.5769230765625 0.4568421046875 0.572027971875 0.45789473750000004 0.5706293703124999 0.4621052625 0.5706293703124999 0.4831578953125 0.578321678125 0.49052631562500004
0 0.7811188812500001 0.5178947375 0.7741258734375001 0.511578946875 0.76853146875 0.511578946875 0.7664335671875 0.5189473687499999 0.7559440562499999 0.5326315796875 0.746153846875 0.5389473687499999 0.7419580421874999 0.5389473687499999 0.7391608390625 0.5431578953125 0.7363636359375 0.5431578953125 0.7363636359375 0.549473684375 0.7517482515625 0.5473684203125 0.7573426578125 0.5536842109375 0.7615384609375 0.5536842109375 0.76853146875 0.5452631578125 0.7741258734375001 0.54105263125 0.7769230765625 0.54105263125 0.783916084375 0.5347368421875001 0.7895104890625 0.5263157890625 0.790909090625 0.5263157890625 0.7930069937499999 0.52105263125 0.7811188812500001 0.5178947375
0 0.69440559375 0.5136842109375 0.6916083921875 0.5157894734374999 0.6804195796875 0.530526315625 0.6776223781249999 0.530526315625 0.6748251749999999 0.5347368421875001 0.6706293703124999 0.5368421046875 0.6629370625 0.548421053125 0.6545454546875 0.569473684375 0.65034965 0.5736842109375 0.6510489515625 0.57894736875 0.653846153125 0.57894736875 0.6580419578125001 0.5747368421875 0.665734265625 0.5547368421875001 0.6748251749999999 0.54105263125 0.6790209796875 0.5389473687499999 0.6874125875 0.530526315625 0.6951048953125001 0.5189473687499999 0.6951048953125001 0.5147368421875 0.69440559375 0.5136842109375
0 0.6104895109374999 0.610526315625 0.6146853140624999 0.6042105265625 0.6202797203125 0.6 0.6237762234375 0.590526315625 0.6202797203125 0.5894736843749999 0.6146853140624999 0.6 0.6006992999999999 0.610526315625 0.5874125875 0.6326315796875 0.5874125875 0.6368421046875 0.5846153843749999 0.64105263125 0.5846153843749999 0.6431578953125 0.5790209796875 0.649473684375 0.5797202796875001 0.6526315796875 0.5825174828125 0.6526315796875 0.590209790625 0.64105263125 0.590209790625 0.6368421046875 0.59300699375 0.6326315796875 0.59300699375 0.630526315625 0.6048951046875 0.6126315796874999 0.6104895109374999 0.610526315625
0 0.9167832171875 0.7494736843750001 0.9083916078125001 0.7473684203125 0.89440559375 0.7536842109374999 0.8888111890625 0.7536842109374999 0.877622378125 0.76 0.8580419578124999 0.7642105265625 0.853146853125 0.771578946875 0.8517482515625 0.8010526312499999 0.853846153125 0.8042105265625 0.8622377625000001 0.8042105265625 0.8734265734375001 0.7978947375 0.8846153843750001 0.7957894734375001 0.890209790625 0.791578946875 0.9041958046874999 0.789473684375 0.9076923078125001 0.7863157890625 0.9083916078125001 0.7747368421874999 0.9237762234375 0.7726315796875001 0.9258741265625 0.7673684203125 0.9167832171875 0.7494736843750001
0 0.9863860140625 0.6537031578125 0.9654069937499999 0.68738736875 0.9654069937499999 0.7021242109375 0.962609790625 0.70844 0.962609790625 0.7210715796875 0.9640083921875 0.7231768421875 0.9640083921875 0.7315978953125 0.9675048953125 0.7326505265625001 0.97869370625 0.717913684375 0.9856867140625001 0.7115978953125001 0.9992195796875001 0.689461053125 1 0.6367873687500001 0.9891832171875 0.6452821046875 0.9863860140625 0.6537031578125
0 0.936741259375 0.6289431578125 0.9381398593749999 0.6268378953125 0.936741259375 0.62262736875 0.931846153125 0.6173642109374999 0.930447553125 0.6173642109374999 0.92834965 0.62262736875 0.92834965 0.6373642109375 0.925552446875 0.652101053125 0.925552446875 0.6689431578125 0.9241538468750001 0.6710484203125 0.9227552453125 0.692101053125 0.92135664375 0.694206315625 0.9199580421875 0.7257852625 0.92135664375 0.7299957890625 0.9248531468750001 0.7331536843750001 0.92834965 0.7278905265625 0.9297482515625 0.7215747375 0.9297482515625 0.70473263125 0.931146853125 0.70262736875 0.9325454546874999 0.673153684375 0.93394405625 0.6710484203125 0.93394405625 0.6605221046875001 0.936741259375 0.6457852625 0.936741259375 0.6289431578125
0 0.9423356640625 0.7242 0.9409370625 0.732621053125 0.9353426578124999 0.7389368421875 0.9353426578124999 0.74525263125 0.9374405593749999 0.7484105265625 0.943034965625 0.7484105265625 0.9472307687500001 0.7442 0.9528251750000001 0.7442 0.956321678125 0.7410421046875 0.956321678125 0.732621053125 0.9500279718750001 0.7210421046875 0.9458321671875 0.7210421046875 0.9423356640625 0.7242
0 0.99440559375 0.8452631578125 0.9706293703125001 0.8221052625 0.9706293703125001 0.8073684203125 0.972027971875 0.8031578953125 0.9699300703124999 0.7978947375 0.9671328671874999 0.7978947375 0.9566433562500001 0.811578946875 0.9552447546874999 0.8326315796875001 0.9489510484375 0.8484210531249999 0.9461538468749999 0.850526315625 0.9321678328124999 0.850526315625 0.9265734265625 0.8547368421874999 0.9244755250000001 0.8578947375 0.9265734265625 0.8631578953125001 0.9321678328124999 0.8631578953125001 0.9391608390625 0.869473684375 0.9419580421875 0.869473684375 0.9426573421875 0.8642105265625 0.9461538468749999 0.85894736875 0.9587412593750001 0.8484210531249999 0.9811188812499999 0.869473684375 0.9867132859375 0.869473684375 0.99440559375 0.8536842109375 0.99440559375 0.8452631578125
0 0.7706293703125 0.969473684375 0.777622378125 0.96105263125 0.784615384375 0.9400000000000001 0.775524475 0.9368421046875 0.765734265625 0.9221052625 0.7573426578125 0.9221052625 0.7545454546875 0.9199999999999999 0.75034965 0.911578946875 0.7489510484374999 0.911578946875 0.7426573421875 0.92105263125 0.739860140625 0.9273684203125001 0.739860140625 0.931578946875 0.7447552453124999 0.9389473687500001 0.746153846875 0.9389473687500001 0.74965035 0.9484210531249999 0.759440559375 0.96105263125 0.7622377625000001 0.9673684203124999 0.7622377625000001 0.9800000000000001 0.7636363640625 0.9842105265625 0.76853146875 0.9894736843749999 0.7706293703125 0.9863157890625001 0.7706293703125 0.969473684375
0 0.7923272734375 0.85685263125 0.7986209796875 0.8579052624999999 0.8028167828124999 0.8642210531250001 0.8056139859375 0.8621157890625 0.8077118875 0.85685263125 0.8063132859375 0.8526421046875001 0.7986209796875 0.8410631578125001 0.7958237765625 0.8410631578125001 0.794425175 0.8389578953125 0.7923272734375 0.8421157890625001 0.7923272734375 0.85685263125
0 0.690909090625 0.7273684203124999 0.69440559375 0.7326315796875 0.702797203125 0.7326315796875 0.7048951046874999 0.729473684375 0.70629370625 0.7252631578125001 0.70629370625 0.71894736875 0.702797203125 0.711578946875 0.6958041953125 0.709473684375 0.6923076921875 0.7147368421875 0.690909090625 0.71894736875 0.690909090625 0.7273684203124999
0 0.8230769234374999 0.7831578953125 0.8251748250000001 0.78 0.8251748250000001 0.7736842109375 0.8230769234374999 0.770526315625 0.81888111875 0.768421053125 0.815384615625 0.7736842109375 0.815384615625 0.78 0.8174825171875 0.7831578953125 0.8230769234374999 0.7831578953125
0 0.6447552453125 0.9168421046875 0.6447552453125 0.9126315796875 0.646153846875 0.9105263156250001 0.646153846875 0.9063157890625 0.647552446875 0.9042105265625 0.6426573421875 0.89894736875 0.6384615390625 0.89894736875 0.6370629375 0.8968421046874999 0.628671328125 0.8947368421874999 0.6272727265625 0.8926315796875001 0.6202797203125 0.8926315796875001 0.615384615625 0.9042105265625 0.615384615625 0.9084210531249999 0.6125874125 0.9147368421875001 0.6125874125 0.9189473687499999 0.6146853140624999 0.9221052625 0.6230769234375 0.9242105265625 0.624475525 0.9263157890624999 0.6328671328125 0.928421053125 0.634265734375 0.930526315625 0.639860140625 0.930526315625 0.6419580421875 0.9273684203125001 0.64335664375 0.9189473687499999 0.6447552453125 0.9168421046875
0 0.5804195796875 0.9147368421875001 0.5804195796875 0.9231578953125 0.5860139859375 0.95894736875 0.5881118875 0.9621052625000001 0.5987007 0.939273684375 0.6011258734375 0.9210189468750001 0.6035510484375 0.9111115796875 0.60559440625 0.9 0.596503496875 0.89894736875 0.583916084375 0.9073684203125 0.58181818125 0.9105263156250001 0.5804195796875 0.9147368421875001
0 0.653846153125 0.8315789468749999 0.65664335625 0.8315789468749999 0.6587412593749999 0.828421053125 0.6587412593749999 0.82 0.6552447546875 0.8168421046875001 0.6468531468750001 0.8126315796875 0.6370629375 0.8126315796875 0.6363636359375 0.8221052625 0.6384615390625 0.8252631578124999 0.653846153125 0.8315789468749999
0 0.634965034375 0.79894736875 0.634965034375 0.7926315796875001 0.628671328125 0.7852631578125 0.624475525 0.7852631578125 0.622377621875 0.788421053125 0.6195804203125 0.79894736875 0.6258741265625 0.8063157890625 0.63146853125 0.8063157890625 0.634965034375 0.79894736875
0 0.7531664328125001 0.8236884203124999 0.7489706296875001 0.8089515796875 0.744075525 0.8078989468750001 0.7433762234375 0.8215831578125 0.744774825 0.825793684375 0.748271328125 0.8310568421875001 0.7524671328125 0.8310568421875001 0.7531664328125001 0.8236884203124999
0 0.353146853125 0.6021052625000001 0.358741259375 0.6021052625000001 0.40489510468749995 0.5852631578125 0.421678321875 0.570526315625 0.42377622343750004 0.5673684203125 0.42377622343750004 0.56105263125 0.41188811249999996 0.5431578953125 0.3615384609375 0.5599999999999999 0.352447553125 0.569473684375 0.3510489515625 0.59894736875 0.353146853125 0.6021052625000001
0 0.2888111890625 0.3157894734375 0.28181818125 0.3157894734375 0.2734265734375 0.309473684375 0.2678321671875 0.309473684375 0.265734265625 0.3147368421875 0.252447553125 0.3326315796875 0.239860140625 0.3368421046875 0.23916083906250002 0.33999999999999997 0.234965034375 0.3442105265625 0.23706293750000001 0.3473684203125 0.239860140625 0.3473684203125 0.24125874062500002 0.3452631578125 0.252447553125 0.3452631578125 0.25524475468749996 0.34947368437500004 0.26223776249999997 0.34947368437500004 0.26923076875 0.34105263125 0.277622378125 0.3368421046875 0.29370629375 0.31894736875 0.2888111890625 0.3157894734375
0 0.4629370625 0.2852631578125 0.4629370625 0.2663157890625 0.465734265625 0.2642105265625 0.465734265625 0.249473684375 0.46363636406250003 0.24631578906249998 0.46083916093750005 0.2442105265625 0.44825174843750004 0.2442105265625 0.446853146875 0.24210526250000003 0.439860140625 0.24210526250000003 0.4384615390625 0.2442105265625 0.434265734375 0.2442105265625 0.43216783281250004 0.2473684203125 0.43216783281250004 0.249473684375 0.428671328125 0.2547368421875 0.4265734265625 0.2557894734375 0.42517482500000003 0.26 0.42937062968750006 0.27263157968749996 0.43076923125000005 0.2852631578125 0.4328671328125 0.288421053125 0.43496503437499995 0.2852631578125 0.43356643281249996 0.2831578953125 0.43356643281249996 0.2747368421875 0.4356643359375 0.271578946875 0.452447553125 0.271578946875 0.4573426578125 0.27894736875000004 0.45944055937500006 0.2863157890625 0.4629370625 0.2852631578125
0 0.534265734375 0.4347368421875 0.534265734375 0.42421052656249997 0.5328671328125 0.42210526249999997 0.5328671328125 0.4178947375 0.528671328125 0.4052631578125 0.5209790203125 0.3957894734375 0.515384615625 0.3936842109375 0.5139860140625 0.391578946875 0.5111888109375 0.391578946875 0.509090909375 0.3947368421875 0.509090909375 0.4031578953125 0.5104895109375 0.4052631578125 0.5104895109375 0.409473684375 0.5132867140624999 0.4178947375 0.516083915625 0.42210526249999997 0.51888111875 0.430526315625 0.5265734265625001 0.4421052625 0.5307692312500001 0.4442105265625 0.5328671328125 0.44105263125 0.5328671328125 0.43684210468750007 0.534265734375 0.4347368421875
0 0.6139860140625 0.45999999999999996 0.6139860140625 0.4557894734375 0.615384615625 0.4536842109375 0.6139860140625 0.4452631578125 0.6006992999999999 0.43578947343749996 0.596503496875 0.429473684375 0.5937062937500001 0.429473684375 0.590209790625 0.43684210468750007 0.590209790625 0.44105263125 0.5888111890625 0.44315789531250005 0.5923076921875 0.44842105312499997 0.596503496875 0.450526315625 0.5986013984375 0.4536842109375 0.5986013984375 0.4621052625 0.6 0.4642105265625 0.6 0.468421053125 0.6034965031249999 0.4736842109375 0.6076923078124999 0.4736842109375 0.6111888109375 0.468421053125 0.6139860140625 0.45999999999999996
0 0.6083916078125 0.39894736875 0.6083916078125 0.4073684203125 0.6097902093750001 0.411578946875 0.6132867140625 0.41684210468750005 0.6202797203125 0.41684210468750005 0.624475525 0.42315789531250003 0.6300699296875 0.42105263125 0.6321678328125 0.4136842109375 0.6293706296875 0.4052631578125 0.61888111875 0.389473684375 0.6111888109375 0.390526315625 0.6083916078125 0.39894736875
0 0.771328671875 0.34315789531249996 0.765734265625 0.34315789531249996 0.7636363640625 0.3463157890625 0.7636363640625 0.35263157968750003 0.7664335671875 0.3568421046875 0.76923076875 0.3673684203125 0.7727272734375 0.3726315796875 0.7769230765625 0.3726315796875 0.7832167828125 0.3631578953125 0.784615384375 0.35894736875 0.7832167828125 0.350526315625 0.7811188812500001 0.3473684203125 0.775524475 0.3473684203125 0.771328671875 0.34315789531249996
0 0.141258740625 0.7273684203124999 0.14265734218749998 0.71894736875 0.14405594375 0.7168421046875 0.14405594375 0.7126315796875 0.146853146875 0.7063157890625 0.146153846875 0.6968421046875 0.1377622375 0.6947368421875 0.1363636359375 0.6926315796875 0.1321678328125 0.6926315796875 0.12657342656249998 0.688421053125 0.11818181875 0.688421053125 0.1146853140625 0.6978947375 0.11328671406249999 0.708421053125 0.1104895109375 0.7147368421875 0.1104895109375 0.7168421046875 0.1125874125 0.72 0.11538461562499999 0.72 0.1167832171875 0.7221052625 0.1195804203125 0.7221052625 0.125174825 0.7263157890625 0.1363636359375 0.728421053125 0.1377622375 0.7305263156249999 0.1391608390625 0.7305263156249999 0.141258740625 0.7273684203124999
0 0.09930069999999999 0.7378947375 0.1006993 0.72105263125 0.1048951046875 0.708421053125 0.1048951046875 0.6978947375 0.102797203125 0.6947368421875 0.0986013984375 0.6947368421875 0.097202796875 0.6968421046875 0.090209790625 0.6989473687500001 0.08111888125 0.7063157890625 0.07972027968749999 0.710526315625 0.07972027968749999 0.71894736875 0.08111888125 0.72105263125 0.08111888125 0.729473684375 0.0825174828125 0.731578946875 0.0825174828125 0.7463157890625001 0.083916084375 0.748421053125 0.0853146859375 0.7568421046875 0.08881118906249999 0.7578947375 0.0951048953125 0.748421053125 0.0951048953125 0.7463157890625001 0.09930069999999999 0.7378947375
0 0.140559440625 0.608421053125 0.1377622375 0.608421053125 0.134265734375 0.6136842109375 0.134265734375 0.6178947375 0.1377622375 0.6231578953125 0.146153846875 0.6252631578125001 0.1517482515625 0.629473684375 0.1580419578125 0.6284210531250001 0.15944055937499998 0.62 0.1573426578125 0.6147368421875 0.1545454546875 0.6147368421875 0.1489510484375 0.610526315625 0.14195804218750002 0.610526315625 0.140559440625 0.608421053125
0 0.12167832187500001 0.5842105265625 0.11888111875 0.5926315796875 0.1202797203125 0.5947368421875 0.1202797203125 0.59894736875 0.12237762187500001 0.6021052625000001 0.1293706296875 0.6042105265625 0.134265734375 0.5968421046875 0.134265734375 0.588421053125 0.13076923125 0.5831578953125 0.127972028125 0.5831578953125 0.12657342656249998 0.5810526312500001 0.12377622343750001 0.5810526312500001 0.12167832187500001 0.5842105265625
0 0.2853146859375 0.529473684375 0.28181818125 0.5242105265625 0.2762237765625 0.5242105265625 0.27272727343750003 0.5273684203125 0.2699300703125 0.5357894734374999 0.2699300703125 0.54 0.27272727343750003 0.5442105265625 0.271328671875 0.548421053125 0.265734265625 0.5568421046875 0.265734265625 0.55894736875 0.26923076875 0.5642105265625 0.28041957968750003 0.5642105265625 0.2825174828125 0.55894736875 0.2825174828125 0.548421053125 0.2797202796875 0.5442105265625 0.2853146859375 0.5357894734374999 0.2853146859375 0.529473684375
0 0.24335664375000002 0.6094736843749999 0.2447552453125 0.611578946875 0.2447552453125 0.62 0.24965035000000002 0.629473684375 0.252447553125 0.629473684375 0.2545454546875 0.6263157890625 0.2545454546875 0.62 0.25174825156249997 0.6136842109375 0.25174825156249997 0.6094736843749999 0.24825174843750003 0.6042105265625 0.24545454531250002 0.6063157890624999 0.24335664375000002 0.6094736843749999
0 0.290909090625 0.64105263125 0.290909090625 0.6536842109375 0.29440559374999997 0.65894736875 0.2986013984375 0.65894736875 0.302797203125 0.6631578953124999 0.30699300625000003 0.66105263125 0.3076923078125 0.6515789468750001 0.30629370625 0.6473684203125 0.3 0.6378947375 0.297202796875 0.6357894734375 0.29230769218749997 0.6368421046875 0.290909090625 0.64105263125
0 0.00699300625 0.6368421046875 0.00699300625 0.64105263125 0.009090909375000001 0.6463157890625 0.016083915625 0.650526315625 0.018181818750000002 0.6473684203125 0.018181818750000002 0.6326315796875 0.016783217187499998 0.6284210531250001 0.0132867140625 0.6252631578125001 0.0083916078125 0.6263157890625 0.0083916078125 0.6347368421875 0.00699300625 0.6368421046875
0 0.0370629375 0.8673684203124999 0.0293706296875 0.8789473687499999 0.030069929687500004 0.8842105265625 0.046853146875 0.8842105265625 0.048251748437500006 0.8821052625 0.0580419578125 0.8800000000000001 0.0671328671875 0.8726315796874999 0.0671328671875 0.8663157890625 0.065034965625 0.8631578953125001 0.0622377625 0.8631578953125001 0.05664335625 0.85894736875 0.0454545453125 0.86105263125 0.0370629375 0.8673684203124999
0 0.097190209375 0.9647515796875 0.10698042031249999 0.9668568421874999 0.1104769234375 0.9615936843749999 0.10837902031249999 0.9563305265625001 0.10558181874999999 0.9563305265625001 0.10418321718750001 0.9542252625 0.097190209375 0.9542252625 0.0950923078125 0.9573831578125 0.0950923078125 0.9615936843749999 0.097190209375 0.9647515796875
0 0.43496503437499995 0.48105263125000003 0.43496503437499995 0.470526315625 0.43636363593749994 0.468421053125 0.43636363593749994 0.4557894734375 0.4377622375 0.4536842109375 0.4377622375 0.44105263125 0.4391608390625 0.43894736874999996 0.44055944062499997 0.42000000000000004 0.4370629375 0.41684210468750005 0.4328671328125 0.41894736874999994 0.42937062968750006 0.4347368421875 0.427972028125 0.468421053125 0.42517482500000003 0.47894736875 0.42517482500000003 0.48947368437499994 0.42377622343750004 0.491578946875 0.42377622343750004 0.5021052625 0.42237762187500005 0.5042105265625 0.42237762187500005 0.52105263125 0.42447552499999996 0.528421053125 0.428671328125 0.528421053125 0.43216783281250004 0.5189473687499999 0.43356643281249996 0.4831578953125 0.43496503437499995 0.48105263125000003
0 0.3006993 0.4031578953125 0.2993007 0.4073684203125 0.3013986015625 0.410526315625 0.30699300625000003 0.408421053125 0.3125874125 0.4 0.31818181874999996 0.3957894734375 0.324475525 0.3842105265625 0.32237762187499996 0.38105263125 0.31818181874999996 0.3831578953125 0.31538461562500003 0.38736842031249996 0.3111888109375 0.389473684375 0.302797203125 0.4021052625 0.3006993 0.4031578953125
0 0.1111888109375 0.39789473750000004 0.1 0.4063157890625 0.0895104890625 0.42210526249999997 0.083916084375 0.43684210468750007 0.078321678125 0.4452631578125 0.0769230765625 0.449473684375 0.077622378125 0.450526315625 0.08181818125 0.450526315625 0.084615384375 0.44842105312499997 0.0895104890625 0.44105263125 0.0923076921875 0.430526315625 0.10559440625000001 0.410526315625 0.1125874125 0.4063157890625 0.12307692343750001 0.3926315796875 0.12307692343750001 0.3863157890625 0.11818181875 0.38736842031249996 0.1111888109375 0.39789473750000004
0 0.11328671406249999 0.2557894734375 0.1146853140625 0.25368421093750004 0.1146853140625 0.24315789531249998 0.0986013984375 0.23157894687499997 0.09440559375 0.2252631578125 0.090909090625 0.2263157890625 0.090909090625 0.230526315625 0.0881118875 0.2368421046875 0.0881118875 0.24105263125 0.09300699375 0.24631578906249998 0.09580419531249999 0.24631578906249998 0.0979020984375 0.249473684375 0.0979020984375 0.26 0.09930069999999999 0.2642105265625 0.1041958046875 0.271578946875 0.10699300625 0.271578946875 0.11328671406249999 0.26 0.11328671406249999 0.2557894734375
0 0.06853146875 0.25789473749999997 0.06853146875 0.27894736875000004 0.072027971875 0.2842105265625 0.074825175 0.2842105265625 0.0762237765625 0.2863157890625 0.08181818125 0.2863157890625 0.0853146859375 0.28105263125 0.0881118875 0.27263157968749996 0.0881118875 0.26842105312500003 0.074825175 0.2526315796875 0.072027971875 0.2526315796875 0.06853146875 0.25789473749999997
0 0.0741258734375 0.23263157968749998 0.0762237765625 0.23578947343749998 0.08181818125 0.23578947343749998 0.083916084375 0.230526315625 0.083916084375 0.22000000000000003 0.08041957968749999 0.2147368421875 0.078321678125 0.21578947343750002 0.0769230765625 0.2221052625 0.0741258734375 0.2263157890625 0.0741258734375 0.23263157968749998
0 0.9552447546874999 0.390526315625 0.9566433562500001 0.38842105312499997 0.9566433562500001 0.36105263125 0.9552447546874999 0.35894736875 0.9552447546874999 0.350526315625 0.95034965 0.34315789531249996 0.927972028125 0.330526315625 0.922377621875 0.330526315625 0.9195804203125 0.3347368421875 0.9125874125 0.3368421046875 0.9118881125 0.33999999999999997 0.9090909093749999 0.3421052625 0.9097902093749999 0.34315789531249996 0.9195804203125 0.34315789531249996 0.9265734265625 0.3473684203125 0.9300699296875001 0.35263157968750003 0.9356643359374999 0.3673684203125 0.9356643359374999 0.4052631578125 0.934265734375 0.4073684203125 0.9363636359375 0.410526315625 0.9552447546874999 0.39684210468750003 0.9552447546874999 0.390526315625
0 0.9636363640625 0.48736842031250005 0.9636363640625 0.470526315625 0.9664335671875 0.4621052625 0.9664335671875 0.45157894687500005 0.9643356640625 0.44842105312499997 0.953146853125 0.44842105312499997 0.9517482515625 0.4463157890625 0.9377622375 0.4463157890625 0.934965034375 0.44842105312499997 0.93076923125 0.4568421046875 0.9265734265625 0.45894736875 0.9258741265625 0.46631578906250004 0.928671328125 0.470526315625 0.93146853125 0.48736842031250005 0.9335664328125001 0.49052631562500004 0.934265734375 0.47894736875 0.9377622375 0.4736842109375 0.9517482515625 0.4736842109375 0.9580419578124999 0.48105263125000003 0.9580419578124999 0.4852631578125 0.960139859375 0.49052631562500004 0.9615384609375001 0.49052631562500004 0.9636363640625 0.48736842031250005
0 0.8727272734374999 0.5673684203125 0.8741258734375 0.5652631578125 0.8727272734374999 0.5568421046875 0.8664335671875 0.5473684203125 0.8622377625000001 0.5452631578125 0.8594405593750001 0.54105263125 0.85664335625 0.54105263125 0.8552447546874999 0.5389473687499999 0.8454545453125 0.5389473687499999 0.8447552453125 0.5463157890625 0.846153846875 0.548421053125 0.846153846875 0.5568421046875 0.8475524468750001 0.55894736875 0.846153846875 0.569473684375 0.8594405593750001 0.5873684203125 0.8636363640625 0.5873684203125 0.8643356640625001 0.5842105265625 0.8664335671875 0.5810526312500001 0.8678321671875 0.5810526312500001 0.8727272734374999 0.571578946875 0.8727272734374999 0.5673684203125
0 0.40699300625 0.8431578953125 0.40699300625 0.8368421046875 0.409790209375 0.8263157890624999 0.409790209375 0.8178947375 0.40489510468749995 0.810526315625 0.40209790156249997 0.810526315625 0.4 0.8178947375 0.39370629375 0.8231578953125 0.38111888125000004 0.8231578953125 0.37902097968750004 0.8263157890624999 0.3804195796875 0.830526315625 0.3804195796875 0.84105263125 0.37412587343750003 0.8484210531249999 0.3671328671875 0.8442105265625001 0.3643356640625 0.8400000000000001 0.3615384609375 0.8400000000000001 0.3608391609375 0.84105263125 0.3622377625 0.8452631578125 0.375524475 0.8631578953125001 0.3769230765625 0.8631578953125001 0.38111888125000004 0.869473684375 0.38531468593749996 0.869473684375 0.39370629375 0.86105263125 0.3993007 0.8568421046875001 0.40209790156249997 0.8568421046875001 0.40559440625 0.851578946875 0.40559440625 0.8452631578125 0.40699300625 0.8431578953125
0 0.8174825171875 0.229473684375 0.8202797203125 0.229473684375 0.83076923125 0.2178947375 0.83076923125 0.21368421093749998 0.828671328125 0.210526315625 0.8216783218750001 0.210526315625 0.81818181875 0.21368421093749998 0.815384615625 0.2221052625 0.815384615625 0.2263157890625 0.8174825171875 0.229473684375
0 0.7440559437500001 0.49368421093750003 0.7440559437500001 0.49789473749999996 0.746153846875 0.50105263125 0.7517482515625 0.50105263125 0.7573426578125 0.4968421046875 0.765734265625 0.4968421046875 0.7678321671874999 0.49368421093750003 0.7678321671874999 0.48947368437499994 0.7622377625000001 0.4726315796875 0.760139859375 0.47157894687499996 0.7573426578125 0.4736842109375 0.7440559437500001 0.49368421093750003
0 0.6265804203124999 0.8779136843750001 0.629377621875 0.8779136843750001 0.634972028125 0.8715978953124999 0.6447622375 0.86949263125 0.6454615390625 0.8515978953125 0.641965034375 0.8505452625000001 0.6391678328125 0.8547557890625 0.6350797203125 0.8605221046875 0.6308852328125 0.8610576609375 0.6279790203125 0.8610715796875 0.62588111875 0.8642294734375 0.6265804203124999 0.8779136843750001
0 0.0202797203125 0.78105263125 0.018181818750000002 0.7842105265625 0.018181818750000002 0.7863157890625 0.022377621875 0.7947368421875 0.025174825 0.8052631578125 0.027972028125 0.8094736843750001 0.027972028125 0.82 0.030069929687500004 0.82105263125 0.03076923125 0.8094736843750001 0.032167832812500005 0.8052631578125 0.027972028125 0.7968421046875 0.0237762234375 0.7842105265625 0.0202797203125 0.78105263125
0 0.053846153125 0.7768421046875 0.05664335625 0.7768421046875 0.058741259375 0.771578946875 0.058741259375 0.7631578953125 0.057342657812499996 0.76105263125 0.05664335625 0.7557894734375 0.053146853125000004 0.7568421046875 0.053146853125000004 0.7694736843750001 0.0517482515625 0.7736842109375 0.053846153125 0.7768421046875
0 0.13076923125 0.791578946875 0.13076923125 0.8 0.13496503437500001 0.8 0.1370629375 0.7968421046875 0.1363636359375 0.791578946875 0.1335664328125 0.789473684375 0.13076923125 0.791578946875
0 0.859375 0.390625 0.0125 0.01875
0 0.83046875 0.42109375 0.01015625 0.0125
0 0.84765625 0.4703125 0.009375 0.01796875
0 0.8734375 0.41328125 0.0125 0.01796875
0 0.8640625 0.4453125 0.0125 0.01953125
0 0.88125 0.49921875 0.01328125 0.0171875
0 0.8953125 0.534375 0.009375 0.01953125
0 0.8890625 0.5796875 0.0140625 0.0140625
0 0.82734375 0.52265625 0.01796875 0.01796875
0 0.82734375 0.4828125 0.009375 0.01328125
0 0.7625 0.434375 0.0234375 0.02265625
0 0.78125 0.38671875 0.009375 0.015625
0 0.94375 0.2484375 0.0078125 0.01640625
0 0.925 0.23984375 0.01015625 0.01328125
0 0.88515625 0.23515625 0.01015625 0.01640625
0 0.96484375 0.3375 0.01640625 0.01484375
0 0.90546875 0.39296875 0.02265625 0.03984375
0 0.9171875 0.446875 0.0109375 0.02265625
0 0.9953125 0.34765625 0.009375 0.0140625
0 0.9921875 0.60625 0.0125 0.01640625
0 0.9625 0.53203125 0.01171875 0.01484375
0 0.940625 0.546875 0.009375 0.015625
0 0.9671875 0.6109375 0.00703125 0.01328125
0 0.95390625 0.65078125 0.0078125 0.0171875
0 0.81015625 0.59296875 0.02578125 0.03984375
0 0.79765625 0.51875 0.01015625 0.0265625
0 0.6859375 0.471875 0.0125 0.01328125
0 0.70234375 0.4859375 0.01171875 0.01953125
0 0.71328125 0.465625 0.0109375 0.01796875
0 0.61015625 0.5203125 0.01171875 0.01640625
0 0.57734375 0.53203125 0.01015625 0.02421875
0 0.578125 0.434375 0.01484375 0.02734375
0 0.38203125 0.29375 0.0125 0.015625
0 0.41171875 0.1875 0.009375 0.03359375
0 0.37578125 0.21328125 0.0125 0.01796875
0 0.34921875 0.2671875 0.01015625 0.01328125
0 0.29453125 0.43671875 0.0109375 0.02734375
0 0.32421875 0.43046875 0.00859375 0.0140625
0 0.33515625 0.4515625 0.0078125 0.01484375
0 0.309375 0.48828125 0.01171875 0.01171875
0 0.3203125 0.49609375 0.00625 0.015625
0 0.18984375 0.271875 0.0125 0.01640625
0 0.21484375 0.2671875 0.015625 0.0203125
0 0.2046875 0.28515625 0.00859375 0.01875
0 0.26171875 0.234375 0.021875 0.01796875
0 0.24921875 0.2625 0.0109375 0.015625
0 0.1515625 0.171875 0.0125 0.015625
0 0.1796875 0.1625 0.01484375 0.01328125
0 0.1109375 0.3140625 0.01015625 0.02265625
0 0.08125 0.33125 0.01328125 0.02578125
0 0.0421875 0.3390625 0.0109375 0.01328125
0 0.03359375 0.41875 0.025 0.0296875
0 0.04453125 0.203125 0.0078125 0.01484375
0 0.1875 0.3921875 0.0109375 0.01796875
0 0.159375 0.334375 0.0078125 0.01953125
0 0.17265625 0.44375 0.0078125 0.015625
0 0.56953125 0.80859375 0.0140625 0.03828125
0 0.57890625 0.82890625 0.0109375 0.0203125
0 0.59375 0.8140625 0.009375 0.01484375
0 0.51640625 0.8421875 0.01484375 0.02890625
0 0.534375 0.94375 0.01484375 0.02734375
0 0.55625 0.9703125 0.01015625 0.02109375
0 0.52734375 0.89765625 0.0078125 0.0140625
0 0.534375 0.85703125 0.00625 0.01328125
0 0.69921875 0.80078125 0.009375 0.0140625
0 0.725 0.79921875 0.009375 0.01484375
0 0.70390625 0.83046875 0.01171875 0.01796875
0 0.9125 0.66875 0.01796875 0.01484375
0 0.896875 0.69765625 0.0125 0.01328125
0 0.8640625 0.69921875 0.015625 0.021875
0 0.846875 0.73125 0.009375 0.01484375
0 0.8390625 0.7984375 0.00859375 0.02109375
0 0.89765625 0.82578125 0.01328125 0.0140625
0 0.80859375 0.77890625 0.009375 0.01171875
0 0.69140625 0.62734375 0.009375 0.02109375
0 0.71953125 0.63515625 0.0125 0.01171875
0 0.759375 0.671875 0.00859375 0.01328125
0 0.74765625 0.56875 0.00625 0.01328125
0 0.74453125 0.52421875 0.009375 0.01640625
0 0.6875 0.59140625 0.00703125 0.01328125
0 0.71796875 0.5640625 0.00703125 0.01171875
0 0.59921875 0.590625 0.01015625 0.01015625
0 0.6578125 0.53359375 0.00859375 0.01015625
0 0.6359375 0.5125 0.0125 0.01484375
0 0.38828125 0.375 0.015625 0.01328125
0 0.36015625 0.37890625 0.009375 0.01640625
0 0.29921875 0.31484375 0.01171875 0.0234375
0 0.328125 0.28125 0.01015625 0.01171875
0 0.4421875 0.3390625 0.00625 0.01328125
0 0.46484375 0.32734375 0.00859375 0.01015625
0 0.20703125 0.628125 0.00859375 0.01796875
0 0.21953125 0.62734375 0.00625 0.0125
0 0.22890625 0.6484375 0.00546875 0.01328125
0 0.2359375 0.684375 0.00703125 0.0125
0 0.2234375 0.6921875 0.0078125 0.01171875
0 0.24296875 0.728125 0.00703125 0.01640625
0 0.23046875 0.7453125 0.00859375 0.00859375
0 0.26640625 0.70859375 0.00703125 0.01171875
0 0.29609375 0.7484375 0.01015625 0.01015625
0 0.41875 0.24296875 0.009375 0.01875
0 0.38515625 0.16328125 0.015625 0.02265625
0 0.359375 0.18203125 0.01171875 0.01484375
0 0.33046875 0.2171875 0.00859375 0.01796875
0 0.190625 0.734375 0.009375 0.01171875
0 0.109375 0.7703125 0.00703125 0.01171875
0 0.0859375 0.8171875 0.009375 0.0140625
0 0.109375 0.81875 0.00703125 0.0125
0 0.07734375 0.84375 0.01171875 0.0109375
0 0.11796875 0.86328125 0.00703125 0.00859375
0 0.0375 0.92109375 0.01015625 0.01484375
0 0.04296875 0.93984375 0.0078125 0.0140625
0 0.0328125 0.94140625 0.00703125 0.009375
0 0.0375 0.96328125 0.01015625 0.015625
0 0.17578125 0.96875 0.00703125 0.01328125
0 0.16796875 0.9390625 0.00546875 0.0125
0 0.1453125 0.9140625 0.00859375 0.009375
0 0.06328125 0.9109375 0.00703125 0.0109375
0 0.0078125 0.86875 0.00703125 0.01171875
0 0.01953125 0.89453125 0.00625 0.01171875
0 0.034375 0.6578125 0.00703125 0.01015625
0 0.0265625 0.6921875 0.00546875 0.01171875
0 0.06640625 0.6171875 0.0078125 0.01796875
0 0.096875 0.6109375 0.00625 0.01015625
0 0.12265625 0.4984375 0.01015625 0.01640625
0 0.3078125 0.38125 0.0109375 0.02109375
0 0.3578125 0.33828125 0.0109375 0.01953125
0 0.315625 0.575 0.01640625 0.01640625
0 0.3421875 0.59296875 0.0078125 0.0203125
0 0.4015625 0.625 0.0109375 0.0125
0 0.37734375 0.46484375 0.01328125 0.01640625
0 0.3484375 0.52734375 0.00546875 0.01015625
0 0.33203125 0.5328125 0.00703125 0.01328125
0 0.49296875 0.40234375 0.00625 0.01328125
0 0.46796875 0.409375 0.00625 0.0109375
0 0.45546875 0.446875 0.0078125 0.01328125
0 0.6171875 0.18046875 0.01171875 0.01171875
0 0.6046875 0.19140625 0.01171875 0.0171875
0 0.565625 0.21796875 0.00703125 0.015625
0 0.61015625 0.2234375 0.009375 0.01328125
0 0.671875 0.19375 0.015625 0.02578125
0 0.67890625 0.171875 0.009375 0.01171875
0 0.8125 0.16953125 0.00859375 0.01484375
0 0.7828125 0.19296875 0.0125 0.0109375
0 0.75390625 0.26640625 0.01171875 0.01875
0 0.8046875 0.27109375 0.00625 0.015625
0 0.8796875 0.36171875 0.00625 0.0125
0 0.7015625 0.2125 0.0109375 0.01640625
0 0.69140625 0.25234375 0.00703125 0.015625
0 0.6984375 0.2734375 0.00625 0.01171875
0 0.63359375 0.29609375 0.025 0.02890625
0 0.6671875 0.8578125 0.00859375 0.01015625
0 0.609375 0.9734375 0.00703125 0.01328125
0 0.6890625 0.93828125 0.0125 0.0109375
0 0.7234375 0.89140625 0.00625 0.00625
0 0.73046875 0.94453125 0.009375 0.01171875
0 0.20234375 0.5984375 0.009375 0.009375
0 0.22578125 0.59921875 0.009375 0.0109375
0 0.26640625 0.51875 0.00703125 0.0140625
0 0.271875 0.5078125 0.00703125 0.00859375
0 0.2609375 0.4671875 0.00390625 0.0125
0 0.22109375 0.4328125 0.009375 0.01015625
0 0.2328125 0.50859375 0.00703125 0.01015625
0 0.209375 0.4859375 0.01015625 0.00703125
0 0.18046875 0.55390625 0.009375 0.02109375
0 0.16484375 0.55703125 0.0078125 0.01171875
0 0.0765625 0.5015625 0.0109375 0.01328125
0 0.06796875 0.5875 0.00625 0.01328125
0 0.24921875 0.36875 0.009375 0.009375
0 0.26171875 0.38125 0.00625 0.00859375
0 0.36484375 0.2421875 0.00703125 0.0125
0 0.28203125 0.184375 0.00703125 0.01171875
0 0.49140625 0.171875 0.00703125 0.01015625
0 0.57421875 0.19609375 0.009375 0.00859375
0 0.540625 0.20078125 0.00703125 0.01015625
0 0.50625 0.1609375 0.0109375 0.0109375
0 0.3984375 0.2015625 0.00859375 0.01171875
0 0.57421875 0.2484375 0.0046875 0.0078125
0 0.69609375 0.30546875 0.00703125 0.009375
0 0.65078125 0.37890625 0.01171875 0.02109375
0 0.578125 0.39453125 0.00625 0.01015625
0 0.54140625 0.3515625 0.01328125 0.0125
3 0.2629370625 0.7863157890625 0.246853146875 0.768421053125 0.22657342656249999 0.7821052625 0.22027972031249998 0.82105263125 0.153846153125 0.82 0.160139859375 0.8357894734375 0.21748251718749997 0.8357894734375 0.22027972031249998 0.8231578953125 0.227972028125 0.8536842109375 0.225174825 0.870526315625 0.2447552453125 0.92105263125 0.2447552453125 0.9042105265625 0.259440559375 0.8757894734375 0.265734265625 0.8789473687499999 0.2636363640625 0.8926315796875001 0.27692307656250004 0.8915789468750001 0.2706293703125 0.8631578953125001 0.258741259375 0.8663157890625 0.2664335671875 0.8357894734375 0.32937062968749997 0.8357894734375 0.334265734375 0.82 0.26923076875 0.81894736875 0.2629370625 0.7863157890625
