0 0.5671875 0.37890625 0.01953125 0.13515625
0 0.51640625 0.38671875 0.05625 0.12109375
0 0.609375 0.49921875 0.08203125 0.0828125
0 0.540625 0.57890625 0.0734375 0.09921875
0 0.47890625 0.31015625 0.02890625 0.06796875
0 0.6984375 0.5828125 0.021875 0.03984375
0 0.3796875 0.296875 0.02734375 0.0453125
0 0.16015625 0.19453125 0.2515625 0.3890625
0 0.23046875 0.23828125 0.028125 0.0421875
0 0.0640625 0.25390625 0.04140625 0.1109375
0 0.14609375 0.48125 0.0390625 0.06953125
0 0.24609375 0.39375 0.02578125 0.05078125
0 0.72578125 0.46015625 0.028125 0.05546875
0 0.73046875 0.209375 0.071875 0.05703125
0 0.78671875 0.12734375 0.01640625 0.0359375
0 0.75234375 0.1296875 0.01640625 0.01875
0 0.73515625 0.09609375 0.01796875 0.025
0 0.55078125 0.13203125 0.04609375 0.0578125
0 0.61796875 0.1671875 0.0140625 0.02421875
0 0.5828125 0.1078125 0.01328125 0.025
0 0.79453125 0.55703125 0.01484375 0.0265625
0 0.75078125 0.54453125 0.01875 0.0359375
0 0.68359375 0.4921875 0.01953125 0.01953125
0 0.68828125 0.28828125 0.02421875 0.04140625
0 0.98671875 0.2765625 0.0203125 0.03203125
0 0.93984375 0.20078125 0.0203125 0.0265625
0 0.91796875 0.20859375 0.01484375 0.03125
0 0.91953125 0.140625 0.021875 0.040625
0 0.91953125 0.09375 0.01484375 0.03828125
0 0.896875 0.1125 0.0296875 0.05703125
0 0.9625 0.3109375 0.0234375 0.034375
0 0.88671875 0.19296875 0.01328125 0.028125
0 0.8953125 0.31484375 0.04453125 0.07421875
0 0.87109375 0.515625 0.0234375 0.034375
0 0.85390625 0.5453125 0.03359375 0.03125
0 0.8109375 0.13828125 0.0171875 0.0265625
0 0.84453125 0.0265625 0.0171875 0.028125
0 0.82265625 0.0109375 0.01484375 0.021875
0 0.6234375 0.0671875 0.01640625 0.0265625
0 0.61484375 0.0125 0.015625 0.025
0 0.58671875 0.040625 0.015625 0.04609375
0 0.396875 0.04140625 0.0140625 0.0265625
0 0.328125 0.0453125 0.01796875 0.03046875
0 0.43515625 0.071875 0.0203125 0.0296875
0 0.3671875 0.16953125 0.02890625 0.04375
0 0.38359375 0.03046875 0.0125 0.02265625
0 0.05625 0.68515625 0.0328125 0.04375
0 0.240625 0.9359375 0.05078125 0.10078125
0 0.17578125 0.8203125 0.01796875 0.05390625
0 0.36484375 0.83828125 0.025 0.046875
0 0.4203125 0.7953125 0.015625 0.02734375
0 0.61484375 0.81015625 0.05234375 0.078125
0 0.7296875 0.85234375 0.0265625 0.05234375
0 0.97265625 0.75859375 0.02265625 0.05546875
0 0.94375 0.721875 0.02265625 0.03671875
0 0.90625 0.675 0.0265625 0.07890625
0 0.8703125 0.653125 0.04140625 0.05859375
0 0.7734375 0.79453125 0.0109375 0.02578125
0 0.96171875 0.92890625 0.0234375 0.0796875
0 0.99296875 0.8453125 0.0140625 0.0234375
0 0.95078125 0.846875 0.0453125 0.03828125
0 0.896875 0.9484375 0.02109375 0.0359375
0 0.984375 0.5671875 0.01640625 0.03359375
0 0.809375 0.68125 0.015625 0.028125
0 0.865625 0.953125 0.01328125 0.03046875
0 0.85546875 0.89765625 0.01796875 0.02421875
0 0.825 0.96328125 0.0203125 0.0265625
0 0.82578125 0.340625 0.01484375 0.025
0 0.81015625 0.28203125 0.015625 0.025