0 0.8046875 0.871875 0.0546875 0.09140625
0 0.659375 0.79140625 0.03125 0.05703125
0 0.81640625 0.284375 0.028125 0.04296875
0 0.79921875 0.41484375 0.025 0.05078125
0 0.6359375 0.334375 0.0375 0.03984375
0 0.5265625 0.34609375 0.03359375 0.06328125
0 0.42890625 0.19375 0.0703125 0.059375
0 0.39453125 0.1140625 0.00859375 0.046875
0 0.3625 0.08984375 0.01171875 0.0328125
0 0.221875 0.16015625 0.0125 0.01953125
0 0.22734375 0.2578125 0.08203125 0.0765625
0 0.2765625 0.32265625 0.03046875 0.05
0 0.278125 0.4984375 0.01875 0.034375
0 0.2359375 0.46640625 0.028125 0.06015625
0 0.415625 0.39453125 0.02265625 0.12421875
0 0.4796875 0.409375 0.0484375 0.11015625
0 0.79453125 0.15859375 0.0875 0.16640625
0 0.45078125 0.55859375 0.0875 0.07578125
0 0.3609375 0.496875 0.09453125 0.06484375
0 0.2609375 0.56875 0.02265625 0.03359375
0 0.628125 0.1171875 0.03515625 0.0390625
0 0.36484375 0.7609375 0.059375 0.071875
0 0.22734375 0.796875 0.028125 0.03984375
0 0.203125 0.54453125 0.0171875 0.0390625
0 0.78359375 0.66015625 0.05703125 0.0484375
0 0.58984375 0.75234375 0.01484375 0.02734375
0 0.3609375 0.21953125 0.01953125 0.02265625
0 0.1734375 0.74765625 0.01875 0.03125
0 0.7015625 0.121875 0.0203125 0.034375
0 0.65546875 0.22421875 0.03125 0.04765625
0 0.28125 0.41953125 0.02421875 0.02265625
0 0.2578125 0.3734375 0.0140625 0.03046875
0 0.3671875 0.303125 0.01484375 0.025
0 0.32890625 0.26484375 0.0140625 0.02578125
0 0.4890625 0.3265625 0.01171875 0.021875
0 0.5765625 0.14609375 0.0125 0.0203125
0 0.2 0.190625 0.01796875 0.02734375
0 0.20625 0.13203125 0.01328125 0.01328125
0 0.35 0.140625 0.01484375 0.025
0 0.17734375 0.521875 0.01640625 0.02578125
0 0.3796875 0.55078125 0.00859375 0.0265625