0 0.3875 0.29453125 0.03359375 0.05234375
0 0.35234375 0.021875 0.0265625 0.03515625
0 0.44140625 0.05234375 0.0296875 0.04765625
0 0.740625 0.046875 0.06328125 0.084375
0 0.53515625 0.5703125 0.0640625 0.1359375
0 0.67109375 0.6984375 0.03984375 0.0859375
0 0.3375 0.91015625 0.04765625 0.121875
0 0.29296875 0.603125 0.03359375 0.11015625
0 0.3921875 0.4625 0.05 0.04765625
0 0.43828125 0.5328125 0.0625 0.07734375
0 0.49765625 0.70234375 0.03984375 0.1359375
0 0.43125 0.625 0.071875 0.04296875
0 0.70234375 0.9078125 0.03046875 0.05234375
0 0.27109375 0.06484375 0.10546875 0.1296875
0 0.24609375 0.19609375 0.0265625 0.02734375
0 0.24140625 0.31328125 0.01875 0.03984375
0 0.22421875 0.70546875 0.01953125 0.028125
0 0.23984375 0.66015625 0.034375 0.02734375
0 0.37890625 0.8328125 0.0234375 0.05390625
0 0.47578125 0.89296875 0.03359375 0.04140625
0 0.54609375 0.86328125 0.02109375 0.05234375
0 0.52734375 0.9421875 0.01796875 0.02890625
0 0.2703125 0.9109375 0.01171875 0.025
0 0.29609375 0.76796875 0.02109375 0.025
0 0.25859375 0.72109375 0.01484375 0.025
0 0.31171875 0.709375 0.01953125 0.0328125
0 0.60703125 0.07421875 0.0359375 0.10234375
0 0.6890625 0.26171875 0.02890625 0.04140625
0 0.66640625 0.36015625 0.01796875 0.025
0 0.5328125 0.67890625 0.0140625 0.02734375
0 0.31484375 0.26484375 0.01953125 0.05703125
0 0.34609375 0.60625 0.01640625 0.0265625
0 0.66328125 0.9859375 0.015625 0.02734375
0 0.41328125 0.8671875 0.01328125 0.02421875
0 0.44375 0.82890625 0.01875 0.04375
0 0.2609375 0.38359375 0.01328125 0.02265625
0 0.33984375 0.7546875 0.0125 0.01875
0 0.36640625 0.6953125 0.01640625 0.03203125
0 0.290625 0.946875 0.01328125 0.02265625
0 0.49765625 0.8296875 0.0140625 0.04765625