0 0.5390625 0.43125 0.071875 0.08515625
0 0.51640625 0.61484375 0.05 0.11796875
0 0.61328125 0.50390625 0.078125 0.07578125
0 0.159375 0.80546875 0.246875 0.3890625
0 0.56796875 0.625 0.02578125 0.1296875
0 0.61171875 0.19453125 0.05546875 0.0859375
0 0.775 0.20546875 0.01328125 0.028125
0 0.728125 0.146875 0.02421875 0.04921875
0 0.90625 0.3234375 0.03125 0.07890625
0 0.86875 0.34453125 0.03828125 0.05625
0 0.99140625 0.15234375 0.0125 0.02734375
0 0.9484375 0.153125 0.040625 0.03671875
0 0.896875 0.046875 0.0203125 0.02265625
0 0.96328125 0.06953125 0.021875 0.0765625
0 0.74921875 0.453125 0.015625 0.03359375
0 0.70078125 0.41640625 0.02421875 0.0359375
0 0.72265625 0.53671875 0.02421875 0.05546875
0 0.87109375 0.48203125 0.01953125 0.0328125
0 0.8515625 0.45 0.0265625 0.03046875
0 0.984375 0.428125 0.0203125 0.0359375
0 0.4234375 0.203125 0.01796875 0.0328125
0 0.365625 0.159375 0.02734375 0.04609375
0 0.38203125 0.69765625 0.02734375 0.05
0 0.47890625 0.684375 0.02578125 0.065625
0 0.625 0.92421875 0.01484375 0.025
0 0.5875 0.94375 0.01875 0.01953125
0 0.58203125 0.88984375 0.0140625 0.0234375
0 0.55 0.86328125 0.05234375 0.0625
0 0.58046875 0.84609375 0.009375 0.02265625
0 0.61875 0.828125 0.0125 0.02578125
0 0.68671875 0.71171875 0.02578125 0.040625
0 0.73125 0.79140625 0.0703125 0.06328125
0 0.89609375 0.6890625 0.04765625 0.084375
0 0.965625 0.6859375 0.02265625 0.03515625
0 0.9171875 0.90390625 0.0109375 0.04140625
0 0.92109375 0.85703125 0.01953125 0.04375
0 0.89609375 0.88515625 0.028125 0.059375
0 0.84609375 0.97109375 0.015625 0.03203125
0 0.8203125 0.9875 0.01640625 0.02421875
0 0.73515625 0.9 0.01953125 0.02734375
0 0.8109375 0.859375 0.01484375 0.03046875
0 0.78515625 0.8671875 0.0140625 0.03671875
0 0.75 0.865625 0.0171875 0.02421875
0 0.88671875 0.8046875 0.0203125 0.03125
0 0.91953125 0.784375 0.01875 0.040625
0 0.61484375 0.98203125 0.01640625 0.034375
0 0.58984375 0.9671875 0.0140625 0.01953125
0 0.3984375 0.9484375 0.0140625 0.02890625
0 0.38359375 0.96796875 0.0125 0.02578125
0 0.31953125 0.97734375 0.0171875 0.021875
0 0.328125 0.95 0.01640625 0.03203125
0 0.3671875 0.83046875 0.0328125 0.0375
0 0.065625 0.74296875 0.04375 0.09609375
0 0.2296875 0.75703125 0.02578125 0.0453125
0 0.24609375 0.60390625 0.02578125 0.04140625
0 0.14375 0.515625 0.0328125 0.06484375
0 0.0546875 0.3140625 0.02578125 0.04140625
0 0.17421875 0.17734375 0.01953125 0.0515625
0 0.2390625 0.059375 0.046875 0.096875
0 0.434375 0.92109375 0.01640625 0.0265625
0 0.678125 0.50546875 0.0171875 0.01953125
0 0.94140625 0.2765625 0.01015625 0.0375
0 0.971875 0.2421875 0.0171875 0.03671875
0 0.8109375 0.7171875 0.0125 0.0234375
0 0.82578125 0.65625 0.01328125 0.02578125
0 0.7046875 0.659375 0.0140625 0.02109375
0 0.79375 0.440625 0.01171875 0.01953125
0 0.85546875 0.1 0.01328125 0.02109375
0 0.825 0.03671875 0.01328125 0.0234375
0 0.80859375 0.3109375 0.01484375 0.02265625
