0 0.3390625 0.0859375 0.03671875 0.1109375
0 0.7 0.09140625 0.03828125 0.04765625
0 0.5484375 0.1453125 0.02734375 0.03984375
0 0.48203125 0.1046875 0.04140625 0.04140625
0 0.53046875 0.0578125 0.03671875 0.0390625
0 0.6671875 0.0109375 0.01875 0.021875
0 0.496875 0.30390625 0.0421875 0.13828125
0 0.43046875 0.37734375 0.071875 0.04765625
0 0.29609375 0.39921875 0.0375 0.109375
0 0.2421875 0.33984375 0.02734375 0.04921875
0 0.22578125 0.29765625 0.025 0.0265625
0 0.3875 0.71171875 0.02890625 0.05859375
0 0.35078125 0.9796875 0.028125 0.040625
0 0.44296875 0.953125 0.02734375 0.06015625
0 0.27421875 0.93671875 0.11484375 0.1265625
0 0.24375 0.81171875 0.034375 0.03359375
0 0.23984375 0.69609375 0.02109375 0.05234375
0 0.31484375 0.7375 0.025 0.0484375
0 0.39296875 0.5421875 0.04140625 0.05234375
0 0.43671875 0.47109375 0.07265625 0.0828125
0 0.5375 0.4296875 0.05234375 0.1234375
0 0.6734375 0.3 0.04375 0.09609375
0 0.6921875 0.740625 0.01484375 0.06015625
0 0.74296875 0.96171875 0.06484375 0.0765625
0 0.60625 0.92734375 0.034375 0.09140625
0 0.66796875 0.6390625 0.01328125 0.025
0 0.534375 0.321875 0.01171875 0.02265625
0 0.49921875 0.17265625 0.01796875 0.0296875
0 0.375 0.165625 0.03359375 0.04375
0 0.27265625 0.08203125 0.015625 0.03046875
0 0.29375 0.05390625 0.009375 0.0234375
0 0.36640625 0.3078125 0.01796875 0.03125
0 0.31484375 0.28984375 0.0125 0.0296875
0 0.4453125 0.171875 0.01640625 0.034375
0 0.409375 0.1375 0.0140625 0.025
0 0.25859375 0.28046875 0.01640625 0.03203125
0 0.2625 0.6140625 0.0140625 0.0265625
0 0.225 0.4984375 0.01796875 0.03984375
0 0.3390625 0.24453125 0.01640625 0.021875
