0 0.46015625 0.43125 0.07421875 0.0859375
0 0.48359375 0.6140625 0.05 0.1171875
0 0.3875 0.50546875 0.07890625 0.071875
0 0.8375 0.80390625 0.24765625 0.38671875
0 0.3890625 0.19140625 0.05703125 0.07890625
0 0.4296875 0.6265625 0.02734375 0.13515625
0 0.05234375 0.159375 0.046875 0.05703125
0 0.225 0.2125 0.02109375 0.03515625
0 0.26640625 0.14375 0.02890625 0.0546875
0 0.5203125 0.6859375 0.02578125 0.06640625
0 0.61875 0.7 0.028125 0.0484375
0 0.578125 0.20390625 0.01484375 0.03203125
0 0.63359375 0.15546875 0.03125 0.04375
0 0.7609375 0.0578125 0.0484375 0.09453125
0 0.94296875 0.3125 0.034375 0.0546875
0 0.85390625 0.51328125 0.04453125 0.07421875
0 0.26796875 0.7890625 0.0703125 0.06171875
0 0.8234375 0.17421875 0.025 0.05390625
0 0.9328125 0.74296875 0.04296875 0.10390625
0 0.76953125 0.759375 0.0265625 0.04609375
0 0.75390625 0.603125 0.028125 0.04375
0 0.9109375 0.58046875 0.0359375 0.05703125
0 0.25 0.44921875 0.01875 0.04140625
0 0.30078125 0.4171875 0.025 0.0359375
0 0.27734375 0.534375 0.02734375 0.05625
0 0.1265625 0.48125 0.02578125 0.034375
0 0.1484375 0.45078125 0.0265625 0.0359375
0 0.09453125 0.32421875 0.03046875 0.08046875
0 0.13125 0.34375 0.0421875 0.059375
0 0.015625 0.428125 0.0203125 0.03125
0 0.03515625 0.0671875 0.025 0.08203125
0 0.1015625 0.04921875 0.02109375 0.0265625
0 0.10390625 0.684375 0.04921875 0.0828125
0 0.0375 0.68828125 0.02109375 0.034375
0 0.08203125 0.903125 0.015625 0.0421875
0 0.0796875 0.859375 0.01953125 0.04140625
0 0.10390625 0.88515625 0.02890625 0.0578125
0 0.26640625 0.9 0.01796875 0.028125
0 0.38359375 0.9828125 0.01953125 0.03125
0 0.37421875 0.92734375 0.0140625 0.025
0 0.15390625 0.97109375 0.01796875 0.028125
0 0.17890625 0.98671875 0.01640625 0.02109375
0 0.40859375 0.96875 0.0109375 0.0203125
0 0.4140625 0.94609375 0.01484375 0.01953125
0 0.38203125 0.8296875 0.015625 0.0203125
0 0.6015625 0.95078125 0.01328125 0.02578125
0 0.615625 0.9671875 0.01328125 0.0234375
0 0.6765625 0.97734375 0.01953125 0.02109375
0 0.671875 0.946875 0.0171875 0.0359375
0 0.63359375 0.828125 0.028125 0.03828125
0 0.56484375 0.92265625 0.01640625 0.02265625
0 0.3140625 0.7109375 0.028125 0.0390625
0 0.1875 0.8578125 0.01953125 0.028125
0 0.21484375 0.86953125 0.015625 0.03671875
0 0.08046875 0.78828125 0.0171875 0.03828125
0 0.11328125 0.80546875 0.01796875 0.034375
0 0.41875 0.8875 0.01328125 0.021875
0 0.4203125 0.8453125 0.01015625 0.0234375
0 0.45 0.86640625 0.05078125 0.0640625
0 0.2484375 0.8671875 0.015625 0.02578125
0 0.1890625 0.71640625 0.0140625 0.0234375
0 0.1734375 0.6578125 0.01796875 0.02734375
0 0.3203125 0.5015625 0.0171875 0.0234375
0 0.20703125 0.4359375 0.015625 0.028125
0 0.05703125 0.27578125 0.01640625 0.0296875
0 0.19296875 0.31328125 0.01953125 0.0328125
0 0.0671875 0.453125 0.01875 0.0265625
0 0.14375 0.10234375 0.01484375 0.0203125
0 0.17265625 0.034375 0.0171875 0.0203125
0 0.0078125 0.1515625 0.01328125 0.025