0 0.24375 0.0640625 0.04765625 0.1
0 0.42265625 0.2078125 0.01484375 0.02578125
0 0.36484375 0.16484375 0.0296875 0.05234375
0 0.17578125 0.178125 0.01875 0.053125
0 0.05546875 0.31484375 0.02421875 0.03671875
0 0.14453125 0.51796875 0.03125 0.065625
0 0.1671875 0.80234375 0.2578125 0.39453125
0 0.06796875 0.74765625 0.0421875 0.10546875
0 0.034375 0.7796875 0.02109375 0.03359375
0 0.05859375 0.88359375 0.01484375 0.040625
0 0.22734375 0.7609375 0.02578125 0.0421875
0 0.24453125 0.60390625 0.0296875 0.04140625
0 0.08828125 0.58359375 0.0328125 0.06484375
0 0.25859375 0.309375 0.0453125 0.06796875
0 0.540625 0.43046875 0.0765625 0.08828125
0 0.61171875 0.50703125 0.07421875 0.08046875
0 0.56875 0.6265625 0.0203125 0.1375
0 0.515625 0.61328125 0.0421875 0.12734375
0 0.4765625 0.6875 0.02734375 0.065625
0 0.38125 0.703125 0.028125 0.04140625
0 0.6125 0.190625 0.05078125 0.08046875
0 0.7296875 0.14609375 0.02578125 0.05625
0 0.828125 0.059375 0.015625 0.06015625
0 0.89921875 0.04921875 0.01875 0.0296875
0 0.86640625 0.04296875 0.01171875 0.0265625
0 0.96171875 0.07421875 0.02109375 0.08046875
0 0.99296875 0.15234375 0.009375 0.01796875
0 0.95234375 0.153125 0.03125 0.040625
0 0.96484375 0.29921875 0.01640625 0.0359375
0 0.9734375 0.2484375 0.01171875 0.0359375
0 0.94140625 0.27578125 0.0078125 0.02890625
0 0.90546875 0.328125 0.03046875 0.075
0 0.8703125 0.3578125 0.03671875 0.0765625
0 0.775 0.209375 0.021875 0.0171875
0 0.9828125 0.43203125 0.0125 0.0421875
0 0.871875 0.48046875 0.01875 0.02890625
0 0.85 0.45546875 0.0234375 0.025
0 0.79296875 0.44609375 0.00859375 0.0265625
0 0.74921875 0.45546875 0.015625 0.03984375
0 0.7015625 0.41640625 0.02421875 0.02890625
0 0.725 0.5375 0.01875 0.053125
0 0.68125 0.50625 0.0203125 0.0328125
0 0.809375 0.315625 0.01015625 0.02578125
0 0.73046875 0.79453125 0.08203125 0.0671875
0 0.68828125 0.71640625 0.03046875 0.053125
0 0.896875 0.68984375 0.04921875 0.0890625
0 0.984375 0.71953125 0.021875 0.0375
0 0.9625 0.69140625 0.01796875 0.03984375
0 0.86171875 0.2484375 0.0234375 0.03046875
0 0.921875 0.8609375 0.02421875 0.03828125
0 0.9140625 0.91171875 0.01640625 0.04765625
0 0.8953125 0.8859375 0.025 0.06171875
0 0.846875 0.9734375 0.01640625 0.03828125
0 0.821875 0.98828125 0.00859375 0.02265625
0 0.6171875 0.98671875 0.0109375 0.01875
0 0.5890625 0.95859375 0.02578125 0.04609375
0 0.55625 0.8703125 0.06328125 0.06953125
0 0.43828125 0.925 0.0125 0.01875
0 0.39296875 0.9609375 0.02578125 0.0359375
0 0.3265625 0.959375 0.02109375 0.05390625
0 0.365625 0.828125 0.02109375 0.0390625
0 0.734375 0.903125 0.0203125 0.02265625
0 0.809375 0.86640625 0.01796875 0.03203125
0 0.784375 0.86640625 0.0125 0.034375
0 0.95703125 0.78203125 0.0109375 0.02734375
0 0.9359375 0.79609375 0.0125 0.02109375
0 0.91796875 0.79296875 0.015625 0.04140625
0 0.88515625 0.80625 0.02109375 0.025
0 0.653125 0.8640625 0.01015625 0.0171875
0 0.61953125 0.83125 0.01484375 0.02578125
0 0.6234375 0.9265625 0.02265625 0.01875
0 0.6 0.44296875 0.00859375 0.025
0 0.70703125 0.65546875 0.01640625 0.04453125
0 0.684375 0.5984375 0.021875 0.02734375
0 0.93046875 0.45546875 0.0171875 0.02734375
0 0.8265625 0.66015625 0.00625 0.01796875
