0 0.16015625 0.2078125 0.3203125 0.415625
0 0.24140625 0.9375 0.0859375 0.125
0 0.06328125 0.68515625 0.04609375 0.0546875
0 0.065625 0.253125 0.05078125 0.134375
0 0.23125 0.24375 0.0421875 0.0703125
0 0.38125 0.29921875 0.03046875 0.04609375
0 0.5546875 0.13046875 0.04453125 0.0609375
0 0.56953125 0.3828125 0.0171875 0.140625
0 0.515625 0.37890625 0.04765625 0.10390625
0 0.47421875 0.31640625 0.03203125 0.0625
0 0.7359375 0.2125 0.0546875 0.06328125
0 0.909375 0.121875 0.05078125 0.1
0 0.61484375 0.4921875 0.09609375 0.0625
0 0.71640625 0.46328125 0.03203125 0.04609375
0 0.9078125 0.67109375 0.0421875 0.08671875
0 0.86796875 0.65546875 0.0359375 0.06484375
0 0.9484375 0.85234375 0.04375 0.03203125
0 0.7359375 0.85703125 0.03671875 0.05078125
0 0.609375 0.8140625 0.05234375 0.07109375
0 0.53671875 0.56953125 0.059375 0.08671875
0 0.69765625 0.5734375 0.01875 0.0484375
0 0.08828125 0.42890625 0.0390625 0.0703125
