0 0.784375 0.11015625 0.06953125 0.09453125
0 0.26484375 0.10234375 0.2640625 0.20390625
0 0.365625 0.32421875 0.02734375 0.0546875
0 0.3265625 0.08359375 0.04140625 0.046875
0 0.24921875 0.5828125 0.03125 0.09609375
0 0.409375 0.60390625 0.109375 0.028125
0 0.41953125 0.5328125 0.0703125 0.078125
0 0.3734375 0.47421875 0.0328125 0.05
0 0.54609375 0.5546875 0.05234375 0.1
0 0.49375 0.66953125 0.05 0.115625
0 0.303125 0.85703125 0.0375 0.0921875
0 0.70078125 0.659375 0.05078125 0.06875
0 0.7328125 0.84296875 0.0453125 0.05
0 0.54609375 0.80625 0.02421875 0.05625
0 0.45234375 0.8484375 0.05703125 0.03828125
