0 0.7546875 0.065625 0.05859375 0.103125
0 0.94140625 0.31640625 0.034375 0.06484375
0 0.83125 0.8078125 0.246875 0.384375
0 0.96328125 0.78359375 0.01484375 0.02578125
0 0.93046875 0.7515625 0.04296875 0.11328125
0 0.90625 0.58359375 0.04765625 0.05546875
0 0.85625 0.521875 0.0453125 0.0703125
0 0.61875 0.70234375 0.02109375 0.0625
0 0.5171875 0.69140625 0.02734375 0.084375
0 0.48359375 0.62109375 0.04296875 0.1296875
0 0.42890625 0.62421875 0.0203125 0.1359375
0 0.45625 0.43671875 0.07421875 0.0875
0 0.38203125 0.50625 0.08203125 0.0734375
0 0.38359375 0.2015625 0.04765625 0.0921875
0 0.26953125 0.15078125 0.02109375 0.06328125
0 0.753125 0.60703125 0.02265625 0.046875
0 0.7703125 0.7625 0.021875 0.05625
0 0.67421875 0.96640625 0.0265625 0.0609375
0 0.60390625 0.965625 0.03515625 0.0296875
0 0.440625 0.8734375 0.05703125 0.06640625
0 0.26640625 0.7953125 0.07109375 0.05625
0 0.0984375 0.69609375 0.04921875 0.09765625
0 0.03515625 0.6921875 0.01796875 0.040625
0 0.01796875 0.72109375 0.01328125 0.03046875
0 0.10390625 0.8921875 0.03046875 0.0703125
0 0.0796875 0.8859375 0.01953125 0.0859375
0 0.178125 0.98515625 0.01484375 0.02890625
0 0.15546875 0.9765625 0.0203125 0.03203125
0 0.26328125 0.90390625 0.015625 0.0265625
0 0.2109375 0.8703125 0.01015625 0.03359375
0 0.1859375 0.865625 0.021875 0.03359375
0 0.1109375 0.8109375 0.0140625 0.034375
0 0.08046875 0.79296875 0.01328125 0.0359375
0 0.0625 0.7984375 0.01640625 0.02890625
0 0.0421875 0.78515625 0.015625 0.01953125
0 0.384375 0.9875 0.0140625 0.02421875
0 0.40859375 0.96171875 0.01171875 0.0421875
0 0.4984375 0.98515625 0.021875 0.02890625
0 0.38046875 0.83828125 0.01484375 0.028125
0 0.6296875 0.834375 0.0265625 0.03671875
0 0.3125 0.5984375 0.01796875 0.0359375
0 0.275 0.53828125 0.0234375 0.04453125
0 0.31484375 0.5078125 0.02109375 0.028125
0 0.296875 0.42109375 0.0234375 0.03671875
0 0.396875 0.4484375 0.0140625 0.0234375
0 0.7390625 0.31328125 0.05703125 0.0640625
0 0.63125 0.165625 0.03046875 0.03125
0 0.57734375 0.2078125 0.015625 0.03125
0 0.1703125 0.06171875 0.0203125 0.0609375
0 0.1328125 0.05078125 0.01015625 0.0234375
0 0.10078125 0.053125 0.01875 0.02578125
0 0.03359375 0.0765625 0.02109375 0.08515625
0 0.0484375 0.15546875 0.034375 0.0390625
0 0.05546875 0.28515625 0.0078125 0.0421875
0 0.025 0.24921875 0.0171875 0.04453125
0 0.1296875 0.36015625 0.03515625 0.08046875
0 0.09375 0.3296875 0.02578125 0.071875
0 0.22265625 0.2109375 0.01484375 0.0265625
0 0.203125 0.46015625 0.0109375 0.059375
0 0.1484375 0.459375 0.03046875 0.0296875
0 0.12734375 0.4859375 0.01796875 0.03046875
0 0.2484375 0.45625 0.0109375 0.03515625
0 0.06875 0.46875 0.0125 0.053125
0 0.01484375 0.4359375 0.0078125 0.02890625
0 0.3125 0.725 0.0328125 0.05703125
0 0.375 0.93203125 0.015625 0.03671875
0 0.1875 0.31953125 0.00859375 0.02734375
0 0.82421875 0.18046875 0.02109375 0.0515625
0 0.94296875 0.8890625 0.01640625 0.025
0 0.01875 0.8609375 0.0125 0.0515625
0 0.13515625 0.25 0.009375 0.03046875
0 0.29375 0.6671875 0.01328125 0.03828125
0 0.38671875 0.740625 0.01328125 0.02734375
0 0.33828125 0.85703125 0.03125 0.03203125
0 0.15546875 0.78984375 0.009375 0.01796875
0 0.18828125 0.72265625 0.01171875 0.021875
0 0.35234375 0.78671875 0.01875 0.03515625
0 0.12109375 0.5953125 0.01640625 0.0265625
