0 0.51796875 0.39140625 0.05546875 0.1203125
0 0.53984375 0.5796875 0.07265625 0.11015625
0 0.61171875 0.49765625 0.08515625 0.07890625
0 0.55 0.13515625 0.05 0.0640625
0 0.16328125 0.1953125 0.246875 0.390625
0 0.2296875 0.2390625 0.02421875 0.040625
0 0.0671875 0.2578125 0.04375 0.10234375
0 0.14296875 0.48125 0.03359375 0.06640625
0 0.24609375 0.39375 0.0265625 0.040625
0 0.3796875 0.29921875 0.0296875 0.04609375
0 0.478125 0.3140625 0.028125 0.065625
0 0.56953125 0.378125 0.02578125 0.13671875
0 0.58203125 0.11171875 0.01015625 0.01796875
0 0.73203125 0.0984375 0.0171875 0.02578125
0 0.73046875 0.20625 0.0703125 0.06875
0 0.75 0.12890625 0.015625 0.02109375
0 0.78515625 0.128125 0.01640625 0.03671875
0 0.8109375 0.13984375 0.0203125 0.02890625
0 0.61875 0.1703125 0.01484375 0.02734375
0 0.0546875 0.68359375 0.02890625 0.04375
0 0.175 0.825 0.02109375 0.0515625
0 0.23984375 0.93984375 0.046875 0.0953125
0 0.36484375 0.840625 0.028125 0.04453125
0 0.421875 0.7921875 0.0171875 0.02890625
0 0.6140625 0.809375 0.0546875 0.0765625
0 0.72890625 0.8515625 0.02421875 0.05
0 0.775 0.79453125 0.0125 0.02265625
0 0.7 0.5828125 0.0203125 0.0375
0 0.67890625 0.4921875 0.0171875 0.0296875
0 0.7484375 0.54375 0.0203125 0.0390625
0 0.7234375 0.4609375 0.02265625 0.05625
0 0.90625 0.6734375 0.0296875 0.07890625
0 0.8109375 0.68359375 0.0171875 0.02890625
0 0.86875 0.653125 0.03828125 0.05859375
0 0.79453125 0.55859375 0.0140625 0.02578125
0 0.85078125 0.54765625 0.03203125 0.028125
0 0.87265625 0.515625 0.0203125 0.03359375
0 0.98515625 0.56953125 0.01796875 0.034375
0 0.95 0.84609375 0.03828125 0.0421875
0 0.825 0.959375 0.01640625 0.0265625
0 0.86640625 0.95 0.01640625 0.0390625
0 0.89765625 0.95078125 0.01953125 0.021875
0 0.96328125 0.9296875 0.021875 0.0734375
0 0.88671875 0.19140625 0.0140625 0.02890625
0 0.9203125 0.209375 0.01484375 0.03359375
0 0.91953125 0.13828125 0.02265625 0.04375
0 0.89609375 0.11328125 0.02734375 0.04921875
0 0.91796875 0.09453125 0.01796875 0.0390625
0 0.89921875 0.3109375 0.04765625 0.08359375
0 0.96484375 0.31171875 0.025 0.04296875
0 0.84453125 0.02578125 0.01796875 0.03046875
0 0.8203125 0.01171875 0.0125 0.0234375
0 0.6234375 0.06796875 0.01484375 0.02421875
0 0.5859375 0.05234375 0.0171875 0.02421875
0 0.58984375 0.02890625 0.01640625 0.01875
0 0.61484375 0.01171875 0.01796875 0.02265625
0 0.365625 0.16796875 0.02578125 0.03984375
0 0.328125 0.0484375 0.02109375 0.034375
0 0.3984375 0.04453125 0.0140625 0.0234375
0 0.38125 0.03203125 0.0171875 0.01875
0 0.6875 0.284375 0.02734375 0.04375
0 0.8265625 0.3421875 0.01640625 0.025
0 0.809375 0.28125 0.01875 0.02421875
0 0.85625 0.89453125 0.01328125 0.02421875