0 0.77265625 0.1390625 0.15625 0.1328125
0 0.675 0.10234375 0.034375 0.03671875
0 0.2125 0.1203125 0.08515625 0.1078125
0 0.4484375 0.5515625 0.04375 0.10703125
0 0.634375 0.32421875 0.03359375 0.05078125
0 0.58359375 0.609375 0.09375 0.0546875
0 0.57421875 0.528125 0.0625 0.07890625
0 0.62578125 0.47109375 0.04375 0.05703125
0 0.74453125 0.575 0.040625 0.09375
0 0.5046875 0.67734375 0.0390625 0.11796875
0 0.29375 0.66796875 0.05078125 0.0625
0 0.2640625 0.84453125 0.040625 0.03984375
0 0.4375 0.7984375 0.03125 0.02734375
0 0.53515625 0.834375 0.03828125 0.03359375
0 0.69921875 0.853125 0.04296875 0.08046875
