0 0.765625 0.065625 0.05625 0.11015625
0 0.825 0.17734375 0.02421875 0.07265625
0 0.94375 0.31640625 0.0296875 0.06015625
0 0.83203125 0.8046875 0.25390625 0.390625
0 0.91171875 0.58203125 0.0359375 0.05546875
0 0.85703125 0.51875 0.03671875 0.07265625
0 0.9609375 0.78359375 0.021875 0.0390625
0 0.9328125 0.7421875 0.04765625 0.11015625
0 0.7734375 0.7578125 0.02734375 0.05390625
0 0.75234375 0.60546875 0.028125 0.04296875
0 0.6203125 0.69921875 0.03046875 0.06484375
0 0.5203125 0.69296875 0.0359375 0.08046875
0 0.48359375 0.6140625 0.04609375 0.115625
0 0.43046875 0.6265625 0.0203125 0.140625
0 0.3859375 0.50859375 0.07421875 0.06484375
0 0.3171875 0.60078125 0.02265625 0.04140625
0 0.27578125 0.54609375 0.0203125 0.06328125
0 0.30234375 0.4125 0.02265625 0.0421875
0 0.25234375 0.45234375 0.01328125 0.03828125
0 0.20546875 0.45859375 0.0171875 0.0671875
0 0.140625 0.475 0.04296875 0.06875
0 0.1046875 0.8875 0.028125 0.0828125
0 0.1109375 0.81015625 0.02109375 0.04765625
0 0.07890625 0.88359375 0.02109375 0.0875
0 0.10234375 0.68515625 0.0515625 0.09921875
0 0.0359375 0.690625 0.01953125 0.05
0 0.01328125 0.7296875 0.01484375 0.05234375
0 0.0671875 0.4515625 0.0125 0.0375
0 0.01640625 0.43359375 0.01328125 0.0328125
0 0.13203125 0.35078125 0.03671875 0.09296875
0 0.09453125 0.33203125 0.0375 0.1078125
0 0.04921875 0.1546875 0.0453125 0.040625
0 0.26953125 0.14921875 0.0296875 0.0515625
0 0.38359375 0.19140625 0.0515625 0.08671875
0 0.46015625 0.43125 0.07421875 0.09375
0 0.7421875 0.3125 0.05234375 0.065625
0 0.634375 0.16484375 0.0296875 0.04765625
0 0.171875 0.05625 0.03046875 0.059375
0 0.1328125 0.05 0.01640625 0.0359375
0 0.10234375 0.05625 0.0203125 0.0453125
0 0.0359375 0.07109375 0.02265625 0.08515625
0 0.059375 0.2765625 0.015625 0.03828125
0 0.02578125 0.24921875 0.0109375 0.06015625
0 0.19375 0.309375 0.0125 0.028125
0 0.3109375 0.7171875 0.03046875 0.0515625
0 0.26484375 0.790625 0.065625 0.06328125
0 0.43828125 0.86953125 0.0625 0.071875
0 0.4125 0.96015625 0.0125 0.05234375
0 0.38671875 0.98359375 0.0171875 0.0328125
0 0.18046875 0.9828125 0.01484375 0.034375
0 0.153125 0.971875 0.015625 0.03359375
0 0.49921875 0.97890625 0.034375 0.04140625
0 0.6109375 0.96640625 0.03046875 0.053125
0 0.675 0.96328125 0.025 0.05625
0 0.70078125 0.92578125 0.0109375 0.02734375
0 0.265625 0.9046875 0.01171875 0.03671875
0 0.2515625 0.86640625 0.01328125 0.03203125
0 0.21171875 0.87734375 0.01484375 0.04140625
0 0.1890625 0.86015625 0.0125 0.04375
0 0.01484375 0.95859375 0.01796875 0.06484375
0 0.37734375 0.93046875 0.0140625 0.0328125
0 0.38203125 0.8296875 0.0171875 0.0234375
0 0.31640625 0.50390625 0.021875 0.03203125
0 0.94296875 0.8890625 0.015625 0.028125
0 0.48125 0.7734375 0.00859375 0.02734375
0 0.3578125 0.78671875 0.01640625 0.02578125
0 0.08125 0.796875 0.01015625 0.04453125
0 0.06328125 0.79765625 0.01484375 0.0265625
0 0.2234375 0.21328125 0.02421875 0.03671875
0 0.19140625 0.7125 0.00859375 0.03203125
0 0.175 0.65546875 0.0140625 0.03515625
0 0.63125 0.8296875 0.03203125 0.04453125
0 0.1359375 0.24765625 0.01640625 0.02265625
0 0.0296875 0.36171875 0.00859375 0.025
0 0.00703125 0.153125 0.0140625 0.034375