0 0.82578125 0.24609375 0.01328125 0.02890625
0 0.76875 0.2 0.03359375 0.06171875
0 0.6359375 0.2359375 0.0734375 0.08671875
0 0.54609375 0.44375 0.09609375 0.071875
0 0.6328125 0.50078125 0.1046875 0.06484375
0 0.57734375 0.60859375 0.0359375 0.1375
0 0.51640625 0.5921875 0.0515625 0.09921875
0 0.77734375 0.7453125 0.08046875 0.05546875
0 0.56640625 0.80703125 0.07890625 0.08046875
0 0.47421875 0.65703125 0.0265625 0.0640625
0 0.35703125 0.66953125 0.0421875 0.05625
0 0.7578125 0.534375 0.0421875 0.059375
0 0.7359375 0.4296875 0.03125 0.04765625
0 0.178125 0.715625 0.0375 0.05625
0 0.33984375 0.2078125 0.028125 0.05625
0 0.7265625 0.684375 0.0359375 0.04921875
0 0.79453125 0.459375 0.0171875 0.0359375
0 0.71484375 0.50078125 0.03046875 0.03828125
0 0.678125 0.80546875 0.01015625 0.01875
0 0.6390625 0.78125 0.02109375 0.025
0 0.7796875 0.83984375 0.02578125 0.02421875
0 0.6390625 0.90625 0.01953125 0.03984375
0 0.60546875 0.88828125 0.0234375 0.05390625
0 0.20703125 0.8453125 0.09453125 0.15234375
0 0.340625 0.7765625 0.03203125 0.04375
0 0.3671875 0.8875 0.028125 0.03984375
0 0.2921875 0.8890625 0.0234375 0.04921875
0 0.2140625 0.3359375 0.0578125 0.0484375
0 0.19609375 0.58828125 0.0328125 0.04921875
0 0.64296875 0.603125 0.01953125 0.0265625
0 0.6171875 0.4515625 0.01015625 0.01640625
0 0.71640625 0.58359375 0.03125 0.01796875
0 0.40703125 0.25 0.0125 0.02734375
0 0.62890625 0.6984375 0.01875 0.01640625
0 0.646875 0.85625 0.0140625 0.0265625
0 0.19453125 0.13203125 0.05859375 0.084375