0 0.83359375 0.19765625 0.2515625 0.3953125
0 0.7671875 0.2390625 0.02578125 0.0484375
0 0.934375 0.26171875 0.040625 0.10546875
0 0.85390625 0.48125 0.0359375 0.06875
0 0.75546875 0.3953125 0.0234375 0.040625
0 0.6171875 0.30390625 0.03984375 0.059375
0 0.5234375 0.31484375 0.0328125 0.065625
0 0.94609375 0.68359375 0.0234375 0.0453125
0 0.8234375 0.8234375 0.01953125 0.0515625
0 0.76015625 0.9359375 0.0453125 0.09921875
0 0.634375 0.84453125 0.0296875 0.046875
0 0.5796875 0.796875 0.01328125 0.03828125
0 0.45859375 0.56796875 0.07265625 0.08203125
0 0.38515625 0.4953125 0.07890625 0.0703125
0 0.31484375 0.49765625 0.028125 0.025
0 0.2984375 0.5828125 0.02109375 0.04140625
0 0.2515625 0.54765625 0.02265625 0.0265625
0 0.27578125 0.4625 0.0234375 0.05078125
0 0.30859375 0.28203125 0.02890625 0.04765625
0 0.26875 0.2078125 0.06796875 0.06328125
0 0.26640625 0.09921875 0.01640625 0.025
0 0.2125 0.134375 0.01171875 0.0453125
0 0.18828125 0.14140625 0.015625 0.0296875
0 0.1046875 0.11484375 0.028125 0.06171875
0 0.078125 0.12109375 0.02109375 0.08359375
0 0.11328125 0.19609375 0.01171875 0.03046875
0 0.1 0.3140625 0.053125 0.09609375
0 0.034375 0.31015625 0.021875 0.0359375
0 0.01640625 0.27578125 0.021875 0.02578125
0 0.07890625 0.20703125 0.01953125 0.0375
0 0.04296875 0.22109375 0.01640625 0.034375
0 0.4109375 0.0421875 0.0171875 0.04609375
0 0.3828125 0.0140625 0.0171875 0.025
0 0.60625 0.04140625 0.0265625 0.03828125
0 0.66953125 0.05078125 0.01953125 0.0296875
0 0.63203125 0.171875 0.028125 0.03828125
0 0.38671875 0.81015625 0.05078125 0.06953125
0 0.27265625 0.85234375 0.03046875 0.053125
0 0.0515625 0.84375 0.0375 0.0359375
0 0.034375 0.93359375 0.01328125 0.0734375
0 0.0125 0.8625 0.02421875 0.0578125
0 0.484375 0.38671875 0.04296875 0.1125
0 0.43046875 0.37578125 0.01953125 0.134375
0 0.20546875 0.5578125 0.01484375 0.02265625
0 0.1484375 0.54765625 0.02578125 0.02734375
0 0.128125 0.51953125 0.01796875 0.02578125
0 0.01640625 0.56953125 0.0125 0.03359375
0 0.44296875 0.13515625 0.06015625 0.0625
0 0.9109375 0.4234375 0.03515625 0.05
0 0.96640625 0.2171875 0.015625 0.0171875
0 0.9453125 0.1109375 0.0140625 0.02109375
0 0.29296875 0.33359375 0.0140625 0.0390625
0 0.38359375 0.17109375 0.01640625 0.02578125
0 0.09375 0.678125 0.025 0.078125
0 0.13203125 0.64609375 0.03984375 0.07265625
0 0.0578125 0.72421875 0.0109375 0.028125
0 0.2265625 0.7921875 0.015625 0.028125
0 0.18984375 0.28359375 0.015625 0.02578125
0 0.74140625 0.68671875 0.05625 0.05703125
0 0.40078125 0.5546875 0.0125 0.01953125
0 0.16953125 0.94609375 0.0140625 0.0578125
0 0.13203125 0.95625 0.009375 0.02265625
0 0.10390625 0.9515625 0.02265625 0.03203125
0 0.02578125 0.759375 0.015625 0.0421875
0 0.0671875 0.5453125 0.01171875 0.025
0 0.375 0.071875 0.00859375 0.01328125
0 0.18125 0.0109375 0.0078125 0.01484375
0 0.15390625 0.02890625 0.0171875 0.02578125
0 0.24765625 0.1296875 0.01484375 0.0171875
0 0.3890625 0.2640625 0.0125 0.021875
0 0.19296875 0.6875 0.01484375 0.0296875
0 0.4515625 0.34921875 0.01640625 0.025
0 0.171875 0.34453125 0.015625 0.01875
0 0.3140625 0.4015625 0.021875 0.03125
0 0.35703125 0.21796875 0.0125 0.02109375
0 0.4984375 0.0171875 0.02265625 0.034375
0 0.5671875 0.0796875 0.015625 0.0296875
