0 0.4661458328125 0.44753055625 0.5043401046875 0.384259259375 0.5 0.3317898140625 0.4661458328125 0.3981481484375 0.4644098953125 0.4228398140625 0.4661458328125 0.44753055625
0 0.5321182296875 0.31944444375000003 0.5260416671875 0.296296296875 0.5104166671875 0.28086388906250004 0.5182291671875 0.3256175921875 0.5303817703125 0.34567870312500004 0.5321182296875 0.31944444375000003
0 0.7515473953125 0.67108148125 0.7282119796875001 0.6556268515625 0.7170015624999999 0.694671296875 0.756809375 0.7231416671875001 0.76344375 0.6962981484374999 0.7515473953125 0.67108148125
0 0.44740156249999996 0.5822481484375001 0.44256614531249994 0.58615555625 0.43333385468749996 0.5838111109375 0.4236625 0.5963157406249999 0.435971875 0.5986601859375 0.43685104218750004 0.6072574078125 0.44080729218750003 0.6072574078125 0.44124687500000004 0.5963157406249999 0.45531458281250003 0.5799037031250001 0.4816916671875 0.6072574078125 0.49356145781249994 0.5830296296874999 0.4689427078125 0.5509861109374999 0.4667447921875 0.5251953703125001 0.45531458281250003 0.5369185187500001 0.45487500000000003 0.5595833328125 0.4513583328125 0.5752138890625 0.44740156249999996 0.5822481484375001
0 0.8681151046875 0.47126944374999996 0.8558057296875001 0.462672221875 0.8426171874999999 0.45720185156250004 0.8439359375000001 0.4908074078125 0.8558057296875001 0.512690740625 0.8711921874999999 0.4837740734375 0.8681151046875 0.47126944374999996
0 0.7735973953124999 0.9269074078124999 0.7639260421875 0.9065870374999999 0.7538145828125 0.9034611109374999 0.7463411453125001 0.89251944375 0.7375489578125001 0.915184259375 0.7555729171875 0.9448833328124999 0.7590901046874999 0.9706740734375 0.7648052078124999 0.983178703125 0.7674427078125 0.9628583328125 0.7731578125 0.95660648125 0.78063125 0.92378148125 0.7735973953124999 0.9269074078124999
0 0.38125 0.16875 0.01171875 0.0203125
0 0.43359375 0.37578125 0.01328125 0.13125
0 0.29921875 0.5828125 0.01484375 0.03203125
0 0.24921875 0.54765625 0.0125 0.03125
0 0.0650489578125 0.8523296296874999 0.0697708328125 0.84015648125 0.0526260421875 0.833122221875 0.040296874999999996 0.8412361109375001 0.0317692703125 0.8597250000000001 0.0650489578125 0.8523296296874999
0 0.0825197921875 0.6643101859375 0.0877953125 0.712765740625 0.0965875 0.7033870375 0.10186302031250001 0.6721250000000001 0.10669895781250001 0.647115740625 0.1009838546875 0.6400824078125 0.0838385421875 0.6525870375 0.0825197921875 0.6643101859375
0 0.2640817703125 0.8722 0.2821057296875 0.8659472218750001 0.2785890625 0.85735 0.2741927078125 0.8503166671875 0.273753125 0.8339046296875001 0.26144375000000003 0.8425009265625001 0.2640817703125 0.8542240734375 0.2640817703125 0.8722
0 0.16121093749999998 0.0281351859375 0.1554963546875 0.0218833328125 0.1506604171875 0.0140675921875 0.14978125 0.021101851562500003 0.1559359375 0.0390768515625 0.16121093749999998 0.0281351859375
0 0.04200625 0.3300925921875 0.0448604171875 0.310115740625 0.029520832812499998 0.3015546296875 0.025596875 0.31709166718750004 0.04200625 0.3300925921875
0 0.10924947968750001 0.2961638890625 0.10050989531250001 0.304090740625 0.0960505203125 0.3158231484375 0.0899864578125 0.3291416671875 0.0853489578125 0.3427759265625 0.0807114578125 0.3475324078125 0.0828515625 0.3497518515625 0.0887380203125 0.3415074078125 0.09194843750000001 0.3285074078125 0.09908281249999999 0.31360370312499997 0.1046119796875 0.3044083328125 0.1135302078125 0.295846296875 0.1240536453125 0.27935740781249996 0.1222703125 0.279040740625 0.11674114531249999 0.28728518593749997 0.10924947968750001 0.2961638890625
0 0.11798958281250001 0.20103611093749998 0.11620572968750001 0.193109259375 0.1131734375 0.1943768515625 0.1122817703125 0.184547221875 0.1090713546875 0.185815740625 0.1108552078125 0.1991333328125 0.11192500000000001 0.20420740781250002 0.11798958281250001 0.20103611093749998
0 0.07839270781249999 0.2210129625 0.0830302078125 0.22576944375000002 0.0828515625 0.21974444375000002 0.0807114578125 0.21403703749999997 0.0835651046875 0.2089638890625 0.0842786453125 0.1988166671875 0.0796411453125 0.1988166671875 0.0776791671875 0.205475 0.0766088546875 0.21276851875 0.07839270781249999 0.2210129625
0 0.2622859375 0.0922740734375 0.26299947968750004 0.097347221875 0.2605026046875 0.09925 0.2613942703125 0.10432314843749999 0.27120416718749996 0.10146944375 0.270490625 0.0941759265625 0.26692343749999997 0.0957620375 0.2649614578125 0.090053703125 0.2622859375 0.0922740734375
0 0.29609375 0.3390625 0.01015625 0.0203125
0 0.35 0.1359375 0.0078125 0.01171875
0 0.14375 0.8953125 0.00703125 0.01796875
0 0.13515625 0.75546875 0.01015625 0.02421875
0 0.19140625 0.68515625 0.0125 0.015625
0 0.22421875 0.7921875 0.0140625 0.025
0 0.17421875 0.34140625 0.0109375 0.0203125
0 0.18984375 0.2828125 0.01015625 0.01953125
0 0.3140625 0.40234375 0.0234375 0.021875
0 0.31640625 0.49765625 0.0171875 0.02109375
0 0.3484375 0.44375 0.00859375 0.009375
0 0.24921875 0.13203125 0.009375 0.01328125
0 0.3578125 0.21796875 0.01171875 0.0125
0 0.38984375 0.26328125 0.0109375 0.01171875
0 0.103125 0.27578125 0.00859375 0.0109375
0 0.015625 0.278125 0.01328125 0.015625
0 0.06328125 0.2046875 0.0125 0.01328125
0 0.20625 0.5625 0.009375 0.0171875
0 0.20234375 0.525 0.009375 0.01328125
0 0.0671875 0.54609375 0.00859375 0.01484375
0 0.09765625 0.5390625 0.0046875 0.0125
0 0.1796875 0.0109375 0.009375 0.0203125
0 0.04453125 0.0625 0.0078125 0.0140625
0 0.015625 0.5734375 0.00859375 0.03125
0 0.03515625 0.59609375 0.00546875 0.01640625
0 0.02890625 0.7640625 0.0125 0.05
0 0.05859375 0.721875 0.00703125 0.025
0 0.9536458328125 0.253240740625 0.9520833328125 0.2356481484375 0.9510416671874999 0.23009259218749997 0.9455729171874999 0.22314814843750003 0.92109375 0.2101851859375 0.9151041671875 0.2171296296875 0.9161458328125001 0.22175925937500002 0.92578125 0.22777777812500002 0.934375 0.2504629625 0.9338541671874999 0.2995370375 0.9403645828125 0.29814814843750004 0.9520833328125 0.2856481484375 0.9536458328125 0.253240740625
0 0.7817708328124999 0.2365740734375 0.7794270828125 0.23055555625 0.7643229171875 0.22407407343750002 0.7614583328125 0.23009259218749997 0.7619791671875 0.23472222187499997 0.7713541671875 0.25601851875000003 0.77578125 0.25555555625 0.78125 0.2476851859375 0.7817708328124999 0.2365740734375
0 0.46458333281249997 0.1273148140625 0.4643229171875 0.1111111109375 0.4361979171875 0.10648148125000001 0.425 0.1245370375 0.4309895828125 0.15555555625 0.4341145828125 0.13981481406250001 0.4486979171875 0.1379629625 0.45677083281249997 0.146759259375 0.4583333328125 0.15601851875 0.4609375 0.1541666671875 0.4614583328125 0.13101851874999998 0.46458333281249997 0.1273148140625
0 0.27786458281250004 0.2148148140625 0.2927083328125 0.19583333281249998 0.27005208281250004 0.1833333328125 0.2518229171875 0.21203703749999997 0.23541666718749998 0.2236111109375 0.23723958281250002 0.22685185156249998 0.2513020828125 0.225 0.25729166718749996 0.23101851875 0.26171875 0.23055555625 0.26901041718749996 0.2203703703125 0.27786458281250004 0.2148148140625
0 0.08645833281250001 0.13287037031249999 0.0731770828125 0.11944444375 0.0703125 0.1273148140625 0.0703125 0.146759259375 0.0721354171875 0.15277777812499999 0.07760416718749999 0.15601851875 0.0822916671875 0.1550925921875 0.0869791671875 0.13935185156250002 0.08645833281250001 0.13287037031249999
0 0.0796875 0.140277778125 0.0817708328125 0.13287037031249999 0.07421875 0.125 0.071875 0.146759259375 0.0770833328125 0.1541666671875 0.0822916671875 0.1541666671875 0.0828125 0.1449074078125 0.0796875 0.140277778125
0 0.1140625 0.109722221875 0.0940104171875 0.08425925937499999 0.0875 0.1050925921875 0.09895833281250001 0.11435185156250001 0.1010416671875 0.13287037031249999 0.10364583281249999 0.1375 0.10703125 0.13703703750000001 0.11145833281249999 0.1273148140625 0.1140625 0.109722221875
0 0.11901041718750001 0.63148148125 0.11145833281249999 0.6634259265625 0.1364583328125 0.6773148140624999 0.14114583281249998 0.6773148140624999 0.146875 0.6421296296875 0.11901041718750001 0.63148148125
0 0.1247395828125 0.50555555625 0.1208333328125 0.515277778125 0.1208333328125 0.5236111109375 0.12552083281249998 0.5291666671875 0.1328125 0.5263888890625 0.1338541671875 0.5134259265625001 0.1247395828125 0.50555555625
0 0.15546875 0.54351851875 0.1434895828125 0.5379629625 0.13671875 0.5379629625 0.1348958328125 0.54305555625 0.13723958281249998 0.5527777781250001 0.15572916718750002 0.559722221875 0.1588541671875 0.5578703703125 0.159375 0.5495370375 0.15546875 0.54351851875
0 0.21770833281250002 0.128240740625 0.21354166718749998 0.12361111093749999 0.21171875 0.1120370375 0.20833333281250002 0.115277778125 0.2104166671875 0.13935185156250002 0.2153645828125 0.13981481406250001 0.2182291671875 0.13287037031249999 0.21770833281250002 0.128240740625
0 0.3841145828125 0.0009259265625 0.38046875 0.0009259265625 0.3802083328125 0.0208333328125 0.3877604171875 0.019444443750000002 0.3895833328125 0.0078703703125 0.3841145828125 0.0009259265625
0 0.09713541718749999 0.9444444437499999 0.09375 0.9486111109375001 0.09609375 0.95648148125 0.103125 0.959722221875 0.10833333281249999 0.9578703703125001 0.10651041718750001 0.9481481484375 0.09713541718749999 0.9444444437499999
0 0.409375 0.7837962968750001 0.40338541718750004 0.7731481484375 0.3919270828125 0.7898148140625 0.38515625 0.7916666671875 0.3799479171875 0.7888888890625 0.3796875 0.8115740734375001 0.37578125 0.8203703703125 0.37057291718749996 0.8203703703125 0.3643229171875 0.8083333328125001 0.3604166671875 0.808796296875 0.36276041718749996 0.8166666671874999 0.3796875 0.8421296296874999 0.3846354171875 0.8425925921875 0.4036458328125 0.8245370375000001 0.409375 0.7837962968750001
0 0.95234375 0.672222221875 0.9486979171875 0.66851851875 0.94375 0.6736111109375 0.9421875 0.68194444375 0.9359375 0.691203703125 0.9390625 0.6995370375000001 0.95625 0.690277778125 0.9567708328125001 0.683796296875 0.95234375 0.672222221875
0 0.40808958281249996 0.0276574078125 0.40444375 0.0378425921875 0.40756875 0.038768518749999994 0.41225625 0.0341388890625 0.41199583281249996 0.024416667187499998 0.40808958281249996 0.0276574078125
0 0.6169270828125 0.28055555625 0.61171875 0.2796296296875 0.6083333328125 0.2865740734375 0.609375 0.30601851875 0.61953125 0.30648148124999997 0.6229166671875 0.316203703125 0.6286458328125 0.3134259265625 0.6286458328125 0.3013888890625 0.6169270828125 0.28055555625
0 0.6700520828125 0.0324074078125 0.6666666671875 0.0356481484375 0.6661458328125 0.043981481249999996 0.6697916671875 0.0550925921875 0.6739583328125 0.058796296875 0.6783854171875 0.05648148125 0.6796875 0.0495370375 0.6700520828125 0.0324074078125
0 0.6125 0.027314814062499998 0.6135416671875 0.0328703703125 0.6197916671875 0.028240740625 0.6143229171875 0.025 0.6125 0.027314814062499998
0 0.5973958328125 0.040277778125000004 0.5986979171875 0.048148148437499996 0.6020833328124999 0.0486111109375 0.6067708328125 0.046759259375 0.6075520828125 0.0351851859375 0.5973958328125 0.040277778125000004
0 0.5640625 0.0699074078125 0.5619791671875001 0.07638888906249999 0.5635416671875 0.0800925921875 0.5677083328125 0.0773148140625 0.5684895828125 0.06944444375 0.5640625 0.0699074078125
0 0.6393229171875 0.1648148140625 0.6375 0.16898148125 0.640625 0.1745370375 0.6432291671875 0.1745370375 0.6432291671875 0.1671296296875 0.6393229171875 0.1648148140625
0 0.6309895828125 0.15092592656249998 0.6276041671875 0.1541666671875 0.6296875 0.16157407343750002 0.6348958328125 0.1606481484375 0.63359375 0.15277777812499999 0.6309895828125 0.15092592656249998
0 0.3202869796875 0.2742083328125 0.3109119796875 0.28531944375 0.3023182296875 0.2987453703125 0.30283906250000003 0.30430092656249996 0.3218494796875 0.281615740625 0.32367239531249997 0.2737453703125 0.3202869796875 0.2742083328125
0 0.30141979218750004 0.2599611109375 0.3016802078125 0.26690555625 0.3061072921875 0.2655166671875 0.3072463546875 0.25930648125 0.30141979218750004 0.2599611109375
0 0.031288542187500004 0.9559888890625 0.03311875 0.9570740734375001 0.0375932296875 0.960327778125 0.0414572921875 0.9588814812500001 0.0410505203125 0.9520120375 0.0363729171875 0.9480342593750001 0.0318984375 0.9494805562499999 0.0308817703125 0.9585203703125 0.031288542187500004 0.9559888890625
0 0.0316953125 0.9050074078125 0.0337286453125 0.9104314812500001 0.0384067703125 0.914047221875 0.040033854687499995 0.9129620375 0.0410505203125 0.904284259375 0.0373895828125 0.8952453703125001 0.0353557296875 0.8988611109375 0.0318984375 0.9024768515625 0.0316953125 0.9050074078125
0 0.0323052078125 0.9332101859374999 0.0351526046875 0.9357407406249999 0.0377963546875 0.9314018515625 0.037186457812500004 0.9223629624999999 0.0308817703125 0.9220018515625 0.030678125 0.9256175921875001 0.0323052078125 0.9332101859374999
0 0.1775203125 0.9592435187499999 0.1726390625 0.9592435187499999 0.1726390625 0.9646666671874999 0.17609687499999999 0.9661129624999999 0.1775203125 0.9592435187499999
0 0.17019843750000002 0.92019351875 0.1671479171875 0.927425 0.17141875 0.925978703125 0.17019843750000002 0.92019351875
0 0.1685713546875 0.9422490734375 0.1671479171875 0.9386333328124999 0.1647072921875 0.9415259265625 0.16613125 0.94441851875 0.1685713546875 0.9422490734375
0 0.1364369796875 0.9476731484375 0.1356234375 0.9455037031250001 0.1291151046875 0.9606898140625001 0.1303354171875 0.9632203703125001 0.1364369796875 0.9476731484375
0 0.007492707812500001 0.8525805562500001 0.0097296875 0.8449870374999999 0.0060687499999999995 0.8395638890624999 0.0050520828125 0.8439027781249999 0.007492707812500001 0.8525805562500001
0 0.0890489578125 0.7871361109375 0.0862015625 0.7809898140625 0.082540625 0.78424351875 0.0843713546875 0.786775 0.0890489578125 0.7871361109375
0 0.0811171875 0.8109999999999999 0.07826979218749999 0.8073842593749999 0.0733885421875 0.814615740625 0.0770494796875 0.8135305562499999 0.0811171875 0.8109999999999999
0 0.1093875 0.783159259375 0.10816718750000001 0.7900287031250001 0.1118276046875 0.788221296875 0.1093875 0.783159259375
0 0.1358270828125 0.6074361109375 0.12870885468749999 0.629853703125 0.1315557296875 0.6309379625 0.1358270828125 0.6074361109375
0 0.1708088546875 0.5915268515625 0.1677578125 0.588996296875 0.1669447921875 0.5951425921875 0.1685713546875 0.5976740734375 0.1708088546875 0.5915268515625
0 0.23121354218749998 0.7010824078125 0.23182343749999998 0.695297221875 0.2324338546875 0.6895120375 0.22856927031250002 0.693127778125 0.22856927031250002 0.6989129625 0.23121354218749998 0.7010824078125
0 0.22246822968750002 0.5553703703124999 0.2177901046875 0.5582629625 0.2206375 0.5604324078125 0.22429843749999998 0.5579009265625 0.22246822968750002 0.5553703703124999
0 0.2251119796875 0.527890740625 0.2320270828125 0.515959259375 0.22206145781250003 0.5275296296875001 0.222875 0.5296990734375 0.2251119796875 0.527890740625
0 0.2796875 0.4606481484375 0.284375 0.45046296249999995 0.2833333328125 0.44120370312499996 0.27890625 0.4379629625 0.27421875 0.4388888890625 0.2713541671875 0.44490740781250004 0.2713541671875 0.4671296296875 0.26614583281250004 0.47453703750000004 0.26640625 0.48148148125 0.2776041671875 0.48379629687500003 0.28125 0.48101851875 0.2822916671875 0.46805555625000006 0.2796875 0.4606481484375
0 0.12005208281249999 0.403703703125 0.11875 0.41157407343749997 0.1203125 0.41342592656250005 0.12578125 0.4129629625 0.1270833328125 0.40972222187499996 0.12005208281249999 0.403703703125
0 0.4153645828125 0.1 0.4135416671875 0.10694444375 0.41875 0.11435185156250001 0.4244791671875 0.1115740734375 0.42395833281249995 0.1050925921875 0.4153645828125 0.1
0 0.41815677031250004 0.0439740734375 0.4106770828125 0.0441453703125 0.4088541671875 0.047386110937499996 0.40989583281249997 0.057571296875 0.4189546875 0.056740740624999994 0.415284375 0.051634259375000005 0.41815677031250004 0.0439740734375
0 0.4700520828125 0.1046296296875 0.46640625 0.1046296296875 0.46510416718750003 0.11435185156250001 0.4692708328125 0.1208333328125 0.47291666718750003 0.11898148125 0.471875 0.1125 0.4700520828125 0.1046296296875
0 0.48854166718750003 0.01898148125 0.49010416718750005 0.0245370375 0.4927083328125 0.022685185937499998 0.49192708281249997 0.0166666671875 0.48854166718750003 0.01898148125
0 0.5018229171875 0 0.5015625 0.008796296875 0.5075520828125 0.0074074078125 0.5083333328124999 0.0004629625 0.5018229171875 0
0 0.678125 0.013425926562500001 0.6776041671875 0.0236111109375 0.6807291671875 0.0208333328125 0.68203125 0.0129629625 0.678125 0.013425926562500001
0 0.7575520828125 0 0.74453125 0.002777778125 0.7401041671875 0.008796296875 0.7385416671875 0.0143518515625 0.73984375 0.025 0.7565104171875 0.0296296296875 0.7682291671875 0.0495370375 0.7703125 0.06064814843750001 0.7697916671875 0.08101851875 0.76796875 0.08333333281250001 0.76484375 0.08055555625000001 0.75234375 0.0620370375 0.73671875 0.046296296875 0.7330729171875 0.046296296875 0.7296875 0.059722221875 0.7302083328125 0.078240740625 0.7213541671875 0.09398148125 0.715625 0.1115740734375 0.7151041671875 0.1208333328125 0.7174479171875 0.12592592656249998 0.7205729171875 0.125 0.7377604171875001 0.11388888906250001 0.7606770828125 0.1175925921875 0.7619791671875 0.1254629625 0.759375 0.1476851859375 0.76484375 0.1629629625 0.8072916671874999 0.19583333281249998 0.7890625 0.2791666671875 0.7942708328125 0.29675925937500003 0.7953125 0.3236111109375 0.8033854171874999 0.3416666671875 0.81328125 0.35 0.8205729171874999 0.34722222187499996 0.8294270828125001 0.33703703749999997 0.83828125 0.340740740625 0.840625 0.3495370375 0.8395833328125001 0.3773148140625 0.8427083328125 0.384722221875 0.8611979171874999 0.3453703703125 0.87421875 0.3416666671875 0.8786458328125001 0.3476851859375 0.88203125 0.3620370375 0.8859375 0.35694444375 0.890625 0.316203703125 0.9026041671874999 0.28472222187499996 0.9036458328125001 0.266203703125 0.9276041671874999 0.1541666671875 0.9270833328125001 0.1476851859375 0.9208333328125 0.1384259265625 0.9145833328125 0.1171296296875 0.9395833328125001 0.09120370312500001 0.9578125 0.0078703703125 0.95703125 0 0.8544270828125 0 0.8466145828125 0.0240740734375 0.8424479171874999 0.0240740734375 0.8153645828125 0.002777778125 0.8065104171874999 0 0.7575520828125 0
0 0.42291666718750004 0.1541666671875 0.4234375 0.15324074062499998 0.4234375 0.14398148125000002 0.42213541718750003 0.1416666671875 0.4205729171875 0.1416666671875 0.41953125 0.140740740625 0.41822916718750003 0.14305555625 0.41822916718750003 0.1449074078125 0.41770833281249997 0.1458333328125 0.41770833281249997 0.1523148140625 0.4171875 0.1541666671875 0.41822916718750003 0.1578703703125 0.42109375 0.1583333328125 0.42291666718750004 0.15601851875 0.42291666718750004 0.1541666671875
0 0.32607708281250003 0.1514981484375 0.3279921875 0.1551861109375 0.3308645828125 0.1526333328125 0.3303859375 0.14809351875 0.32863020781249996 0.148377778125 0.32607708281250003 0.1514981484375
0 0.37490989531249996 0.0638333328125 0.37235625 0.0638333328125 0.3726755203125 0.0731953703125 0.376825 0.0771675921875 0.3811333328125 0.0729120375 0.37921875 0.0692240734375 0.37490989531249996 0.0638333328125
0 0.35575989531249996 0.0402861109375 0.3562385421875 0.0445416671875 0.3648557296875 0.042272221875 0.3640578125 0.03971851875 0.35575989531249996 0.0402861109375
0 0.40140052031250006 0.060428703125000004 0.40060260468750003 0.057025000000000006 0.39677291718749996 0.05844351875 0.3974109375 0.062131481249999995 0.40140052031250006 0.060428703125000004
0 0.3273536453125 0.080572221875 0.3326197921875 0.0785861109375 0.3356520828125 0.079721296875 0.3337369796875 0.07518148125 0.3273536453125 0.0774518515625 0.3273536453125 0.080572221875
0 0.2970328125 0.1897981484375 0.2987880203125 0.1861101859375 0.2986286453125 0.1812870375 0.2955963546875 0.181003703125 0.2932026046875 0.18355740781250002 0.2943197921875 0.183840740625 0.2968734375 0.20596944375 0.30213958281250003 0.19887685156249998 0.2991072921875 0.19603981406249998 0.2970328125 0.1897981484375
0 0.25857291718750003 0.09277129687499999 0.257615625 0.09106944375 0.2563390625 0.09106944375 0.2555411453125 0.1012824078125 0.2571369796875 0.1038361109375 0.25857291718750003 0.09277129687499999
0 0.24820000000000003 0.053903703125 0.24708281250000003 0.0558898140625 0.2489979171875 0.05929444375 0.25538125 0.0629824078125 0.2569770828125 0.06979166718749999 0.2582541671875 0.0655361109375 0.2572963546875 0.062414814062500004 0.25410468750000004 0.0578759265625 0.24820000000000003 0.053903703125
0 0.1821322921875 0.142703703125 0.1816536453125 0.145540740625 0.1875583328125 0.1446898140625 0.1899520828125 0.146959259375 0.19059010468749998 0.1503638890625 0.1918671875 0.146959259375 0.19043072968750002 0.1438379625 0.1939416671875 0.13702962968750002 0.1913880203125 0.1327740734375 0.18835625 0.1407175921875 0.1826109375 0.140434259375 0.1821322921875 0.142703703125
0 0.07776458281250001 0.096459259375 0.07999843749999999 0.0981620375 0.0823921875 0.0941898140625 0.0844671875 0.0865296296875 0.0828713546875 0.076884259375 0.081115625 0.084827778125 0.0776046875 0.095040740625 0.07776458281250001 0.096459259375
0 0.0774453125 0.11348148124999999 0.08047760468750001 0.1112120375 0.08478593749999999 0.11348148124999999 0.0870203125 0.1112120375 0.0884567703125 0.10695648124999999 0.08478593749999999 0.1015666671875 0.0779239578125 0.107240740625 0.07569010468750001 0.1140490734375 0.0774453125 0.11348148124999999
0 0.2844255203125 0.0374490734375 0.2831489578125 0.032342592187500005 0.2805958328125 0.0365981484375 0.28203177031250004 0.040853703125 0.2844255203125 0.0374490734375
0 0.4441692703125 0.2232759265625 0.44193489531249996 0.21958703750000003 0.43842395781250004 0.22384259218749997 0.44129687500000003 0.22923333281249997 0.4441692703125 0.2232759265625
0 0.46299999999999997 0.21050925937499998 0.4669895828125 0.20228148125 0.45932968750000003 0.207672221875 0.4594890625 0.21249444374999998 0.46299999999999997 0.21050925937499998
0 0.39996458281249997 0.21022500000000002 0.3996453125 0.2071046296875 0.39517708281249997 0.20880648124999998 0.39565572968749996 0.21164351875 0.39996458281249997 0.21022500000000002
0 0.3059692703125 0.27803055625 0.307884375 0.283421296875 0.3113953125 0.276896296875 0.3097994796875 0.27235648125 0.3066078125 0.2732074078125 0.3059692703125 0.27803055625
0 0.3289229171875 0.32459629687499997 0.3289229171875 0.32274444375 0.3271 0.3204296296875 0.3260583328125 0.3204296296875 0.3250166671875 0.32228148125 0.32345416718750003 0.3232074078125 0.3226729171875 0.32459629687499997 0.3226729171875 0.3283 0.3237145828125 0.3292259265625 0.3260583328125 0.3296888890625 0.3271 0.32876296250000003 0.3289229171875 0.32459629687499997
0 0.831046875 0.8022296296875 0.8294432296875 0.8017546296875 0.8276609374999999 0.8104675921875 0.8243635421875 0.8198148140624999 0.8194625 0.8383490734375 0.8181260421875001 0.844527778125 0.8204427078125001 0.84246851875 0.8254328125000001 0.8225074078124999 0.8284625 0.8147453703125 0.831046875 0.8022296296875
0 0.4231770828125 0.48981481406249994 0.42291666718750004 0.48101851875 0.41432291718750003 0.46296296249999996 0.4106770828125 0.4611111109375 0.3575520828125 0.4824074078125 0.35208333281250004 0.49490740781250003 0.3515625 0.5208333328125 0.353125 0.528240740625 0.40338541718750004 0.5083333328124999 0.40703125 0.49259259218749996 0.4231770828125 0.48981481406249994