0 0.9109375 0.43046875 0.04140625 0.08671875
0 0.94140625 0.69296875 0.0359375 0.075
0 0.83515625 0.203125 0.24921875 0.40546875
0 0.9296875 0.253125 0.05625 0.13046875
0 0.77578125 0.24453125 0.046875 0.0625
0 0.4328125 0.1328125 0.0625 0.075
0 0.2609375 0.21875 0.04921875 0.08828125
0 0.09375 0.11171875 0.0625 0.09765625
0 0.5234375 0.309375 0.0265625 0.06640625
0 0.61875 0.290625 0.03125 0.03359375
0 0.48515625 0.38359375 0.0578125 0.109375
0 0.43046875 0.37109375 0.0328125 0.1390625
0 0.38828125 0.4875 0.06796875 0.071875
0 0.2828125 0.4515625 0.0265625 0.040625
0 0.3015625 0.5828125 0.01953125 0.02578125
0 0.12890625 0.659375 0.04140625 0.05390625
0 0.08984375 0.68125 0.0359375 0.07421875
0 0.45859375 0.57578125 0.0734375 0.09140625
0 0.3859375 0.815625 0.0546875 0.07890625
0 0.26796875 0.85 0.028125 0.06953125
0 0.0484375 0.853125 0.046875 0.07734375
0 0.7578125 0.925 0.0578125 0.10078125
