0 0.83828125 0.19765625 0.25 0.3953125
0 0.7671875 0.2375 0.03046875 0.05390625
0 0.85390625 0.47890625 0.0453125 0.0640625
0 0.909375 0.421875 0.0375 0.0734375
0 0.7546875 0.3953125 0.02421875 0.05625
0 0.6203125 0.2984375 0.03671875 0.04765625
0 0.52265625 0.31328125 0.03125 0.0546875
0 0.440625 0.1375 0.0625 0.07109375
0 0.4109375 0.04375 0.01015625 0.04765625
0 0.37578125 0.07109375 0.0203125 0.0484375
0 0.38359375 0.0125 0.015625 0.025
0 0.26875 0.20859375 0.0734375 0.075
0 0.10625 0.1171875 0.028125 0.06328125
0 0.084375 0.11640625 0.0265625 0.09375
0 0.7625 0.93671875 0.059375 0.10078125
0 0.63203125 0.8453125 0.03359375 0.0546875
0 0.578125 0.79765625 0.01171875 0.0328125
0 0.74140625 0.68671875 0.05234375 0.06796875
0 0.9453125 0.68515625 0.02109375 0.0421875
0 0.05390625 0.84765625 0.0421875 0.0375
0 0.13046875 0.65078125 0.0390625 0.084375
0 0.0953125 0.67734375 0.02734375 0.07734375
0 0.20859375 0.5546875 0.01640625 0.03359375
0 0.14921875 0.55078125 0.02734375 0.0328125
0 0.128125 0.51875 0.0234375 0.028125
0 0.40078125 0.55625 0.01484375 0.02421875
0 0.3171875 0.49609375 0.02109375 0.0296875
0 0.27734375 0.46640625 0.02109375 0.05546875
0 0.3875 0.49609375 0.07421875 0.06953125
0 0.42890625 0.37890625 0.028125 0.13359375
0 0.4828125 0.3875 0.04765625 0.1203125
0 0.46015625 0.56953125 0.0734375 0.09140625
0 0.93203125 0.259375 0.0453125 0.09296875
0 0.671875 0.05078125 0.01953125 0.03359375
0 0.6078125 0.0421875 0.01953125 0.040625
0 0.825 0.81953125 0.025 0.05234375
0 0.384375 0.80703125 0.05625 0.07734375
0 0.2703125 0.85859375 0.02109375 0.046875
0 0.02734375 0.75390625 0.01875 0.04375
0 0.01484375 0.571875 0.0125 0.046875
0 0.03515625 0.31328125 0.01953125 0.03671875
0 0.103125 0.3125 0.0484375 0.08359375
0 0.21484375 0.1296875 0.01640625 0.03125
0 0.26640625 0.09765625 0.0109375 0.02421875
0 0.165625 0.02265625 0.0390625 0.03828125
0 0.1125 0.1953125 0.01171875 0.02890625
0 0.07265625 0.21015625 0.0328125 0.03125
0 0.01640625 0.28203125 0.02265625 0.03828125
0 0.30078125 0.58203125 0.02109375 0.04609375
0 0.25 0.55234375 0.0234375 0.0359375
0 0.19375 0.68671875 0.01796875 0.02421875
0 0.31015625 0.2859375 0.0265625 0.04609375
0 0.175 0.9484375 0.025 0.0625
0 0.13125 0.95546875 0.0140625 0.03671875
0 0.103125 0.95546875 0.0234375 0.0375
0 0.37890625 0.1734375 0.01796875 0.03515625
0 0.9421875 0.109375 0.01640625 0.02578125
0 0.96171875 0.21875 0.01640625 0.0390625
0 0.03359375 0.93984375 0.0296875 0.08203125
0 0.63359375 0.1734375 0.028125 0.05625
0 0.22421875 0.78984375 0.01640625 0.04296875
0 0.059375 0.71484375 0.01796875 0.05625
0 0.3125 0.40859375 0.02265625 0.0265625
0 0.2890625 0.34375 0.0171875 0.02734375
0 0.1875 0.28671875 0.01796875 0.0203125
0 0.18984375 0.14140625 0.01640625 0.028125
0 0.50078125 0.01796875 0.025 0.03515625
0 0.565625 0.08125 0.0140625 0.025
0 0.17421875 0.3421875 0.009375 0.03203125
0 0.01640625 0.85859375 0.0203125 0.046875