0 0.66171875 0.08125 0.03828125 0.128125
0 0.72265625 0.07890625 0.0171875 0.02734375
0 0.71015625 0.39765625 0.0390625 0.11015625
0 0.521875 0.103125 0.02734375 0.0421875
0 0.3 0.09375 0.03125 0.0515625
0 0.32578125 0.3015625 0.0421875 0.10234375
0 0.45703125 0.43046875 0.05 0.1265625
0 0.4515625 0.1421875 0.021875 0.03671875
0 0.471875 0.05859375 0.021875 0.03828125
0 0.5 0.1734375 0.01953125 0.0375
0 0.25234375 0.946875 0.0515625 0.10625
0 0.3078125 0.7421875 0.02265625 0.0515625
0 0.390625 0.928125 0.03359375 0.09296875
0 0.64453125 0.98046875 0.0203125 0.0390625
0 0.5578125 0.946875 0.02421875 0.04765625
0 0.72890625 0.93671875 0.11171875 0.1265625
0 0.60078125 0.53828125 0.046875 0.0453125
0 0.5640625 0.47421875 0.071875 0.08125
0 0.5703125 0.378125 0.07890625 0.04609375
0 0.503125 0.3015625 0.0359375 0.1359375
0 0.7578125 0.340625 0.0265625 0.02578125
0 0.775 0.2984375 0.01796875 0.03515625
0 0.62421875 0.165625 0.028125 0.05859375
0 0.684375 0.29140625 0.0203125 0.0421875
0 0.33671875 0.015625 0.0234375 0.03125
0 0.6125 0.7125 0.028125 0.0484375
0 0.7609375 0.69375 0.02265625 0.05703125
0 0.76015625 0.80859375 0.03046875 0.06171875
0 0.6828125 0.7359375 0.0234375 0.0515625
0 0.65625 0.24765625 0.00546875 0.03125
0 0.55234375 0.171875 0.01484375 0.03671875
0 0.46640625 0.32421875 0.01484375 0.02734375
0 0.74375 0.27890625 0.015625 0.02421875