0 0.4328125 0.37890625 0.01953125 0.13515625
0 0.48359375 0.38671875 0.05625 0.12109375
0 0.390625 0.49921875 0.08203125 0.0828125
0 0.459375 0.57890625 0.0734375 0.09921875
0 0.52109375 0.31015625 0.02890625 0.06796875
0 0.3015625 0.5828125 0.021875 0.03984375
0 0.6203125 0.296875 0.02734375 0.0453125
0 0.83984375 0.19453125 0.2515625 0.3890625
0 0.76953125 0.23828125 0.028125 0.0421875
0 0.9359375 0.25390625 0.04140625 0.1109375
0 0.85390625 0.48125 0.0390625 0.06953125
0 0.75390625 0.39375 0.02578125 0.05078125
0 0.27421875 0.46015625 0.028125 0.05546875
0 0.26953125 0.209375 0.071875 0.05703125
0 0.21328125 0.12734375 0.01640625 0.0359375
0 0.24765625 0.1296875 0.01640625 0.01875
0 0.26484375 0.09609375 0.01796875 0.025
0 0.44921875 0.13203125 0.04609375 0.0578125
0 0.38203125 0.1671875 0.0140625 0.02421875
0 0.4171875 0.1078125 0.01328125 0.025
0 0.20546875 0.55703125 0.01484375 0.0265625
0 0.24921875 0.54453125 0.01875 0.0359375
0 0.31640625 0.4921875 0.01953125 0.01953125
0 0.31171875 0.28828125 0.02421875 0.04140625
0 0.01328125 0.2765625 0.0203125 0.03203125
0 0.06015625 0.20078125 0.0203125 0.0265625
0 0.08203125 0.20859375 0.01484375 0.03125
0 0.08046875 0.140625 0.021875 0.040625
0 0.08046875 0.09375 0.01484375 0.03828125
0 0.103125 0.1125 0.0296875 0.05703125
0 0.0375 0.3109375 0.0234375 0.034375
0 0.11328125 0.19296875 0.01328125 0.028125
0 0.1046875 0.31484375 0.04453125 0.07421875
0 0.12890625 0.515625 0.0234375 0.034375
0 0.14609375 0.5453125 0.03359375 0.03125
0 0.1890625 0.13828125 0.0171875 0.0265625
0 0.15546875 0.0265625 0.0171875 0.028125
0 0.17734375 0.0109375 0.01484375 0.021875
0 0.3765625 0.0671875 0.01640625 0.0265625
0 0.38515625 0.0125 0.015625 0.025
0 0.41328125 0.040625 0.015625 0.04609375
0 0.603125 0.04140625 0.0140625 0.0265625
0 0.671875 0.0453125 0.01796875 0.03046875
0 0.56484375 0.071875 0.0203125 0.0296875
0 0.6328125 0.16953125 0.02890625 0.04375
0 0.61640625 0.03046875 0.0125 0.02265625
0 0.94375 0.68515625 0.0328125 0.04375
0 0.759375 0.9359375 0.05078125 0.10078125
0 0.82421875 0.8203125 0.01796875 0.05390625
0 0.63515625 0.83828125 0.025 0.046875
0 0.5796875 0.7953125 0.015625 0.02734375
0 0.38515625 0.81015625 0.05234375 0.078125
0 0.2703125 0.85234375 0.0265625 0.05234375
0 0.02734375 0.75859375 0.02265625 0.05546875
0 0.05625 0.721875 0.02265625 0.03671875
0 0.09375 0.675 0.0265625 0.07890625
0 0.1296875 0.653125 0.04140625 0.05859375
0 0.2265625 0.79453125 0.0109375 0.02578125
0 0.03828125 0.92890625 0.0234375 0.0796875
0 0.00703125 0.8453125 0.0140625 0.0234375
0 0.04921875 0.846875 0.0453125 0.03828125
0 0.103125 0.9484375 0.02109375 0.0359375
0 0.015625 0.5671875 0.01640625 0.03359375
0 0.190625 0.68125 0.015625 0.028125
0 0.134375 0.953125 0.01328125 0.03046875
0 0.14453125 0.89765625 0.01796875 0.02421875
0 0.175 0.96328125 0.0203125 0.0265625
0 0.17421875 0.340625 0.01484375 0.025
0 0.18984375 0.28203125 0.015625 0.025
