0 0.4427083328125 0.5601851859375 0.4565973953125 0.563271296875 0.4704859375 0.5601851859375 0.4348958328125 0.49228425937500003 0.40538177031249994 0.5 0.4427083328125 0.5601851859375
0 0.4019098953125 0.4675925921875 0.41319427031249994 0.4459879625 0.3984375 0.4429009265625 0.3854166671875 0.45370370312499997 0.3767359375 0.48148148125 0.4019098953125 0.4675925921875
0 0.6255171875000001 0.04345 0.6104177078124999 0.03165555625 0.5962333328125 0.05280462968750001 0.5875401046875 0.0942898140625 0.6095026046875 0.11421944375 0.6255171875000001 0.04345
0 0.5335156249999999 0.5802222218749999 0.5423078125 0.5864740734375 0.5462645828125 0.5935083328124999 0.5484625000000001 0.6021046296875 0.54714375 0.6185175921875 0.5541776046875 0.6357111109375 0.5554963546875 0.613827778125 0.5603322921875 0.6122648140625 0.5603322921875 0.6052314812499999 0.5541776046875 0.60445 0.5449458328125 0.5794407406250001 0.5603322921875 0.5325481484375 0.5467041671875 0.511446296875 0.5286796875 0.5552129625 0.5141723953125 0.5591203703125001 0.5207666671875 0.5794407406250001 0.5335156249999999 0.5802222218749999
0 0.7568411453125 0.014386110937499998 0.7383770828125 0.0010999999999999998 0.7401354171875 0.0136046296875 0.7287052078125 0.0307981484375 0.726946875 0.048774073437499996 0.7207921875000001 0.0620601859375 0.7335411453125 0.077690740625 0.750246875 0.0456481484375 0.7647541671875 0.0393953703125 0.7717880203124999 0.0292351859375 0.7603578125 0.024546296875 0.7568411453125 0.014386110937499998
0 0.31328125 0.7109375 0.01171875 0.02109375
0 0.43046875 0.61875 0.07421875 0.02421875
0 0.546875 0.85625 0.01796875 0.02578125
0 0.52734375 0.94609375 0.01796875 0.021875
0 0.6926567703125001 0.9240999999999999 0.6992510421875 0.9194101859374999 0.7093625 0.9194101859374999 0.7058453124999999 0.8873675921874999 0.701009375 0.8936194437499999 0.6970531249999999 0.9014351859374999 0.6878213546875 0.9022166671875 0.6926567703125001 0.9240999999999999
0 0.2726161453125 0.9143583328125 0.2694052078125 0.9178462968750001 0.2706541671875 0.922602778125 0.2735078125 0.9213342593749999 0.274578125 0.9257731484375 0.2774317703125 0.9241879624999999 0.2758265625 0.9067481484375 0.2717239578125 0.9080166671875001 0.2726161453125 0.9143583328125
0 0.409375 0.86328125 0.01171875 0.01875
0 0.2953125 0.76640625 0.00625 0.01328125
0 0.6640625 0.9890625 0.0140625 0.02109375
0 0.44609375 0.83046875 0.0125 0.04140625
0 0.4984375 0.82578125 0.01171875 0.03125
0 0.46796875 0.76953125 0.00546875 0.01484375
0 0.29296875 0.9453125 0.00703125 0.01640625
0 0.34140625 0.753125 0.00703125 0.02109375
0 0.3671875 0.69609375 0.00703125 0.0203125
0 0.3510708328125 0 0.3484375 0.003240740625 0.3447916671875 0.0300925921875 0.34817708281250004 0.0351851859375 0.35078125 0.034259259375000004 0.36276041718749996 0.0175925921875 0.3625 0.009722221875000001 0.3580729171875 0 0.3510708328125 0
0 0.30546875 0.5694444437499999 0.29244791718749996 0.56851851875 0.2903645828125 0.5629629625 0.28125 0.5634259265625 0.2786458328125 0.6134259265625001 0.2888020828125 0.6333333328124999 0.30625 0.6226851859375 0.29739583281250004 0.6171296296875 0.29635416718749996 0.5912037031249999 0.30130208281250004 0.5768518515625 0.3065104171875 0.5740740734374999 0.30546875 0.5694444437499999
0 0.3484375 0.9236111109375 0.3427083328125 0.9106481484375 0.3395833328125 0.8949074078124999 0.32890625 0.86851851875 0.321875 0.9087962968750001 0.3380208328125 0.941203703125 0.34453125 0.9703703703125001 0.3463541671875 0.9671296296874999 0.3453125 0.9421296296874999 0.3486979171875 0.93148148125 0.3484375 0.9236111109375
0 0.2296875 0.6995370375000001 0.2231770828125 0.696296296875 0.2192708328125 0.70601851875 0.2192708328125 0.7125 0.23046875 0.7129629625 0.2296875 0.6995370375000001
0 0.6927083328125 0.7050925921875 0.6825520828125 0.671296296875 0.6596354171875001 0.6611111109375 0.6536458328125 0.671759259375 0.6630208328125 0.6921296296875 0.6640625 0.7041666671875 0.6625 0.7134259265625 0.6752604171875001 0.7138888890625 0.6802083328124999 0.7208333328125 0.6802083328124999 0.7300925921875 0.6734375 0.741203703125 0.6736979171875 0.7481481484375 0.678125 0.74398148125 0.6924479171875 0.7138888890625 0.6927083328125 0.7050925921875
0 0.237953125 0.6559888890625001 0.232484375 0.6564518515625 0.23430729218750002 0.663396296875 0.2400364578125 0.6698777781249999 0.24055729218750002 0.664322221875 0.237953125 0.6559888890625001
0 0.39505208281250004 0.271296296875 0.38828125 0.271296296875 0.3765625 0.2921296296875 0.3760416671875 0.3013888890625 0.3799479171875 0.30740740781250003 0.3908854171875 0.30555555624999997 0.39114583281250004 0.2875 0.3966145828125 0.28148148125 0.39505208281250004 0.271296296875
0 0.25052083281250004 0.1828703703125 0.2466145828125 0.18055555625 0.23697916718749998 0.1976851859375 0.2388020828125 0.20370370312500002 0.24348958281250002 0.2046296296875 0.24973958281250003 0.1981481484375 0.2518229171875 0.190740740625 0.25052083281250004 0.1828703703125
0 0.23463541718749997 0.2870370375 0.2328125 0.29675925937500003 0.23411458281250003 0.3 0.23723958281250002 0.29814814843750004 0.23463541718749997 0.2870370375
0 0.24505208281250002 0.3101851859375 0.23854166718749997 0.308796296875 0.24140625 0.32685185156249996 0.24583333281250003 0.32453703749999996 0.24609375 0.31851851875000003 0.24505208281250002 0.3101851859375
0 0.26223958281250004 0.3796296296875 0.2578125 0.378240740625 0.2580729171875 0.3861111109375 0.26171875 0.3898148140625 0.2638020828125 0.38703703749999996 0.26223958281250004 0.3796296296875
0 0.31692708281250004 0.2453703703125 0.3127604171875 0.2453703703125 0.3114583328125 0.2523148140625 0.3138020828125 0.25555555625 0.31692708281250004 0.25 0.31692708281250004 0.2453703703125
0 0.30911458281250004 0.2601851859375 0.3046875 0.2625 0.3036458328125 0.2671296296875 0.30546875 0.2731481484375 0.3096354171875 0.26944444375 0.30911458281250004 0.2601851859375
0 0.3771588546875 0.8167120375 0.37273177031250004 0.813471296875 0.3729921875 0.8194898140625 0.3792421875 0.83615648125 0.3867942703125 0.851434259375 0.3899192703125 0.8505083328125 0.3771588546875 0.8167120375
0 0.36810312500000003 0.8446981484375 0.3646098953125 0.8426731484375001 0.36497812500000004 0.8530314812500001 0.36888437500000004 0.8525685187500001 0.36810312500000003 0.8446981484375
0 0.6086343750000001 0.98254351875 0.6118885421875 0.98254351875 0.6131088546875 0.9778425921875 0.6098546875 0.9767583328124999 0.6066005203125 0.9756731484375001 0.6086343750000001 0.98254351875
0 0.533184375 1 0.5339932296875001 0.9966444437499999 0.5325692703125 0.9901361109375 0.5311458328125 0.9933898140625 0.5324390625000001 1 0.533184375 1
0 0.5154854171875 0.9941129625 0.5167057296875 0.9926666671875 0.5156885421874999 0.9886898140625 0.5089770828125 0.9763962968750001 0.5154854171875 0.9941129625
0 0.48932291718750004 0.8888888890625 0.48203125 0.8870370375000001 0.4778645828125 0.8916666671875 0.4721354171875 0.8833333328125 0.46692708281249995 0.8851851859375 0.46510416718750003 0.89305555625 0.465625 0.9013888890624999 0.46901041718750003 0.9064814812499999 0.48151041718750004 0.9064814812499999 0.4856770828125 0.915740740625 0.4895833328125 0.915277778125 0.4908854171875 0.8953703703125001 0.48932291718750004 0.8888888890625
0 0.2815104171875 0.634259259375 0.27786458281250004 0.6351851859375001 0.275 0.6504629625 0.27890625 0.6537037031249999 0.2830729171875 0.64444444375 0.2815104171875 0.634259259375
0 0.2506666671875 0.6440805562499999 0.2477942703125 0.65060555625 0.2434854171875 0.6454990734375 0.2435817703125 0.6587962968750001 0.2454046875 0.6620370375 0.2511338546875 0.6601851859375001 0.2506666671875 0.6440805562499999
0 0.28567708281250004 0.5481481484375 0.28203125 0.55 0.2776041671875 0.553240740625 0.2776041671875 0.559722221875 0.2830729171875 0.5620370375 0.28671875 0.5546296296875 0.28567708281250004 0.5481481484375
0 0.23151041718749998 0.5129629625 0.228125 0.5143518515625 0.22942708281250002 0.5203703703125 0.2325520828125 0.5175925921875 0.23151041718749998 0.5129629625
0 0.22291666718749997 0.4865740734375 0.21901041718749997 0.48518518593750004 0.21875 0.496759259375 0.22369791718749998 0.497222221875 0.22291666718749997 0.4865740734375
0 0.23046875 0.178703703125 0.2260416671875 0.1763888890625 0.22630208281250003 0.1833333328125 0.23203125 0.184259259375 0.23046875 0.178703703125
0 0.3078125 0.640277778125 0.3065104171875 0.6370370375000001 0.30546875 0.6370370375000001 0.3049479171875 0.6361111109375 0.2997395828125 0.6361111109375 0.2984375 0.6384259265625001 0.2984375 0.641203703125 0.2979166671875 0.64305555625 0.29921875 0.6453703703125 0.30026041718749996 0.6453703703125 0.30078125 0.646296296875 0.3044270828125 0.646296296875 0.30546875 0.647222221875 0.3075520828125 0.6453703703125 0.3078125 0.640277778125
0 0.3020526046875 0.8015361109375 0.3022125 0.8046574078125 0.3039677078125 0.8091962968749999 0.3060421875 0.8057916671875001 0.30460625 0.8006851859375 0.3020526046875 0.8015361109375
0 0.2597630203125 0.71131851875 0.25768854218750004 0.714722221875 0.25465625 0.7223824078125001 0.25465625 0.726922221875 0.2599223953125 0.7263546296875 0.2621567703125 0.718977778125 0.2597630203125 0.71131851875
0 0.24252812499999998 0.74025648125 0.2410916671875 0.7416750000000001 0.24141093749999998 0.7564268515625 0.2438046875 0.7555759265625 0.24252812499999998 0.74025648125
0 0.2516244796875 0.6835148140625 0.2536989578125 0.6823805562499999 0.2527411453125 0.6752879625 0.2508265625 0.67670648125 0.2516244796875 0.6835148140625
0 0.2610395828125 0.795578703125 0.2623166671875 0.8069268515625 0.264071875 0.8069268515625 0.2629546875 0.7975648140625 0.2635932296875 0.7921740734375 0.2610395828125 0.795578703125
0 0.3306182296875 0.8517518515625 0.3290223953125 0.8571425921875001 0.3255114578125 0.86083055625 0.32343697968749996 0.8577101859375 0.32072395781249996 0.8579935187500001 0.3205645828125 0.863384259375 0.32200104218750003 0.8676398140625 0.3221604171875 0.865653703125 0.3346078125 0.8611138890625 0.3306182296875 0.8517518515625
0 0.27572135468750003 0.9345935187500001 0.2771578125 0.9317564812500001 0.27093385468750003 0.929203703125 0.2699765625 0.9309055562499999 0.2699765625 0.933175 0.27572135468750003 0.9345935187500001
0 0.25385833281250003 0.9314731484375001 0.2513052078125 0.937147221875 0.24907083281250003 0.94764444375 0.2501880203125 0.94963055625 0.252103125 0.9462259265625 0.2541776046875 0.934877778125 0.2580078125 0.932040740625 0.25561406249999996 0.9297703703125 0.25385833281250003 0.9314731484375001
0 0.2393364578125 0.8900518515625 0.24173020781250001 0.8874990734375 0.23981510468749997 0.88324351875 0.23694270781250001 0.8855129625 0.2393364578125 0.8900518515625
0 0.3446614578125 0.60946851875 0.34769375 0.6043611109375 0.3443427078125 0.5992546296875 0.3422677078125 0.6032268515625 0.3446614578125 0.60946851875
0 0.335565625 0.572302778125 0.338278125 0.57201944375 0.3371614578125 0.565777778125 0.3325333328125 0.5586851859374999 0.335565625 0.572302778125
0 0.3362036453125 0.6863518515625 0.3377994796875 0.6855009265625001 0.3370015625 0.677840740625 0.3352463546875 0.6784083328125 0.3362036453125 0.6863518515625
0 0.37195052031250003 0.8381342593750001 0.3724291671875 0.8438083328125 0.3751421875 0.8449435187500001 0.3781744796875 0.8415388890625 0.3745041671875 0.8352972218750001 0.37195052031250003 0.8381342593750001
0 0.4042 0.8092296296875 0.4036791671875 0.807377778125 0.4013354171875 0.8041370375 0.40029375 0.8041370375 0.3989916671875 0.807377778125 0.3989916671875 0.8092296296875 0.40003333281250003 0.8110814812499999 0.40055416718750003 0.8138592593749999 0.4013354171875 0.8152481484375 0.40341875 0.8152481484375 0.40393958281250003 0.8133962968749999 0.4042 0.8092296296875
0 0.5046875 0.671759259375 0.49583333281249997 0.665277778125 0.49427083281249995 0.6365740734374999 0.48932291718750004 0.6370370375000001 0.4791666671875 0.6523148140624999 0.478125 0.6587962968750001 0.49010416718750005 0.753240740625 0.49713541718750004 0.7629629625 0.51171875 0.7638888890625 0.5158854171875 0.7611111109375 0.5046875 0.671759259375
