0 0.425 0.5296875 0.07734375 0.0796875
0 0.49609375 0.66875 0.04921875 0.11484375
0 0.70625 0.66953125 0.0546875 0.0796875
0 0.54609375 0.56015625 0.0609375 0.11015625
0 0.4171875 0.6046875 0.09375 0.03515625
0 0.365625 0.3203125 0.03046875 0.04609375
0 0.37578125 0.46796875 0.046875 0.04296875
0 0.28515625 0.090625 0.2359375 0.18125
0 0.328125 0.09375 0.03203125 0.040625
0 0.79140625 0.1109375 0.06484375 0.07578125
0 0.7265625 0.2984375 0.02734375 0.04140625
0 0.71640625 0.0140625 0.0328125 0.028125
0 0.43046875 0.11875 0.0296875 0.04296875
0 0.696875 0.38046875 0.0171875 0.025
0 0.73359375 0.84375 0.0296875 0.04140625
0 0.553125 0.8015625 0.02109375 0.0328125
0 0.53828125 0.9390625 0.01796875 0.02421875
0 0.53046875 0.871875 0.02421875 0.03125
0 0.47421875 0.834375 0.0359375 0.0359375
0 0.30390625 0.846875 0.03984375 0.109375
0 0.3578125 0.77890625 0.02734375 0.040625
0 0.26015625 0.96640625 0.0203125 0.0265625
0 0.69609375 0.9109375 0.02109375 0.02578125
0 0.6234375 0.96015625 0.0171875 0.028125
0 0.2796875 0.67890625 0.01484375 0.028125
0 0.25703125 0.7234375 0.00859375 0.01796875
0 0.21328125 0.6875 0.01796875 0.02734375
0 0.17578125 0.671875 0.01640625 0.0375
0 0.340625 0.6640625 0.01328125 0.025
0 0.26796875 0.6171875 0.01640625 0.015625
0 0.23984375 0.62109375 0.01328125 0.0203125
0 0.19375 0.63046875 0.02890625 0.02734375
0 0.25546875 0.57578125 0.0421875 0.07421875
0 0.253125 0.87421875 0.01328125 0.02265625
0 0.23046875 0.84921875 0.015625 0.03125
0 0.25234375 0.928125 0.02265625 0.025
0 0.1734375 0.97734375 0.0140625 0.02421875
0 0.4953125 0.76875 0.01875 0.02734375
0 0.19609375 0.34765625 0.0171875 0.028125
0 0.1984375 0.24140625 0.01953125 0.03046875
0 0.28125 0.3 0.03203125 0.03984375
0 0.39453125 0.9875 0.0125 0.01796875
0 0.353125 0.96484375 0.01328125 0.0265625
0 0.80703125 0.98359375 0.01484375 0.02265625
0 0.3625 0.51171875 0.01171875 0.01640625
0 0.1875 0.3234375 0.01328125 0.0171875
0 0.43125 0.7875 0.01328125 0.01796875
0 0.43515625 0.76640625 0.01171875 0.0171875
0 0.63046875 0.9046875 0.01328125 0.015625
0 0.51484375 0.94375 0.0109375 0.021875