0 0.79375 0.88984375 0.06640625 0.08046875
0 0.3078125 0.15625 0.04296875 0.096875
0 0.3671875 0.67890625 0.03359375 0.0546875
0 0.3765625 0.53203125 0.040625 0.04453125
0 0.4265625 0.4734375 0.07578125 0.06015625
0 0.4203125 0.39609375 0.08671875 0.0265625
0 0.496875 0.33515625 0.0453125 0.11015625
0 0.546875 0.44453125 0.0578125 0.11640625
0 0.70703125 0.33046875 0.04453125 0.07421875
0 0.73515625 0.15859375 0.03046875 0.04140625
0 0.38359375 0.24296875 0.00703125 0.02890625
0 0.434375 0.225 0.0109375 0.0359375
0 0.47578125 0.16796875 0.034375 0.0296875
0 0.5 0.22734375 0.01328125 0.028125
0 0.5546875 0.2015625 0.01484375 0.03125
0 0.5328125 0.1265625 0.0203125 0.025
0 0.25234375 0.071875 0.01796875 0.021875
0 0.19140625 0.6625 0.01953125 0.03359375
0 0.2 0.7546875 0.0171875 0.03671875
0 0.19453125 0.3703125 0.02265625 0.0328125
0 0.25625 0.41953125 0.03828125 0.10390625
0 0.27890625 0.3234375 0.0140625 0.02890625
0 0.35390625 0.22265625 0.03125 0.040625
0 0.2859375 0.90625 0.234375 0.1875
0 0.328125 0.90546875 0.01796875 0.03359375
0 0.42890625 0.88515625 0.0265625 0.03515625
0 0.71796875 0.98671875 0.0296875 0.02578125
0 0.72890625 0.70390625 0.02265625 0.0515625
0 0.6265625 0.86328125 0.04453125 0.065625
0 0.28359375 0.70625 0.03046875 0.04453125
0 0.34375 0.33984375 0.0140625 0.02421875
0 0.17421875 0.02109375 0.0171875 0.01796875
0 0.2609375 0.034375 0.02578125 0.028125
0 0.23203125 0.1484375 0.009375 0.02265625
0 0.17578125 0.328125 0.0140625 0.0265625
0 0.21328125 0.3125 0.0171875 0.02890625
0 0.69453125 0.08984375 0.01953125 0.02734375
0 0.7953125 0.009375 0.040625 0.01484375
0 0.35390625 0.03515625 0.015625 0.0171875
0 0.39375 0.01015625 0.0109375 0.01875
0 0.540625 0.06171875 0.0234375 0.0171875
0 0.62265625 0.0375 0.01640625 0.01796875
0 0.215625 0.6 0.01875 0.02421875
0 0.38828125 0.19375 0.01796875 0.01640625
0 0.53671875 0.3484375 0.01328125 0.0203125
