0 0.6640625 0.07578125 0.21640625 0.1515625
0 0.65234375 0.2890625 0.165625 0.23515625
0 0.515625 0.35859375 0.09765625 0.4
0 0.4 0.41875 0.08828125 0.1703125
0 0.21953125 0.41484375 0.08828125 0.178125
0 0.18046875 0.9390625 0.08046875 0.121875
0 0.6234375 0.59921875 0.11171875 0.20703125
0 0.48828125 0.72109375 0.09453125 0.20234375
0 0.371875 0.79296875 0.103125 0.22890625
0 0.68125 0.859375 0.109375 0.28125
0 0.803125 0.61484375 0.08203125 0.1515625
0 0.96484375 0.35546875 0.0703125 0.16015625
0 0.846875 0.0953125 0.06875 0.18203125
0 0.971875 0.09140625 0.02890625 0.08828125
0 0.70625 0.53203125 0.04765625 0.23515625
0 0.41015625 0.5921875 0.07265625 0.12734375
0 0.5078125 0.5828125 0.04140625 0.0625
0 0.59296875 0.7515625 0.0328125 0.08515625
0 0.5171875 0.903125 0.06875 0.19375
0 0.259375 0.9484375 0.02421875 0.084375
0 0.4078125 0.30625 0.046875 0.0359375
0 0.61875 0.4578125 0.1 0.0765625
