0 0.0890625 0.43046875 0.04140625 0.08671875
0 0.05859375 0.69296875 0.0359375 0.075
0 0.16484375 0.203125 0.24921875 0.40546875
0 0.0703125 0.253125 0.05625 0.13046875
0 0.22421875 0.24453125 0.046875 0.0625
0 0.5671875 0.1328125 0.0625 0.075
0 0.7390625 0.21875 0.04921875 0.08828125
0 0.90625 0.11171875 0.0625 0.09765625
0 0.4765625 0.309375 0.0265625 0.06640625
0 0.38125 0.290625 0.03125 0.03359375
0 0.51484375 0.38359375 0.0578125 0.109375
0 0.56953125 0.37109375 0.0328125 0.1390625
0 0.61171875 0.4875 0.06796875 0.071875
0 0.7171875 0.4515625 0.0265625 0.040625
0 0.6984375 0.5828125 0.01953125 0.02578125
0 0.87109375 0.659375 0.04140625 0.05390625
0 0.91015625 0.68125 0.0359375 0.07421875
0 0.54140625 0.57578125 0.0734375 0.09140625
0 0.6140625 0.815625 0.0546875 0.07890625
0 0.73203125 0.85 0.028125 0.06953125
0 0.9515625 0.853125 0.046875 0.07734375
0 0.2421875 0.925 0.0578125 0.10078125