0 0.73203125 0.209375 0.06640625 0.06953125
0 0.55859375 0.13046875 0.071875 0.071875
0 0.25078125 0.09375 0.0734375 0.1828125
0 0.2296875 0.240625 0.021875 0.0328125
0 0.3796875 0.3015625 0.03828125 0.053125
0 0.3921875 0.04609375 0.025 0.0359375
0 0.32734375 0.0484375 0.01875 0.02578125
0 0.5875 0.0453125 0.0140625 0.046875
0 0.615625 0.01953125 0.02109375 0.0296875
0 0.67109375 0.15078125 0.01015625 0.01953125
0 0.7328125 0.09609375 0.0109375 0.021875
0 0.47890625 0.3171875 0.02890625 0.071875
0 0.51640625 0.38828125 0.040625 0.125
0 0.57109375 0.37578125 0.02578125 0.146875
0 0.61328125 0.49609375 0.0703125 0.071875
0 0.68359375 0.49453125 0.01953125 0.03203125
0 0.72421875 0.46640625 0.0265625 0.06171875
0 0.5421875 0.5703125 0.06796875 0.08984375
0 0.61328125 0.80859375 0.04765625 0.08203125
0 0.73203125 0.859375 0.02109375 0.0546875
0 0.771875 0.79765625 0.01484375 0.03515625
0 0.240625 0.9359375 0.0453125 0.096875
0 0.365625 0.8390625 0.0234375 0.0484375
0 0.42265625 0.80078125 0.015625 0.03359375
0 0.3671875 0.1734375 0.02421875 0.04296875
0 0.61640625 0.16640625 0.01484375 0.03515625
0 0.6234375 0.07109375 0.01015625 0.02109375
0 0.6984375 0.5796875 0.021875 0.03828125
0 0.75078125 0.55078125 0.01328125 0.0328125
0 0.26015625 0.69140625 0.05 0.0546875
0 0.6859375 0.2859375 0.021875 0.046875
0 0.7484375 0.1296875 0.01484375 0.02109375
0 0.65078125 0.1359375 0.01484375 0.01875
0 0.24296875 0.39375 0.03125 0.0421875
0 0.6859375 0.40625 0.02109375 0.025
0 0.60859375 0.2640625 0.015625 0.021875
0 0.64375 0.21875 0.01328125 0.02109375
0 0.50078125 0.01796875 0.02578125 0.03515625
0 0.70390625 0.3375 0.0109375 0.03203125