0 0.809375 0.1359375 0.0625 0.1046875
0 0.37109375 0.2453125 0.0625 0.090625
0 0.23828125 0.21953125 0.04375 0.0859375
0 0.45625 0.43515625 0.08828125 0.0734375
0 0.36640625 0.50390625 0.0875 0.06171875
0 0.2625 0.421875 0.0203125 0.0328125
0 0.2390625 0.54921875 0.02265625 0.04140625
0 0.2265625 0.75234375 0.07890625 0.06015625
0 0.4234375 0.6125 0.034375 0.13671875
0 0.48515625 0.59453125 0.0484375 0.09921875
0 0.53125 0.65859375 0.040625 0.0625
0 0.6421875 0.67265625 0.04296875 0.04296875
0 0.79609375 0.85078125 0.115625 0.16796875
0 0.81484375 0.715625 0.0359375 0.0375
0 0.4390625 0.81171875 0.0625 0.05703125
