0 0.21015625 0.11015625 0.06953125 0.0859375
0 0.71796875 0.11796875 0.2484375 0.2359375
0 0.63203125 0.33828125 0.02578125 0.0640625
0 0.63046875 0.45625 0.04375 0.04609375
0 0.67578125 0.1015625 0.03671875 0.04921875
0 0.58125 0.6109375 0.0953125 0.05
0 0.57578125 0.528125 0.07890625 0.07890625
0 0.5 0.67265625 0.0484375 0.12734375
0 0.44921875 0.56328125 0.05546875 0.13125
0 0.74375 0.5921875 0.05234375 0.1140625
0 0.69140625 0.85234375 0.0421875 0.09765625
0 0.28984375 0.66953125 0.05546875 0.09296875
0 0.26328125 0.85078125 0.0375 0.034375
0 0.44140625 0.80234375 0.02421875 0.02421875
0 0.53515625 0.83828125 0.04375 0.040625