0 0.2671875 0.21015625 0.06796875 0.071875
0 0.44453125 0.11953125 0.0640625 0.053125
0 0.43046875 0.37734375 0.02734375 0.15625
0 0.61875 0.30078125 0.0359375 0.06796875
0 0.48828125 0.39140625 0.065625 0.12421875
0 0.525 0.3109375 0.04375 0.08828125
0 0.3890625 0.49453125 0.08984375 0.084375
0 0.03515625 0.93125 0.0546875 0.08359375
0 0.009375 0.8453125 0.01328125 0.03046875
0 0.053125 0.85390625 0.059375 0.05
0 0.7625 0.94296875 0.0578125 0.1125
0 0.39140625 0.809375 0.0671875 0.109375
0 0.10703125 0.30859375 0.0640625 0.09765625
0 0.83984375 0.203125 0.265625 0.40078125
0 0.4640625 0.5734375 0.09140625 0.11875
0 0.27578125 0.4578125 0.0359375 0.0765625
0 0.30390625 0.58359375 0.04609375 0.06484375
0 0.94375 0.6859375 0.05078125 0.06484375
0 0.93671875 0.26015625 0.05234375 0.13515625
0 0.76875 0.24453125 0.034375 0.06640625
0 0.14296875 0.528125 0.059375 0.09765625
0 0.85546875 0.48359375 0.03828125 0.0703125
0 0.9125 0.41953125 0.03125 0.06875
0 0.965625 0.21796875 0.015625 0.03359375
0 0.6078125 0.040625 0.01875 0.0453125
0 0.66875 0.05078125 0.01328125 0.04453125
0 0.634375 0.17265625 0.02734375 0.05078125
0 0.74375 0.69296875 0.05546875 0.0875
0 0.82265625 0.8234375 0.025 0.0671875
0 0.275 0.85703125 0.04140625 0.0546875
0 0.1015625 0.94765625 0.021875 0.04140625
0 0.1328125 0.96015625 0.0203125 0.0296875
0 0.17109375 0.9484375 0.02109375 0.059375
0 0.02734375 0.76796875 0.021875 0.0671875
0 0.05546875 0.72109375 0.02421875 0.0359375
0 0.09375 0.67578125 0.028125 0.0890625
0 0.13046875 0.6515625 0.03828125 0.09140625
0 0.07890625 0.12265625 0.0203125 0.08515625
0 0.1046875 0.1234375 0.0296875 0.0796875
0 0.3171875 0.496875 0.01796875 0.02890625
0 0.31171875 0.2875 0.03046875 0.059375
0 0.22578125 0.7984375 0.02421875 0.01953125
0 0.63515625 0.84453125 0.03203125 0.03125
0 0.57421875 0.8 0.02265625 0.03984375
0 0.20390625 0.5453125 0.01796875 0.05625
0 0.2484375 0.55390625 0.02421875 0.03125
0 0.01328125 0.571875 0.0171875 0.03203125
0 0.03828125 0.31328125 0.025 0.03671875
0 0.01171875 0.27578125 0.01328125 0.04453125
0 0.3796875 0.0765625 0.02265625 0.04453125
0 0.384375 0.01953125 0.0140625 0.03203125
0 0.1890625 0.13984375 0.0140625 0.02265625
0 0.21484375 0.13671875 0.015625 0.0328125
0 0.2640625 0.0984375 0.0171875 0.02734375
0 0.15234375 0.02421875 0.01171875 0.0265625
0 0.178125 0.0140625 0.01875 0.028125
0 0.9421875 0.11015625 0.01328125 0.01796875
0 0.3828125 0.171875 0.0171875 0.04453125
0 0.0703125 0.20703125 0.04375 0.03203125
0 0.1109375 0.18984375 0.01796875 0.025
0 0.07109375 0.546875 0.01953125 0.0265625
0 0.19140625 0.6875 0.01875 0.03359375
0 0.315625 0.40234375 0.02421875 0.02265625
0 0.18828125 0.28203125 0.01015625 0.01875
0 0.496875 0.01640625 0.0328125 0.0328125
0 0.4109375 0.04296875 0.01640625 0.0640625
0 0.3890625 0.26015625 0.0140625 0.0203125
