0 0.42890625 0.5328125 0.07421875 0.08203125
0 0.496875 0.671875 0.05 0.11640625
0 0.7078125 0.6703125 0.05078125 0.075
0 0.54921875 0.559375 0.0609375 0.1125
0 0.37578125 0.47109375 0.046875 0.059375
0 0.28515625 0.090625 0.23671875 0.18046875
0 0.32734375 0.09375 0.02734375 0.0375
0 0.36875 0.3234375 0.02578125 0.04140625
0 0.72734375 0.29609375 0.0265625 0.0390625
0 0.79453125 0.10859375 0.065625 0.07421875
0 0.7171875 0.0140625 0.03203125 0.028125
0 0.43203125 0.11640625 0.02734375 0.0421875
0 0.41796875 0.603125 0.0921875 0.0359375
0 0.25390625 0.871875 0.01484375 0.028125
0 0.30625 0.8484375 0.03984375 0.10234375
0 0.47421875 0.83203125 0.03515625 0.0421875
0 0.5578125 0.79609375 0.02265625 0.03984375
0 0.5328125 0.875 0.025 0.02734375
0 0.69765625 0.91015625 0.0171875 0.03125
0 0.73671875 0.84375 0.03046875 0.0375
0 0.17890625 0.67265625 0.01953125 0.0328125
0 0.215625 0.68359375 0.015625 0.0234375
0 0.1859375 0.63359375 0.01484375 0.02421875
0 0.20078125 0.62890625 0.01484375 0.02109375
0 0.2375 0.625 0.01875 0.0234375
0 0.25625 0.575 0.040625 0.0734375
0 0.2578125 0.72265625 0.01484375 0.025
0 0.28125 0.6796875 0.015625 0.02578125
0 0.20078125 0.2421875 0.01953125 0.0328125
0 0.2828125 0.30078125 0.02734375 0.0421875
0 0.2 0.34765625 0.015625 0.02578125
0 0.36015625 0.7796875 0.02578125 0.0453125
0 0.49765625 0.76953125 0.01796875 0.028125
0 0.26171875 0.9671875 0.02109375 0.03125
0 0.2328125 0.846875 0.015625 0.03359375
0 0.253125 0.92734375 0.02265625 0.02421875
0 0.1765625 0.9765625 0.01640625 0.03203125
0 0.6984375 0.38046875 0.0171875 0.02421875
0 0.540625 0.93515625 0.01640625 0.0296875
0 0.62421875 0.9625 0.01640625 0.028125
0 0.1875 0.3234375 0.01328125 0.021875
0 0.35546875 0.96171875 0.0140625 0.0234375
