0 0.284375 0.90703125 0.240625 0.1859375
0 0.32578125 0.90625 0.03359375 0.0375
0 0.42890625 0.8796875 0.0296875 0.04296875
0 0.36328125 0.6796875 0.03515625 0.040625
0 0.3734375 0.53515625 0.04765625 0.05078125
0 0.425 0.47421875 0.08046875 0.05234375
0 0.25390625 0.41328125 0.0453125 0.09140625
0 0.1921875 0.36796875 0.0265625 0.02890625
0 0.30625 0.1609375 0.04453125 0.1171875
0 0.35390625 0.21796875 0.03203125 0.040625
0 0.43671875 0.225 0.02109375 0.05390625
0 0.4765625 0.16875 0.03828125 0.034375
0 0.5 0.22265625 0.01953125 0.03125
0 0.55625 0.20546875 0.02109375 0.040625
0 0.7046875 0.33125 0.0484375 0.08203125
0 0.73515625 0.1546875 0.0296875 0.03671875
0 0.79453125 0.8875 0.0609375 0.07734375
0 0.72734375 0.703125 0.01484375 0.05390625
0 0.54765625 0.4390625 0.0578125 0.10546875
0 0.496875 0.3390625 0.0453125 0.12734375
0 0.25234375 0.07265625 0.02734375 0.02734375
0 0.2328125 0.14609375 0.0171875 0.0328125
0 0.17890625 0.02109375 0.021875 0.01953125
0 0.19296875 0.76015625 0.0328125 0.02890625
0 0.28125 0.7 0.03046875 0.04765625
0 0.19453125 0.6640625 0.02265625 0.040625
0 0.41953125 0.39765625 0.08984375 0.03515625
0 0.5328125 0.1265625 0.01953125 0.025
0 0.28046875 0.32734375 0.01171875 0.02421875
0 0.625 0.85703125 0.03984375 0.08125
0 0.53515625 0.35078125 0.0109375 0.02734375
0 0.79765625 0.01640625 0.03359375 0.0328125
0 0.62734375 0.03671875 0.0203125 0.0265625
0 0.69609375 0.09296875 0.0171875 0.03125
0 0.54140625 0.059375 0.01484375 0.01328125
0 0.39609375 0.190625 0.01015625 0.01640625
0 0.17578125 0.32734375 0.01328125 0.04375
0 0.215625 0.31171875 0.01328125 0.02734375
0 0.3546875 0.0359375 0.00859375 0.021875
0 0.39453125 0.01328125 0.0171875 0.0265625
0 0.2625 0.03125 0.0140625 0.01875
0 0.1765625 0.49453125 0.01953125 0.05625
