0 0.5625 0.46953125 0.07109375 0.0859375
0 0.50703125 0.30546875 0.05 0.14296875
0 0.45859375 0.43046875 0.06015625 0.1328125
0 0.56953125 0.3765625 0.07578125 0.034375
0 0.328125 0.2984375 0.04453125 0.0921875
0 0.30234375 0.09375 0.0265625 0.04453125
0 0.45078125 0.1453125 0.0234375 0.03984375
0 0.52109375 0.10390625 0.0296875 0.03671875
0 0.47265625 0.05546875 0.01953125 0.03046875
0 0.66328125 0.090625 0.03203125 0.125
0 0.70546875 0.4125 0.03515625 0.08203125
0 0.72109375 0.35546875 0.01171875 0.0234375
0 0.69609375 0.35703125 0.0171875 0.015625
0 0.6859375 0.28984375 0.01484375 0.03125
0 0.60390625 0.53671875 0.03671875 0.05234375
0 0.6109375 0.71171875 0.025 0.0453125
0 0.33203125 0.6390625 0.015625 0.02421875
0 0.3078125 0.74140625 0.025 0.04765625
0 0.25234375 0.95625 0.0578125 0.0875
0 0.559375 0.94921875 0.025 0.0484375
0 0.6453125 0.9765625 0.02578125 0.04296875
0 0.73203125 0.9390625 0.1078125 0.12109375
0 0.7703125 0.81484375 0.009375 0.01875
0 0.75234375 0.80703125 0.01875 0.03046875
0 0.7625 0.7046875 0.01171875 0.01796875
0 0.75546875 0.6796875 0.01875 0.02578125
0 0.33515625 0.01015625 0.01328125 0.0171875
0 0.5984375 0.190625 0.0140625 0.02265625
0 0.55234375 0.18125 0.01328125 0.02109375
0 0.5015625 0.17265625 0.01328125 0.03203125
0 0.61875 0.16484375 0.01953125 0.040625
0 0.634375 0.1515625 0.0109375 0.0171875
0 0.65703125 0.2453125 0.01171875 0.0234375
0 0.728125 0.08359375 0.0140625 0.02578125
0 0.70703125 0.05546875 0.01015625 0.021875
0 0.77421875 0.29375 0.01875 0.025
0 0.74140625 0.278125 0.01171875 0.02265625
0 0.765625 0.33984375 0.01015625 0.0203125
0 0.75234375 0.3453125 0.01171875 0.01875
0 0.70546875 0.2328125 0.0125 0.02109375
0 0.69609375 0.1953125 0.01015625 0.015625
0 0.63359375 0.303125 0.01328125 0.02578125
0 0.6859375 0.73671875 0.021875 0.0390625
0 0.7375 0.61796875 0.0125 0.0203125
0 0.76875 0.4828125 0.0109375 0.01796875
0 0.61484375 0.48515625 0.0125 0.0234375
0 0.5890625 0.1359375 0.01328125 0.01875
0 0.559375 0.1578125 0.01328125 0.0171875