0 0.75625 0.0640625 0.04765625 0.1
0 0.57734375 0.2078125 0.01484375 0.02578125
0 0.63515625 0.16484375 0.0296875 0.05234375
0 0.82421875 0.178125 0.01875 0.053125
0 0.94453125 0.31484375 0.02421875 0.03671875
0 0.85546875 0.51796875 0.03125 0.065625
0 0.8328125 0.80234375 0.2578125 0.39453125
0 0.93203125 0.74765625 0.0421875 0.10546875
0 0.965625 0.7796875 0.02109375 0.03359375
0 0.94140625 0.88359375 0.01484375 0.040625
0 0.77265625 0.7609375 0.02578125 0.0421875
0 0.75546875 0.60390625 0.0296875 0.04140625
0 0.91171875 0.58359375 0.0328125 0.06484375
0 0.74140625 0.309375 0.0453125 0.06796875
0 0.459375 0.43046875 0.0765625 0.08828125
0 0.38828125 0.50703125 0.07421875 0.08046875
0 0.43125 0.6265625 0.0203125 0.1375
0 0.484375 0.61328125 0.0421875 0.12734375
0 0.5234375 0.6875 0.02734375 0.065625
0 0.61875 0.703125 0.028125 0.04140625
0 0.3875 0.190625 0.05078125 0.08046875
0 0.2703125 0.14609375 0.02578125 0.05625
0 0.171875 0.059375 0.015625 0.06015625
0 0.10078125 0.04921875 0.01875 0.0296875
0 0.13359375 0.04296875 0.01171875 0.0265625
0 0.03828125 0.07421875 0.02109375 0.08046875
0 0.00703125 0.15234375 0.009375 0.01796875
0 0.04765625 0.153125 0.03125 0.040625
0 0.03515625 0.29921875 0.01640625 0.0359375
0 0.0265625 0.2484375 0.01171875 0.0359375
0 0.05859375 0.27578125 0.0078125 0.02890625
0 0.09453125 0.328125 0.03046875 0.075
0 0.1296875 0.3578125 0.03671875 0.0765625
0 0.225 0.209375 0.021875 0.0171875
0 0.0171875 0.43203125 0.0125 0.0421875
0 0.128125 0.48046875 0.01875 0.02890625
0 0.15 0.45546875 0.0234375 0.025
0 0.20703125 0.44609375 0.00859375 0.0265625
0 0.25078125 0.45546875 0.015625 0.03984375
0 0.2984375 0.41640625 0.02421875 0.02890625
0 0.275 0.5375 0.01875 0.053125
0 0.31875 0.50625 0.0203125 0.0328125
0 0.190625 0.315625 0.01015625 0.02578125
0 0.26953125 0.79453125 0.08203125 0.0671875
0 0.31171875 0.71640625 0.03046875 0.053125
0 0.103125 0.68984375 0.04921875 0.0890625
0 0.015625 0.71953125 0.021875 0.0375
0 0.0375 0.69140625 0.01796875 0.03984375
0 0.13828125 0.2484375 0.0234375 0.03046875
0 0.078125 0.8609375 0.02421875 0.03828125
0 0.0859375 0.91171875 0.01640625 0.04765625
0 0.1046875 0.8859375 0.025 0.06171875
0 0.153125 0.9734375 0.01640625 0.03828125
0 0.178125 0.98828125 0.00859375 0.02265625
0 0.3828125 0.98671875 0.0109375 0.01875
0 0.4109375 0.95859375 0.02578125 0.04609375
0 0.44375 0.8703125 0.06328125 0.06953125
0 0.56171875 0.925 0.0125 0.01875
0 0.60703125 0.9609375 0.02578125 0.0359375
0 0.6734375 0.959375 0.02109375 0.05390625
0 0.634375 0.828125 0.02109375 0.0390625
0 0.265625 0.903125 0.0203125 0.02265625
0 0.190625 0.86640625 0.01796875 0.03203125
0 0.215625 0.86640625 0.0125 0.034375
0 0.04296875 0.78203125 0.0109375 0.02734375
0 0.0640625 0.79609375 0.0125 0.02109375
0 0.08203125 0.79296875 0.015625 0.04140625
0 0.11484375 0.80625 0.02109375 0.025
0 0.346875 0.8640625 0.01015625 0.0171875
0 0.38046875 0.83125 0.01484375 0.02578125
0 0.3765625 0.9265625 0.02265625 0.01875
0 0.4 0.44296875 0.00859375 0.025
0 0.29296875 0.65546875 0.01640625 0.04453125
0 0.315625 0.5984375 0.021875 0.02734375
0 0.06953125 0.45546875 0.0171875 0.02734375
0 0.1734375 0.66015625 0.00625 0.01796875
