0 0.20625 0.88984375 0.06640625 0.08046875
0 0.6921875 0.15625 0.04296875 0.096875
0 0.6328125 0.67890625 0.03359375 0.0546875
0 0.6234375 0.53203125 0.040625 0.04453125
0 0.5734375 0.4734375 0.07578125 0.06015625
0 0.5796875 0.39609375 0.08671875 0.0265625
0 0.503125 0.33515625 0.0453125 0.11015625
0 0.453125 0.44453125 0.0578125 0.11640625
0 0.29296875 0.33046875 0.04453125 0.07421875
0 0.26484375 0.15859375 0.03046875 0.04140625
0 0.61640625 0.24296875 0.00703125 0.02890625
0 0.565625 0.225 0.0109375 0.0359375
0 0.52421875 0.16796875 0.034375 0.0296875
0 0.5 0.22734375 0.01328125 0.028125
0 0.4453125 0.2015625 0.01484375 0.03125
0 0.4671875 0.1265625 0.0203125 0.025
0 0.74765625 0.071875 0.01796875 0.021875
0 0.80859375 0.6625 0.01953125 0.03359375
0 0.8 0.7546875 0.0171875 0.03671875
0 0.80546875 0.3703125 0.02265625 0.0328125
0 0.74375 0.41953125 0.03828125 0.10390625
0 0.72109375 0.3234375 0.0140625 0.02890625
0 0.64609375 0.22265625 0.03125 0.040625
0 0.7140625 0.90625 0.234375 0.1875
0 0.671875 0.90546875 0.01796875 0.03359375
0 0.57109375 0.88515625 0.0265625 0.03515625
0 0.28203125 0.98671875 0.0296875 0.02578125
0 0.27109375 0.70390625 0.02265625 0.0515625
0 0.3734375 0.86328125 0.04453125 0.065625
0 0.71640625 0.70625 0.03046875 0.04453125
0 0.65625 0.33984375 0.0140625 0.02421875
0 0.82578125 0.02109375 0.0171875 0.01796875
0 0.7390625 0.034375 0.02578125 0.028125
0 0.76796875 0.1484375 0.009375 0.02265625
0 0.82421875 0.328125 0.0140625 0.0265625
0 0.78671875 0.3125 0.0171875 0.02890625
0 0.30546875 0.08984375 0.01953125 0.02734375
0 0.2046875 0.009375 0.040625 0.01484375
0 0.64609375 0.03515625 0.015625 0.0171875
0 0.60625 0.01015625 0.0109375 0.01875
0 0.459375 0.06171875 0.0234375 0.0171875
0 0.37734375 0.0375 0.01640625 0.01796875
0 0.784375 0.6 0.01875 0.02421875
0 0.61171875 0.19375 0.01796875 0.01640625
0 0.46328125 0.3484375 0.01328125 0.0203125