0 0.3375 0.08359375 0.0453125 0.09609375
0 0.6921875 0.096875 0.04453125 0.05390625
0 0.47734375 0.10390625 0.02890625 0.02578125
0 0.5484375 0.14140625 0.02578125 0.0359375
0 0.50078125 0.31328125 0.04140625 0.14375
0 0.39765625 0.54609375 0.03828125 0.0734375
0 0.4375 0.471875 0.05546875 0.09140625
0 0.43125 0.38125 0.07734375 0.03984375
0 0.2953125 0.39921875 0.028125 0.075
0 0.540625 0.434375 0.04921875 0.13671875
0 0.675 0.30390625 0.03828125 0.08359375
0 0.7375 0.94921875 0.0765625 0.1015625
0 0.3859375 0.71328125 0.02421875 0.04609375
0 0.26953125 0.9328125 0.11484375 0.13359375
0 0.35703125 0.978125 0.02109375 0.03828125