0 0.64296875 0.021875 0.0265625 0.04296875
0 0.7296875 0.065625 0.1 0.13125
0 0.75546875 0.196875 0.02109375 0.03828125
0 0.7578125 0.30859375 0.01796875 0.04921875
0 0.2515625 0.04140625 0.06171875 0.075
0 0.6125 0.2859375 0.02890625 0.046875
0 0.55859375 0.05625 0.01875 0.059375
0 0.6078125 0.46484375 0.0421875 0.05859375
0 0.7109375 0.609375 0.0484375 0.11015625
0 0.75546875 0.6546875 0.0265625 0.03671875
0 0.73984375 0.7203125 0.0125 0.02109375
0 0.77109375 0.6984375 0.0125 0.040625
0 0.6859375 0.26015625 0.0234375 0.05
0 0.3921875 0.07265625 0.0375 0.09609375
0 0.3125 0.2640625 0.0234375 0.0546875
0 0.33046875 0.36015625 0.0234375 0.02265625
0 0.459375 0.57265625 0.05078125 0.1234375
0 0.46953125 0.6765625 0.00859375 0.01953125
0 0.50234375 0.70546875 0.03359375 0.13515625
0 0.56171875 0.52421875 0.06796875 0.0796875
0 0.56953125 0.6203125 0.0765625 0.0359375
0 0.66171875 0.75078125 0.01640625 0.0171875
0 0.6859375 0.71015625 0.015625 0.0296875
0 0.66796875 0.9015625 0.03828125 0.11796875
0 0.72890625 0.9203125 0.01640625 0.03671875
0 0.590625 0.86328125 0.01796875 0.021875
0 0.62578125 0.8375 0.025 0.0484375
0 0.4734375 0.940625 0.01796875 0.03203125
0 0.52265625 0.8953125 0.03671875 0.05234375
0 0.4515625 0.85390625 0.021875 0.0359375
0 0.503125 0.82890625 0.0109375 0.03671875
0 0.3015625 0.91015625 0.0296875 0.0515625
0 0.32578125 0.703125 0.04453125 0.090625
0 0.33515625 0.98515625 0.0171875 0.028125
0 0.5578125 0.82890625 0.0125 0.040625
0 0.7375 0.378125 0.009375 0.03046875
0 0.63515625 0.690625 0.0109375 0.0359375
0 0.7734375 0.49921875 0.02421875 0.06015625
