0 0.35703125 0.021875 0.0265625 0.04296875
0 0.2703125 0.065625 0.1 0.13125
0 0.24453125 0.196875 0.02109375 0.03828125
0 0.2421875 0.30859375 0.01796875 0.04921875
0 0.7484375 0.04140625 0.06171875 0.075
0 0.3875 0.2859375 0.02890625 0.046875
0 0.44140625 0.05625 0.01875 0.059375
0 0.3921875 0.46484375 0.0421875 0.05859375
0 0.2890625 0.609375 0.0484375 0.11015625
0 0.24453125 0.6546875 0.0265625 0.03671875
0 0.26015625 0.7203125 0.0125 0.02109375
0 0.22890625 0.6984375 0.0125 0.040625
0 0.3140625 0.26015625 0.0234375 0.05
0 0.6078125 0.07265625 0.0375 0.09609375
0 0.6875 0.2640625 0.0234375 0.0546875
0 0.66953125 0.36015625 0.0234375 0.02265625
0 0.540625 0.57265625 0.05078125 0.1234375
0 0.53046875 0.6765625 0.00859375 0.01953125
0 0.49765625 0.70546875 0.03359375 0.13515625
0 0.43828125 0.52421875 0.06796875 0.0796875
0 0.43046875 0.6203125 0.0765625 0.0359375
0 0.33828125 0.75078125 0.01640625 0.0171875
0 0.3140625 0.71015625 0.015625 0.0296875
0 0.33203125 0.9015625 0.03828125 0.11796875
0 0.27109375 0.9203125 0.01640625 0.03671875
0 0.409375 0.86328125 0.01796875 0.021875
0 0.37421875 0.8375 0.025 0.0484375
0 0.5265625 0.940625 0.01796875 0.03203125
0 0.47734375 0.8953125 0.03671875 0.05234375
0 0.5484375 0.85390625 0.021875 0.0359375
0 0.496875 0.82890625 0.0109375 0.03671875
0 0.6984375 0.91015625 0.0296875 0.0515625
0 0.67421875 0.703125 0.04453125 0.090625
0 0.66484375 0.98515625 0.0171875 0.028125
0 0.4421875 0.82890625 0.0125 0.040625
0 0.2625 0.378125 0.009375 0.03046875
0 0.36484375 0.690625 0.0109375 0.0359375
0 0.2265625 0.49921875 0.02421875 0.06015625
