0 0.4609375 0.43125 0.071875 0.08515625
0 0.48359375 0.61484375 0.05 0.11796875
0 0.38671875 0.50390625 0.078125 0.07578125
0 0.840625 0.80546875 0.246875 0.3890625
0 0.43203125 0.625 0.02578125 0.1296875
0 0.38828125 0.19453125 0.05546875 0.0859375
0 0.225 0.20546875 0.01328125 0.028125
0 0.271875 0.146875 0.02421875 0.04921875
0 0.09375 0.3234375 0.03125 0.07890625
0 0.13125 0.34453125 0.03828125 0.05625
0 0.00859375 0.15234375 0.0125 0.02734375
0 0.0515625 0.153125 0.040625 0.03671875
0 0.103125 0.046875 0.0203125 0.02265625
0 0.03671875 0.06953125 0.021875 0.0765625
0 0.25078125 0.453125 0.015625 0.03359375
0 0.29921875 0.41640625 0.02421875 0.0359375
0 0.27734375 0.53671875 0.02421875 0.05546875
0 0.12890625 0.48203125 0.01953125 0.0328125
0 0.1484375 0.45 0.0265625 0.03046875
0 0.015625 0.428125 0.0203125 0.0359375
0 0.5765625 0.203125 0.01796875 0.0328125
0 0.634375 0.159375 0.02734375 0.04609375
0 0.61796875 0.69765625 0.02734375 0.05
0 0.52109375 0.684375 0.02578125 0.065625
0 0.375 0.92421875 0.01484375 0.025
0 0.4125 0.94375 0.01875 0.01953125
0 0.41796875 0.88984375 0.0140625 0.0234375
0 0.45 0.86328125 0.05234375 0.0625
0 0.41953125 0.84609375 0.009375 0.02265625
0 0.38125 0.828125 0.0125 0.02578125
0 0.31328125 0.71171875 0.02578125 0.040625
0 0.26875 0.79140625 0.0703125 0.06328125
0 0.10390625 0.6890625 0.04765625 0.084375
0 0.034375 0.6859375 0.02265625 0.03515625
0 0.0828125 0.90390625 0.0109375 0.04140625
0 0.07890625 0.85703125 0.01953125 0.04375
0 0.10390625 0.88515625 0.028125 0.059375
0 0.15390625 0.97109375 0.015625 0.03203125
0 0.1796875 0.9875 0.01640625 0.02421875
0 0.26484375 0.9 0.01953125 0.02734375
0 0.1890625 0.859375 0.01484375 0.03046875
0 0.21484375 0.8671875 0.0140625 0.03671875
0 0.25 0.865625 0.0171875 0.02421875
0 0.11328125 0.8046875 0.0203125 0.03125
0 0.08046875 0.784375 0.01875 0.040625
0 0.38515625 0.98203125 0.01640625 0.034375
0 0.41015625 0.9671875 0.0140625 0.01953125
0 0.6015625 0.9484375 0.0140625 0.02890625
0 0.61640625 0.96796875 0.0125 0.02578125
0 0.68046875 0.97734375 0.0171875 0.021875
0 0.671875 0.95 0.01640625 0.03203125
0 0.6328125 0.83046875 0.0328125 0.0375
0 0.934375 0.74296875 0.04375 0.09609375
0 0.7703125 0.75703125 0.02578125 0.0453125
0 0.75390625 0.60390625 0.02578125 0.04140625
0 0.85625 0.515625 0.0328125 0.06484375
0 0.9453125 0.3140625 0.02578125 0.04140625
0 0.82578125 0.17734375 0.01953125 0.0515625
0 0.7609375 0.059375 0.046875 0.096875
0 0.565625 0.92109375 0.01640625 0.0265625
0 0.321875 0.50546875 0.0171875 0.01953125
0 0.05859375 0.2765625 0.01015625 0.0375
0 0.028125 0.2421875 0.0171875 0.03671875
0 0.1890625 0.7171875 0.0125 0.0234375
0 0.17421875 0.65625 0.01328125 0.02578125
0 0.2953125 0.659375 0.0140625 0.02109375
0 0.20625 0.440625 0.01171875 0.01953125
0 0.14453125 0.1 0.01328125 0.02109375
0 0.175 0.03671875 0.01328125 0.0234375
0 0.19140625 0.3109375 0.01484375 0.02265625