0 0.49609375 0.34296875 0.034375 0.13515625
0 0.3078125 0.15 0.03515625 0.07734375
0 0.73515625 0.15625 0.046875 0.05703125
0 0.709375 0.3390625 0.04765625 0.08828125
0 0.56015625 0.20234375 0.0203125 0.03828125
0 0.475 0.1640625 0.0421875 0.040625
0 0.38359375 0.5359375 0.05 0.05703125
0 0.42734375 0.478125 0.0703125 0.05703125
0 0.42421875 0.396875 0.10078125 0.028125
0 0.25390625 0.4328125 0.04140625 0.0921875
0 0.371875 0.68125 0.0328125 0.0515625
0 0.28203125 0.8875 0.2359375 0.225
0 0.7859375 0.8890625 0.07109375 0.134375
0 0.32421875 0.8875 0.03671875 0.0609375
