0 0.3875 0.19453125 0.05 0.090625
0 0.7625 0.06328125 0.05390625 0.10546875
0 0.95 0.315625 0.02890625 0.0671875
0 0.85625 0.52109375 0.0296875 0.08125
0 0.83671875 0.8015625 0.24375 0.39609375
0 0.7703125 0.7625 0.0234375 0.040625
0 0.9328125 0.746875 0.046875 0.09765625
0 0.9125 0.58203125 0.03203125 0.0640625
0 0.75390625 0.60625 0.025 0.0421875
0 0.61875 0.70390625 0.02265625 0.05625
0 0.52265625 0.6921875 0.0265625 0.06953125
0 0.43125 0.628125 0.02109375 0.134375
0 0.48515625 0.61640625 0.04453125 0.13046875
0 0.4625 0.4359375 0.0703125 0.078125
0 0.3859375 0.5046875 0.0796875 0.0765625
0 0.2046875 0.459375 0.0125 0.059375
0 0.25 0.45078125 0.01875 0.0296875
0 0.30546875 0.421875 0.0328125 0.046875
0 0.27734375 0.54296875 0.02109375 0.06015625
0 0.315625 0.50703125 0.021875 0.03203125
0 0.10703125 0.69375 0.05 0.07890625
0 0.01640625 0.72421875 0.01640625 0.04296875
0 0.03984375 0.69140625 0.01484375 0.04609375
0 0.01640625 0.43125 0.01640625 0.03828125
0 0.09609375 0.33359375 0.02421875 0.0859375
0 0.13046875 0.35546875 0.0359375 0.08359375
0 0.0109375 0.15859375 0.0171875 0.021875
0 0.05234375 0.15546875 0.03828125 0.0390625
0 0.103125 0.0515625 0.02265625 0.02265625
0 0.0390625 0.075 0.0203125 0.08125
0 0.1734375 0.0625 0.021875 0.053125
0 0.134375 0.05 0.0140625 0.03203125
0 0.2265625 0.203125 0.01640625 0.0296875
0 0.2703125 0.1484375 0.02109375 0.04609375
0 0.63671875 0.16484375 0.028125 0.0421875
0 0.82578125 0.1921875 0.028125 0.075
0 0.94375 0.88671875 0.0140625 0.02890625
0 0.96171875 0.7828125 0.02109375 0.034375
0 0.67578125 0.9671875 0.0234375 0.065625
0 0.38515625 0.9859375 0.01875 0.02734375
0 0.41171875 0.95625 0.0171875 0.05390625
0 0.4453125 0.86796875 0.0640625 0.06875
0 0.609375 0.965625 0.028125 0.0390625
0 0.6328125 0.83515625 0.03046875 0.04921875
0 0.07890625 0.88359375 0.0265625 0.08046875
0 0.10234375 0.88359375 0.03203125 0.071875
0 0.153125 0.97734375 0.015625 0.0453125
0 0.18203125 0.9828125 0.0140625 0.034375
0 0.21484375 0.8734375 0.01328125 0.0484375
0 0.1875 0.86015625 0.01328125 0.03515625
0 0.25 0.87421875 0.0109375 0.0375
0 0.265625 0.9015625 0.0125 0.0296875
0 0.271875 0.7953125 0.06953125 0.06484375
0 0.31015625 0.72265625 0.028125 0.0515625
0 0.06484375 0.796875 0.01875 0.03125
0 0.08203125 0.7890625 0.02109375 0.03984375
0 0.11328125 0.80390625 0.0125 0.03203125
0 0.33828125 0.85390625 0.0328125 0.03515625
0 0.38359375 0.8359375 0.015625 0.03203125
0 0.13125 0.484375 0.02109375 0.0359375
0 0.15234375 0.45546875 0.02265625 0.0203125
0 0.29609375 0.66328125 0.01640625 0.0390625
0 0.31640625 0.6 0.025 0.0203125
0 0.3765625 0.93203125 0.0203125 0.0328125
0 0.02734375 0.24453125 0.02109375 0.05
0 0.05859375 0.28203125 0.01640625 0.05390625
0 0.13515625 0.24765625 0.01328125 0.03125
0 0.74140625 0.3140625 0.0546875 0.06875
0 0.39921875 0.44453125 0.01484375 0.01875
0 0.17421875 0.6625 0.01328125 0.01796875
0 0.18984375 0.7203125 0.01328125 0.02890625
0 0.19140625 0.31875 0.0109375 0.02890625
0 0.2375 0.31484375 0.0171875 0.04375
0 0.3578125 0.78046875 0.01328125 0.02421875
0 0.3890625 0.73671875 0.0171875 0.03203125