0 0.6125 0.29453125 0.03359375 0.05234375
0 0.64765625 0.021875 0.0265625 0.03515625
0 0.55859375 0.05234375 0.0296875 0.04765625
0 0.259375 0.046875 0.06328125 0.084375
0 0.46484375 0.5703125 0.0640625 0.1359375
0 0.32890625 0.6984375 0.03984375 0.0859375
0 0.6625 0.91015625 0.04765625 0.121875
0 0.70703125 0.603125 0.03359375 0.11015625
0 0.6078125 0.4625 0.05 0.04765625
0 0.56171875 0.5328125 0.0625 0.07734375
0 0.50234375 0.70234375 0.03984375 0.1359375
0 0.56875 0.625 0.071875 0.04296875
0 0.29765625 0.9078125 0.03046875 0.05234375
0 0.72890625 0.06484375 0.10546875 0.1296875
0 0.75390625 0.19609375 0.0265625 0.02734375
0 0.75859375 0.31328125 0.01875 0.03984375
0 0.77578125 0.70546875 0.01953125 0.028125
0 0.76015625 0.66015625 0.034375 0.02734375
0 0.62109375 0.8328125 0.0234375 0.05390625
0 0.52421875 0.89296875 0.03359375 0.04140625
0 0.45390625 0.86328125 0.02109375 0.05234375
0 0.47265625 0.9421875 0.01796875 0.02890625
0 0.7296875 0.9109375 0.01171875 0.025
0 0.70390625 0.76796875 0.02109375 0.025
0 0.74140625 0.72109375 0.01484375 0.025
0 0.68828125 0.709375 0.01953125 0.0328125
0 0.39296875 0.07421875 0.0359375 0.10234375
0 0.3109375 0.26171875 0.02890625 0.04140625
0 0.33359375 0.36015625 0.01796875 0.025
0 0.4671875 0.67890625 0.0140625 0.02734375
0 0.68515625 0.26484375 0.01953125 0.05703125
0 0.65390625 0.60625 0.01640625 0.0265625
0 0.33671875 0.9859375 0.015625 0.02734375
0 0.58671875 0.8671875 0.01328125 0.02421875
0 0.55625 0.82890625 0.01875 0.04375
0 0.7390625 0.38359375 0.01328125 0.02265625
0 0.66015625 0.7546875 0.0125 0.01875
0 0.63359375 0.6953125 0.01640625 0.03203125
0 0.709375 0.946875 0.01328125 0.02265625
0 0.50234375 0.8296875 0.0140625 0.04765625