0 0.575 0.5296875 0.07734375 0.0796875
0 0.50390625 0.66875 0.04921875 0.11484375
0 0.29375 0.66953125 0.0546875 0.0796875
0 0.45390625 0.56015625 0.0609375 0.11015625
0 0.5828125 0.6046875 0.09375 0.03515625
0 0.634375 0.3203125 0.03046875 0.04609375
0 0.62421875 0.46796875 0.046875 0.04296875
0 0.71484375 0.090625 0.2359375 0.18125
0 0.671875 0.09375 0.03203125 0.040625
0 0.20859375 0.1109375 0.06484375 0.07578125
0 0.2734375 0.2984375 0.02734375 0.04140625
0 0.28359375 0.0140625 0.0328125 0.028125
0 0.56953125 0.11875 0.0296875 0.04296875
0 0.303125 0.38046875 0.0171875 0.025
0 0.26640625 0.84375 0.0296875 0.04140625
0 0.446875 0.8015625 0.02109375 0.0328125
0 0.46171875 0.9390625 0.01796875 0.02421875
0 0.46953125 0.871875 0.02421875 0.03125
0 0.52578125 0.834375 0.0359375 0.0359375
0 0.69609375 0.846875 0.03984375 0.109375
0 0.6421875 0.77890625 0.02734375 0.040625
0 0.73984375 0.96640625 0.0203125 0.0265625
0 0.30390625 0.9109375 0.02109375 0.02578125
0 0.3765625 0.96015625 0.0171875 0.028125
0 0.7203125 0.67890625 0.01484375 0.028125
0 0.74296875 0.7234375 0.00859375 0.01796875
0 0.78671875 0.6875 0.01796875 0.02734375
0 0.82421875 0.671875 0.01640625 0.0375
0 0.659375 0.6640625 0.01328125 0.025
0 0.73203125 0.6171875 0.01640625 0.015625
0 0.76015625 0.62109375 0.01328125 0.0203125
0 0.80625 0.63046875 0.02890625 0.02734375
0 0.74453125 0.57578125 0.0421875 0.07421875
0 0.746875 0.87421875 0.01328125 0.02265625
0 0.76953125 0.84921875 0.015625 0.03125
0 0.74765625 0.928125 0.02265625 0.025
0 0.8265625 0.97734375 0.0140625 0.02421875
0 0.5046875 0.76875 0.01875 0.02734375
0 0.80390625 0.34765625 0.0171875 0.028125
0 0.8015625 0.24140625 0.01953125 0.03046875
0 0.71875 0.3 0.03203125 0.03984375
0 0.60546875 0.9875 0.0125 0.01796875
0 0.646875 0.96484375 0.01328125 0.0265625
0 0.19296875 0.98359375 0.01484375 0.02265625
0 0.6375 0.51171875 0.01171875 0.01640625
0 0.8125 0.3234375 0.01328125 0.0171875
0 0.56875 0.7875 0.01328125 0.01796875
0 0.56484375 0.76640625 0.01171875 0.0171875
0 0.36953125 0.9046875 0.01328125 0.015625
0 0.48515625 0.94375 0.0109375 0.021875
