0 0.6625 0.08515625 0.04453125 0.11328125
0 0.52109375 0.1015625 0.03359375 0.0421875
0 0.45390625 0.14609375 0.01875 0.040625
0 0.303125 0.09140625 0.028125 0.04609375
0 0.5046875 0.30078125 0.04375 0.13515625
0 0.3296875 0.29921875 0.05390625 0.08984375
0 0.46328125 0.43046875 0.05234375 0.128125
0 0.57109375 0.375 0.07265625 0.040625
0 0.56484375 0.4703125 0.06875 0.07265625
0 0.609375 0.534375 0.040625 0.05546875
0 0.6140625 0.70859375 0.03046875 0.04296875
0 0.70625 0.41015625 0.0375 0.08359375
0 0.6953125 0.35625 0.0171875 0.015625
0 0.72109375 0.3546875 0.01328125 0.02265625
0 0.75625 0.34296875 0.02265625 0.034375
0 0.77578125 0.29375 0.021875 0.034375
0 0.646875 0.978125 0.021875 0.03671875
0 0.7296875 0.9359375 0.10625 0.12734375
0 0.25390625 0.96015625 0.0578125 0.07890625
0 0.634375 0.3015625 0.015625 0.03125
0 0.6875 0.28515625 0.01328125 0.0265625
0 0.740625 0.27890625 0.0125 0.0265625
0 0.47421875 0.05625 0.0203125 0.03125
0 0.75703125 0.80703125 0.01953125 0.03671875
0 0.62421875 0.1671875 0.0265625 0.04453125
0 0.553125 0.178125 0.0140625 0.01875
0 0.55859375 0.15859375 0.01484375 0.0203125
0 0.58984375 0.1375 0.01015625 0.0125
0 0.728125 0.084375 0.00859375 0.02109375
0 0.50390625 0.175 0.01171875 0.02890625
0 0.7578125 0.68125 0.0140625 0.0234375
0 0.76484375 0.7015625 0.0078125 0.01796875
0 0.334375 0.0109375 0.01875 0.021875
0 0.309375 0.7375 0.02578125 0.04765625
0 0.334375 0.63828125 0.01484375 0.02109375
0 0.559375 0.94921875 0.02578125 0.0453125
0 0.68515625 0.73359375 0.025 0.0453125
0 0.70703125 0.053125 0.0125 0.02734375
0 0.73828125 0.61328125 0.015625 0.02578125
0 0.615625 0.48359375 0.0125 0.02265625
0 0.76953125 0.484375 0.0109375 0.0234375
0 0.65859375 0.24453125 0.01328125 0.0203125
0 0.70546875 0.23125 0.0109375 0.02109375
0 0.6953125 0.1953125 0.0109375 0.0203125