0 0.14296875 0.5171875 0.03828125 0.07421875
0 0.165625 0.8046875 0.24921875 0.390625
0 0.0890625 0.58203125 0.04609375 0.0515625
0 0.2484375 0.609375 0.028125 0.03984375
0 0.24140625 0.05859375 0.0515625 0.1046875
0 0.36640625 0.15859375 0.03046875 0.0359375
0 0.178125 0.1765625 0.02734375 0.04921875
0 0.0546875 0.31484375 0.025 0.04609375
0 0.06875 0.74765625 0.03984375 0.1
0 0.22734375 0.75703125 0.01796875 0.04140625
0 0.38125 0.69921875 0.0375 0.0546875
0 0.478125 0.68671875 0.02578125 0.08203125
0 0.5140625 0.61484375 0.0421875 0.12421875
0 0.53984375 0.43046875 0.07578125 0.08828125
0 0.6140625 0.19453125 0.053125 0.07734375
0 0.89296875 0.053125 0.02421875 0.025
0 0.72890625 0.14375 0.021875 0.05
0 0.32734375 0.96640625 0.0265625 0.0671875
0 0.3921875 0.96328125 0.02734375 0.034375
0 0.3671875 0.82890625 0.0265625 0.040625
0 0.5875 0.9625 0.02578125 0.05625
0 0.615625 0.9828125 0.01328125 0.03359375
0 0.55625 0.87109375 0.0671875 0.06875
0 0.8953125 0.8921875 0.0296875 0.075
0 0.9171875 0.88515625 0.0234375 0.096875
0 0.96171875 0.69140625 0.01796875 0.0328125
0 0.8984375 0.68984375 0.046875 0.08515625
0 0.86953125 0.35859375 0.034375 0.07109375
0 0.90546875 0.32421875 0.02734375 0.07421875
0 0.9515625 0.15546875 0.03828125 0.04140625
0 0.965625 0.0671875 0.02578125 0.08046875
0 0.82734375 0.0578125 0.02109375 0.05625
0 0.68515625 0.59296875 0.01953125 0.034375
0 0.721875 0.53828125 0.02421875 0.0515625
0 0.61171875 0.50234375 0.0765625 0.06953125
0 0.68359375 0.5046875 0.01640625 0.01796875
0 0.56875 0.6265625 0.01640625 0.13515625
0 0.68828125 0.7203125 0.02421875 0.05625
0 0.88828125 0.8140625 0.015625 0.04375
0 0.734375 0.90546875 0.0125 0.03203125
0 0.8203125 0.9828125 0.0125 0.03359375
0 0.84921875 0.9671875 0.0140625 0.0265625
0 0.79375 0.45859375 0.01328125 0.053125
0 0.85234375 0.45625 0.03203125 0.02890625
0 0.871875 0.478125 0.02578125 0.0265625
0 0.74921875 0.4515625 0.0171875 0.03203125
0 0.70234375 0.4140625 0.02421875 0.03671875
0 0.984375 0.42890625 0.0171875 0.03046875
0 0.94140625 0.27734375 0.01015625 0.0421875
0 0.96484375 0.30234375 0.01171875 0.0328125
0 0.9765625 0.24609375 0.02578125 0.05625
0 0.9828125 0.8609375 0.01640625 0.05390625
0 0.91875 0.79453125 0.009375 0.0390625
0 0.93671875 0.790625 0.01015625 0.046875
0 0.95625 0.78125 0.01171875 0.0375
0 0.98671875 0.72265625 0.01171875 0.04375
0 0.61484375 0.825 0.01484375 0.046875
0 0.78984375 0.87265625 0.0203125 0.04375
0 0.7296875 0.790625 0.06640625 0.0625
0 0.70390625 0.646875 0.01484375 0.046875
0 0.8109375 0.315625 0.01484375 0.0375
0 0.77734375 0.2109375 0.015625 0.0421875
0 0.25859375 0.30703125 0.04765625 0.0671875
0 0.50234375 0.98359375 0.0265625 0.03203125
0 0.87578125 0.59140625 0.01171875 0.03125
0 0.86328125 0.24375 0.0125 0.0234375