0 0.49453125 0.6703125 0.0484375 0.11328125
0 0.4171875 0.6046875 0.0984375 0.0578125
0 0.4296875 0.52578125 0.07265625 0.065625
0 0.7078125 0.66953125 0.05078125 0.0734375
0 0.55 0.5578125 0.06015625 0.11328125
0 0.37578125 0.4703125 0.046875 0.0609375
0 0.284375 0.090625 0.234375 0.18125
0 0.33046875 0.0921875 0.02578125 0.03671875
0 0.36640625 0.321875 0.03125 0.03671875
0 0.7359375 0.8453125 0.0328125 0.046875
0 0.53359375 0.8671875 0.021875 0.03984375
0 0.55703125 0.796875 0.02421875 0.0375
0 0.47578125 0.82890625 0.03828125 0.0390625
0 0.30625 0.84375 0.04140625 0.115625
0 0.72890625 0.29609375 0.02890625 0.04765625
0 0.79296875 0.11015625 0.0671875 0.0734375
0 0.70078125 0.3828125 0.01953125 0.02734375
0 0.23125 0.8484375 0.02265625 0.03359375
0 0.1765625 0.6734375 0.015625 0.025
0 0.215625 0.68515625 0.0140625 0.0234375
0 0.18671875 0.63515625 0.0125 0.02265625
0 0.2015625 0.62734375 0.01640625 0.0234375
0 0.23984375 0.62421875 0.01796875 0.021875
0 0.25703125 0.57578125 0.03828125 0.07421875
0 0.27890625 0.675 0.0171875 0.028125
0 0.3578125 0.78046875 0.0234375 0.0390625
0 0.20078125 0.24296875 0.0203125 0.025
0 0.19609375 0.34609375 0.01640625 0.021875
0 0.28046875 0.3 0.02578125 0.04140625
0 0.43125 0.12109375 0.02734375 0.040625
0 0.253125 0.9265625 0.025 0.02890625
0 0.2609375 0.9671875 0.0171875 0.02734375
0 0.1734375 0.978125 0.015625 0.0234375
0 0.25390625 0.87265625 0.01171875 0.01953125
0 0.5390625 0.93828125 0.0203125 0.025
0 0.6265625 0.9625 0.015625 0.0265625
0 0.4984375 0.77109375 0.01640625 0.02265625
0 0.696875 0.91328125 0.0171875 0.0265625
0 0.809375 0.98515625 0.01640625 0.02890625
0 0.35625 0.9625 0.0125 0.0234375
0 0.39765625 0.98515625 0.0125 0.02265625
0 0.3421875 0.66484375 0.01328125 0.0265625
0 0.18984375 0.3265625 0.0109375 0.0203125