0 0.86171875 0.21640625 0.2484375 0.4328125
0 0.76640625 0.23671875 0.03203125 0.0328125
0 0.93515625 0.24921875 0.06171875 0.10390625
0 0.94453125 0.68359375 0.03046875 0.06484375
0 0.75 0.93984375 0.08203125 0.11875
0 0.38125 0.81796875 0.0734375 0.084375
0 0.4671875 0.5796875 0.0546875 0.10234375
0 0.43203125 0.37109375 0.0171875 0.134375
0 0.48828125 0.3890625 0.05625 0.1140625
0 0.44375 0.121875 0.04453125 0.0625
0 0.27265625 0.21171875 0.05390625 0.065625
0 0.10078125 0.11796875 0.04296875 0.06328125
0 0.0953125 0.68046875 0.0359375 0.08671875
0 0.134375 0.65703125 0.0390625 0.0671875
0 0.05390625 0.853125 0.0390625 0.04375
0 0.26796875 0.85625 0.0234375 0.06796875
0 0.28203125 0.4515625 0.0328125 0.05078125
0 0.3140625 0.5765625 0.04453125 0.02734375
0 0.525 0.3203125 0.040625 0.0703125
0 0.6203125 0.296875 0.02734375 0.028125
0 0.39296875 0.49921875 0.075 0.07109375
0 0.9125 0.41875 0.07109375 0.06875