0 0.29765625 0.90625 0.0265625 0.046875
0 0.32421875 0.7046875 0.04609375 0.0875
0 0.253125 0.0421875 0.053125 0.084375
0 0.6421875 0.0203125 0.025 0.0375
0 0.55703125 0.05 0.025 0.053125
0 0.61171875 0.2921875 0.0265625 0.05234375
0 0.60625 0.46640625 0.0375 0.0578125
0 0.5625 0.5265625 0.0671875 0.075
0 0.5703125 0.625 0.0765625 0.0390625
0 0.7078125 0.60390625 0.0375 0.10546875
0 0.75703125 0.6578125 0.02421875 0.03046875
0 0.7296875 0.0640625 0.109375 0.128125
0 0.753125 0.19921875 0.01796875 0.03046875
0 0.30625 0.2609375 0.021875 0.0484375
0 0.3953125 0.0734375 0.040625 0.096875
0 0.46171875 0.57734375 0.05234375 0.12265625
0 0.4515625 0.85625 0.015625 0.0390625
0 0.471875 0.94375 0.01484375 0.02890625
0 0.52265625 0.89453125 0.03203125 0.0453125
0 0.50078125 0.82109375 0.01796875 0.0421875
0 0.50390625 0.70078125 0.0359375 0.13515625
0 0.59921875 0.81328125 0.01328125 0.02734375
0 0.65703125 0.75078125 0.01328125 0.0390625
0 0.68515625 0.71328125 0.015625 0.028125
0 0.66796875 0.91171875 0.03515625 0.115625
0 0.70625 0.9484375 0.0109375 0.0171875
0 0.7265625 0.92109375 0.01328125 0.03515625
0 0.59375 0.865625 0.02421875 0.021875
0 0.6234375 0.834375 0.02890625 0.0625
0 0.553125 0.8296875 0.0171875 0.04765625
0 0.70234375 0.7640625 0.01171875 0.02734375
0 0.740625 0.7234375 0.015625 0.02734375
0 0.76875 0.7046875 0.02109375 0.0328125
0 0.7609375 0.30859375 0.02265625 0.0515625
0 0.68359375 0.2671875 0.01953125 0.04296875
0 0.33359375 0.98984375 0.02109375 0.01875
0 0.46796875 0.684375 0.01015625 0.025
0 0.73671875 0.3796875 0.01171875 0.02734375
0 0.63203125 0.69140625 0.0109375 0.0296875
0 0.38984375 0.98203125 0.01328125 0.01875
0 0.76875 0.51875 0.01015625 0.01796875
0 0.70859375 0.15703125 0.021875 0.0265625
0 0.73984375 0.14453125 0.01015625 0.02265625
0 0.3359375 0.3609375 0.01875 0.0234375