0 0.70703125 0.6734375 0.05234375 0.084375
0 0.41796875 0.60390625 0.09140625 0.04140625
0 0.4265625 0.52734375 0.07578125 0.0640625
0 0.4921875 0.6796875 0.05078125 0.12734375
0 0.5484375 0.56015625 0.0609375 0.11015625
0 0.3734375 0.4671875 0.05 0.05234375
0 0.284375 0.090625 0.23828125 0.18046875
0 0.32734375 0.09296875 0.0328125 0.0390625
0 0.43046875 0.121875 0.0265625 0.0453125
0 0.36796875 0.3234375 0.02890625 0.0515625
0 0.73515625 0.84296875 0.0328125 0.04296875
0 0.55703125 0.80078125 0.02421875 0.03828125
0 0.3046875 0.8484375 0.0390625 0.10703125
0 0.47421875 0.83515625 0.03515625 0.03671875
0 0.53203125 0.875 0.02109375 0.02265625
0 0.25546875 0.57578125 0.040625 0.0734375
0 0.175 0.67265625 0.0171875 0.02265625
0 0.18515625 0.63515625 0.0140625 0.01796875
0 0.2 0.62890625 0.01484375 0.02421875
0 0.23671875 0.6234375 0.01484375 0.01796875
0 0.25625 0.725 0.0125 0.0171875
0 0.27890625 0.678125 0.01328125 0.0234375
0 0.2140625 0.6859375 0.0125 0.02109375
0 0.23125 0.85234375 0.01640625 0.0265625
0 0.2515625 0.9296875 0.0234375 0.02265625
0 0.253125 0.8765625 0.01171875 0.01953125
0 0.259375 0.96796875 0.01875 0.025
0 0.1734375 0.98046875 0.01484375 0.0171875
0 0.35390625 0.9671875 0.0171875 0.01953125
0 0.3953125 0.98828125 0.0140625 0.02109375
0 0.69609375 0.9171875 0.0140625 0.0203125
0 0.62265625 0.9671875 0.0140625 0.0234375
0 0.53984375 0.940625 0.01640625 0.0203125
0 0.49765625 0.7703125 0.015625 0.02109375
0 0.3578125 0.78203125 0.025 0.040625
0 0.19765625 0.3484375 0.01328125 0.021875
0 0.28203125 0.30234375 0.025 0.0375
0 0.1984375 0.24375 0.01875 0.02265625
0 0.21484375 0.2 0.01484375 0.025
0 0.18828125 0.32734375 0.0109375 0.01796875
0 0.79296875 0.11015625 0.065625 0.0734375
0 0.7140625 0.01484375 0.03359375 0.02734375
0 0.7265625 0.29921875 0.02890625 0.03984375
0 0.696875 0.38359375 0.02109375 0.021875
0 0.80859375 0.9875 0.01328125 0.01953125
0 0.21796875 0.40234375 0.01640625 0.02109375
0 0.62890625 0.90703125 0.01171875 0.01796875
0 0.34140625 0.66640625 0.0109375 0.02421875
0 0.3625 0.51171875 0.0125 0.01796875