0 0.49921875 0.3328125 0.05 0.125
0 0.546875 0.44765625 0.06640625 0.12421875
0 0.70390625 0.3375 0.05 0.090625
0 0.7359375 0.1609375 0.03046875 0.05546875
0 0.6984375 0.09609375 0.01484375 0.02421875
0 0.7921875 0.89453125 0.0734375 0.09375
0 0.71328125 0.97734375 0.0484375 0.0453125
0 0.2859375 0.9046875 0.2375 0.190625
0 0.3234375 0.90625 0.040625 0.0578125
0 0.43125 0.884375 0.03671875 0.0390625
0 0.365625 0.684375 0.03203125 0.07109375
0 0.37890625 0.53671875 0.04453125 0.0671875
0 0.428125 0.47734375 0.08203125 0.059375
0 0.4203125 0.39921875 0.0875 0.02890625
0 0.2578125 0.4203125 0.04609375 0.1
0 0.19375 0.3703125 0.025 0.0296875
0 0.17734375 0.32890625 0.025 0.03671875
0 0.21171875 0.31328125 0.02265625 0.03046875
0 0.2796875 0.32578125 0.015625 0.01796875
0 0.30859375 0.15390625 0.03671875 0.10078125
0 0.25234375 0.12578125 0.0109375 0.028125
0 0.25390625 0.06953125 0.015625 0.02109375
0 0.23046875 0.14921875 0.0125 0.03203125
0 0.259375 0.03203125 0.01484375 0.01953125
0 0.17421875 0.0234375 0.0109375 0.021875
0 0.1921875 0.66875 0.0140625 0.04296875
0 0.1796875 0.7703125 0.0078125 0.025
0 0.2015625 0.76171875 0.01953125 0.0375
0 0.28046875 0.70078125 0.03359375 0.0484375
0 0.55703125 0.20234375 0.0203125 0.03671875
0 0.49609375 0.22421875 0.02109375 0.040625
0 0.434375 0.22421875 0.01796875 0.04765625
0 0.475 0.17109375 0.03515625 0.03828125
0 0.5328125 0.1265625 0.021875 0.03046875
0 0.5390625 0.06171875 0.01640625 0.0265625
0 0.79375 0.015625 0.040625 0.03125
0 0.3546875 0.2203125 0.0421875 0.0453125
0 0.7265625 0.70703125 0.0265625 0.05
0 0.62421875 0.865625 0.05390625 0.0765625
0 0.6234375 0.04140625 0.015625 0.0234375
0 0.39296875 0.19921875 0.015625 0.0265625
0 0.21953125 0.60234375 0.021875 0.02734375
0 0.3421875 0.340625 0.0171875 0.0390625
0 0.2578125 0.27734375 0.009375 0.02890625
0 0.63125 0.1015625 0.01328125 0.02109375
0 0.31171875 0.28671875 0.0140625 0.0265625
0 0.353125 0.0375 0.015625 0.03828125
0 0.3921875 0.0125 0.01484375 0.02421875
