0 0.16640625 0.19921875 0.26015625 0.3984375
0 0.14609375 0.48203125 0.04609375 0.0703125
0 0.24140625 0.94453125 0.04609375 0.1109375
0 0.82890625 0.94921875 0.01640625 0.0640625
0 0.8640625 0.95703125 0.01328125 0.0484375
0 0.89765625 0.95078125 0.025 0.0546875
0 0.9609375 0.93203125 0.0328125 0.09296875
0 0.8546875 0.89296875 0.0265625 0.03046875
0 0.72890625 0.85390625 0.025 0.04375
0 0.61640625 0.809375 0.0484375 0.078125
0 0.24453125 0.396875 0.02734375 0.04296875
0 0.09140625 0.42109375 0.034375 0.0703125
0 0.06796875 0.2640625 0.03671875 0.1140625
0 0.23125 0.24375 0.034375 0.0578125
0 0.3828125 0.30625 0.0328125 0.05390625
0 0.478125 0.3203125 0.02578125 0.06953125
0 0.51484375 0.3921875 0.04609375 0.1265625
0 0.56953125 0.375 0.025 0.1359375
0 0.68359375 0.496875 0.01640625 0.0390625
0 0.72421875 0.465625 0.01796875 0.05703125
0 0.6125 0.49765625 0.075 0.07578125
0 0.54140625 0.57109375 0.07890625 0.0953125
0 0.70234375 0.58671875 0.02578125 0.040625
0 0.7515625 0.55390625 0.01640625 0.03984375
0 0.89765625 0.315625 0.0453125 0.0875
0 0.96171875 0.309375 0.0265625 0.04765625
0 0.984375 0.2828125 0.02265625 0.040625
0 0.9859375 0.575 0.01484375 0.05703125
0 0.9734375 0.75546875 0.01796875 0.0421875
0 0.95 0.8453125 0.03984375 0.0453125
0 0.984375 0.853125 0.02421875 0.05703125
0 0.86796875 0.64765625 0.03984375 0.09765625
0 0.9046875 0.671875 0.03125 0.08671875
0 0.7921875 0.55703125 0.01171875 0.04453125
0 0.85 0.55078125 0.02890625 0.04609375
0 0.871875 0.51640625 0.01953125 0.046875
0 0.5546875 0.13359375 0.0625 0.07578125
0 0.61953125 0.1734375 0.01640625 0.03515625
0 0.73125 0.21015625 0.07109375 0.065625
0 0.75 0.12734375 0.01796875 0.021875
0 0.7859375 0.12578125 0.015625 0.034375
0 0.81015625 0.140625 0.015625 0.034375
0 0.8953125 0.125 0.0265625 0.06796875
0 0.92265625 0.12109375 0.021875 0.090625
0 0.8875 0.19140625 0.01484375 0.0296875
0 0.91875 0.20625 0.0140625 0.0359375
0 0.84609375 0.03125 0.0140625 0.03125
0 0.82265625 0.01796875 0.00703125 0.02265625
0 0.5875 0.04296875 0.015625 0.04765625
0 0.62265625 0.07109375 0.0171875 0.03046875
0 0.615625 0.0203125 0.0140625 0.021875
0 0.3921875 0.04375 0.0234375 0.04296875
0 0.3265625 0.04296875 0.02109375 0.06640625
0 0.36875 0.1734375 0.0265625 0.059375
0 0.05546875 0.68203125 0.02890625 0.0484375
0 0.1765625 0.82734375 0.028125 0.0671875
0 0.2609375 0.6859375 0.04609375 0.06796875
0 0.68984375 0.2859375 0.03515625 0.05234375
0 0.7734375 0.79140625 0.01640625 0.0453125
0 0.6078125 0.26328125 0.0171875 0.02578125
0 0.87890625 0.4125 0.01484375 0.034375
0 0.82578125 0.340625 0.009375 0.0390625
0 0.93515625 0.20390625 0.01796875 0.02109375
0 0.95625 0.21796875 0.0125 0.0375
0 0.94140625 0.72421875 0.0125 0.053125
0 0.86640625 0.75703125 0.01015625 0.025
0 0.81015625 0.6859375 0.01484375 0.03828125
0 0.7375 0.09765625 0.0171875 0.02421875
0 0.64140625 0.2171875 0.0171875 0.02421875
0 0.93203125 0.5453125 0.0125 0.03203125
0 0.43515625 0.0765625 0.0109375 0.03203125
0 0.49609375 0.009375 0.0265625 0.01875
0 0.01171875 0.23203125 0.0125 0.0375
0 0.03671875 0.2109375 0.01953125 0.0390625
0 0.0546875 0.109375 0.01875 0.03828125
0 0.365625 0.8390625 0.040625 0.05078125
