0 0.26796875 0.209375 0.06640625 0.06953125
0 0.44140625 0.13046875 0.071875 0.071875
0 0.74921875 0.09375 0.0734375 0.1828125
0 0.7703125 0.240625 0.021875 0.0328125
0 0.6203125 0.3015625 0.03828125 0.053125
0 0.6078125 0.04609375 0.025 0.0359375
0 0.67265625 0.0484375 0.01875 0.02578125
0 0.4125 0.0453125 0.0140625 0.046875
0 0.384375 0.01953125 0.02109375 0.0296875
0 0.32890625 0.15078125 0.01015625 0.01953125
0 0.2671875 0.09609375 0.0109375 0.021875
0 0.52109375 0.3171875 0.02890625 0.071875
0 0.48359375 0.38828125 0.040625 0.125
0 0.42890625 0.37578125 0.02578125 0.146875
0 0.38671875 0.49609375 0.0703125 0.071875
0 0.31640625 0.49453125 0.01953125 0.03203125
0 0.27578125 0.46640625 0.0265625 0.06171875
0 0.4578125 0.5703125 0.06796875 0.08984375
0 0.38671875 0.80859375 0.04765625 0.08203125
0 0.26796875 0.859375 0.02109375 0.0546875
0 0.228125 0.79765625 0.01484375 0.03515625
0 0.759375 0.9359375 0.0453125 0.096875
0 0.634375 0.8390625 0.0234375 0.0484375
0 0.57734375 0.80078125 0.015625 0.03359375
0 0.6328125 0.1734375 0.02421875 0.04296875
0 0.38359375 0.16640625 0.01484375 0.03515625
0 0.3765625 0.07109375 0.01015625 0.02109375
0 0.3015625 0.5796875 0.021875 0.03828125
0 0.24921875 0.55078125 0.01328125 0.0328125
0 0.73984375 0.69140625 0.05 0.0546875
0 0.3140625 0.2859375 0.021875 0.046875
0 0.2515625 0.1296875 0.01484375 0.02109375
0 0.34921875 0.1359375 0.01484375 0.01875
0 0.75703125 0.39375 0.03125 0.0421875
0 0.3140625 0.40625 0.02109375 0.025
0 0.39140625 0.2640625 0.015625 0.021875
0 0.35625 0.21875 0.01328125 0.02109375
0 0.49921875 0.01796875 0.02578125 0.03515625
0 0.29609375 0.3375 0.0109375 0.03203125
