0 0.85703125 0.5171875 0.03828125 0.07421875
0 0.834375 0.8046875 0.24921875 0.390625
0 0.9109375 0.58203125 0.04609375 0.0515625
0 0.7515625 0.609375 0.028125 0.03984375
0 0.75859375 0.05859375 0.0515625 0.1046875
0 0.63359375 0.15859375 0.03046875 0.0359375
0 0.821875 0.1765625 0.02734375 0.04921875
0 0.9453125 0.31484375 0.025 0.04609375
0 0.93125 0.74765625 0.03984375 0.1
0 0.77265625 0.75703125 0.01796875 0.04140625
0 0.61875 0.69921875 0.0375 0.0546875
0 0.521875 0.68671875 0.02578125 0.08203125
0 0.4859375 0.61484375 0.0421875 0.12421875
0 0.46015625 0.43046875 0.07578125 0.08828125
0 0.3859375 0.19453125 0.053125 0.07734375
0 0.10703125 0.053125 0.02421875 0.025
0 0.27109375 0.14375 0.021875 0.05
0 0.67265625 0.96640625 0.0265625 0.0671875
0 0.6078125 0.96328125 0.02734375 0.034375
0 0.6328125 0.82890625 0.0265625 0.040625
0 0.4125 0.9625 0.02578125 0.05625
0 0.384375 0.9828125 0.01328125 0.03359375
0 0.44375 0.87109375 0.0671875 0.06875
0 0.1046875 0.8921875 0.0296875 0.075
0 0.0828125 0.88515625 0.0234375 0.096875
0 0.03828125 0.69140625 0.01796875 0.0328125
0 0.1015625 0.68984375 0.046875 0.08515625
0 0.13046875 0.35859375 0.034375 0.07109375
0 0.09453125 0.32421875 0.02734375 0.07421875
0 0.0484375 0.15546875 0.03828125 0.04140625
0 0.034375 0.0671875 0.02578125 0.08046875
0 0.17265625 0.0578125 0.02109375 0.05625
0 0.31484375 0.59296875 0.01953125 0.034375
0 0.278125 0.53828125 0.02421875 0.0515625
0 0.38828125 0.50234375 0.0765625 0.06953125
0 0.31640625 0.5046875 0.01640625 0.01796875
0 0.43125 0.6265625 0.01640625 0.13515625
0 0.31171875 0.7203125 0.02421875 0.05625
0 0.11171875 0.8140625 0.015625 0.04375
0 0.265625 0.90546875 0.0125 0.03203125
0 0.1796875 0.9828125 0.0125 0.03359375
0 0.15078125 0.9671875 0.0140625 0.0265625
0 0.20625 0.45859375 0.01328125 0.053125
0 0.14765625 0.45625 0.03203125 0.02890625
0 0.128125 0.478125 0.02578125 0.0265625
0 0.25078125 0.4515625 0.0171875 0.03203125
0 0.29765625 0.4140625 0.02421875 0.03671875
0 0.015625 0.42890625 0.0171875 0.03046875
0 0.05859375 0.27734375 0.01015625 0.0421875
0 0.03515625 0.30234375 0.01171875 0.0328125
0 0.0234375 0.24609375 0.02578125 0.05625
0 0.0171875 0.8609375 0.01640625 0.05390625
0 0.08125 0.79453125 0.009375 0.0390625
0 0.06328125 0.790625 0.01015625 0.046875
0 0.04375 0.78125 0.01171875 0.0375
0 0.01328125 0.72265625 0.01171875 0.04375
0 0.38515625 0.825 0.01484375 0.046875
0 0.21015625 0.87265625 0.0203125 0.04375
0 0.2703125 0.790625 0.06640625 0.0625
0 0.29609375 0.646875 0.01484375 0.046875
0 0.1890625 0.315625 0.01484375 0.0375
0 0.22265625 0.2109375 0.015625 0.0421875
0 0.74140625 0.30703125 0.04765625 0.0671875
0 0.49765625 0.98359375 0.0265625 0.03203125
0 0.12421875 0.59140625 0.01171875 0.03125
0 0.13671875 0.24375 0.0125 0.0234375