0 0.09453125 0.1234375 0.05078125 0.0921875
0 0.1546875 0.0296875 0.01015625 0.03515625
0 0.17890625 0.015625 0.00859375 0.03125
0 0.0359375 0.93046875 0.01875 0.0640625
0 0.00859375 0.8453125 0.009375 0.0265625
0 0.0515625 0.84921875 0.03671875 0.03359375
0 0.27109375 0.20546875 0.07890625 0.05546875
0 0.1875 0.140625 0.0234375 0.02734375
0 0.21640625 0.13125 0.0171875 0.028125
0 0.24765625 0.1328125 0.0078125 0.0234375
0 0.2671875 0.09765625 0.01484375 0.028125
0 0.37734375 0.0734375 0.01328125 0.0203125
0 0.38359375 0.01640625 0.01796875 0.0328125
0 0.41171875 0.0421875 0.01484375 0.040625
0 0.44609375 0.134375 0.06171875 0.06953125
0 0.4984375 0.0171875 0.028125 0.03125
0 0.56484375 0.07890625 0.01875 0.0296875
0 0.60859375 0.0390625 0.02578125 0.03203125
0 0.66953125 0.05078125 0.0203125 0.0296875
0 0.634375 0.17109375 0.025 0.03828125
0 0.6171875 0.3 0.02265625 0.04921875
0 0.8328125 0.1953125 0.253125 0.390625
0 0.771875 0.24296875 0.0234375 0.0375
0 0.93515625 0.25625 0.05078125 0.1046875
0 0.94453125 0.6859375 0.02421875 0.03828125
0 0.85625 0.48359375 0.0328125 0.0625
0 0.91171875 0.415625 0.0328125 0.059375
0 0.7546875 0.396875 0.02890625 0.04609375
0 0.70078125 0.075 0.0171875 0.02265625
0 0.94296875 0.1140625 0.009375 0.0359375
0 0.965625 0.21953125 0.0171875 0.021875
0 0.27578125 0.46328125 0.025 0.0515625
0 0.31484375 0.4984375 0.0203125 0.01796875
0 0.29921875 0.5828125 0.01875 0.04140625
0 0.2046875 0.5484375 0.0078125 0.065625
0 0.2515625 0.55546875 0.01640625 0.0453125
0 0.43125 0.38125 0.02265625 0.13828125
0 0.48671875 0.38828125 0.04296875 0.11796875
0 0.52265625 0.3125 0.028125 0.06875
0 0.35703125 0.21640625 0.0078125 0.03125
0 0.38125 0.16953125 0.01328125 0.01640625
0 0.2953125 0.3359375 0.01015625 0.03515625
0 0.3109375 0.278125 0.0234375 0.053125
0 0.18828125 0.28125 0.0140625 0.01796875
0 0.103125 0.31484375 0.05 0.0859375
0 0.01640625 0.28125 0.0171875 0.025
0 0.03671875 0.31328125 0.015625 0.03984375
0 0.04453125 0.2171875 0.01015625 0.02421875
0 0.06328125 0.20703125 0.0140625 0.021875
0 0.07890625 0.209375 0.01328125 0.0296875
0 0.1125 0.1921875 0.01328125 0.01953125
0 0.3890625 0.49296875 0.0765625 0.06875
0 0.4578125 0.56640625 0.078125 0.08671875
0 0.3875 0.8078125 0.05859375 0.071875
0 0.26953125 0.85546875 0.0203125 0.05
0 0.05703125 0.7234375 0.0125 0.0296875
0 0.03828125 0.69609375 0.02109375 0.0234375
0 0.09453125 0.6765625 0.025 0.075
0 0.13046875 0.65 0.0375 0.0875
0 0.19140625 0.68359375 0.015625 0.01796875
0 0.82734375 0.825 0.028125 0.0625
0 0.76015625 0.9390625 0.0484375 0.1
0 0.634375 0.84140625 0.03203125 0.03359375
0 0.578125 0.79453125 0.0125 0.0265625
0 0.1484375 0.54921875 0.02734375 0.02734375
0 0.13046875 0.51796875 0.021875 0.03125
0 0.390625 0.2609375 0.0109375 0.03359375
0 0.01328125 0.56640625 0.01328125 0.02734375
0 0.0375 0.59609375 0.01640625 0.028125
0 0.13203125 0.95078125 0.0109375 0.03359375
0 0.171875 0.94609375 0.01875 0.06484375
0 0.1 0.95 0.02421875 0.0296875
0 0.225 0.79296875 0.01171875 0.03046875
0 0.13671875 0.75859375 0.009375 0.01640625
0 0.0296875 0.765625 0.0171875 0.05625
0 0.315625 0.4015625 0.021875 0.03125
0 0.32734375 0.328125 0.01015625 0.02265625