0 0.434375 0.5296875 0.0671875 0.07265625
0 0.49140625 0.7109375 0.04765625 0.14765625
0 0.54375 0.5703125 0.059375 0.13046875
0 0.67421875 0.7 0.04921875 0.08828125
0 0.43203125 0.62578125 0.078125 0.034375
0 0.27109375 0.0609375 0.10390625 0.121875
0 0.3546875 0.02109375 0.025 0.0390625
0 0.38828125 0.28828125 0.02578125 0.0484375
0 0.384375 0.51328125 0.015625 0.01796875
0 0.39765625 0.4625 0.03515625 0.04765625
0 0.69140625 0.259375 0.02265625 0.046875
0 0.66484375 0.36015625 0.01875 0.025
0 0.74765625 0.0421875 0.053125 0.07734375
0 0.7 0.90703125 0.025 0.0453125
0 0.66484375 0.9890625 0.0171875 0.02109375
0 0.546875 0.85546875 0.02109375 0.03828125
0 0.478125 0.89453125 0.0296875 0.0359375
0 0.52734375 0.94375 0.02109375 0.02578125
0 0.25859375 0.72109375 0.0125 0.021875
0 0.22734375 0.70390625 0.015625 0.028125
0 0.27421875 0.91953125 0.01484375 0.0234375
0 0.29375 0.946875 0.01328125 0.0203125
0 0.3375 0.909375 0.03046875 0.121875
0 0.24453125 0.65703125 0.02421875 0.03046875
0 0.2796875 0.646875 0.01328125 0.02421875
0 0.303125 0.63984375 0.01640625 0.01640625
0 0.2953125 0.590625 0.03671875 0.0875
0 0.29609375 0.7671875 0.0140625 0.02109375
0 0.31484375 0.7125 0.0125 0.0265625
0 0.38046875 0.83203125 0.02265625 0.04609375
0 0.41015625 0.865625 0.01796875 0.02109375
0 0.44375 0.8421875 0.0140625 0.01796875
0 0.44765625 0.81953125 0.01484375 0.01796875
0 0.4984375 0.81875 0.015625 0.0265625
0 0.315625 0.26484375 0.02265625 0.04140625
0 0.24765625 0.19453125 0.01796875 0.034375
0 0.2453125 0.321875 0.01328125 0.02265625
0 0.26328125 0.3859375 0.0140625 0.025
0 0.2375 0.29375 0.0125 0.02265625
0 0.23125 0.18046875 0.01328125 0.02421875
0 0.44140625 0.05078125 0.0234375 0.0484375
