0 0.26328125 0.21171875 0.0625 0.065625
0 0.428125 0.37421875 0.02890625 0.14140625
0 0.615625 0.3 0.03046875 0.06171875
0 0.3875 0.803125 0.0578125 0.09140625
0 0.26875 0.853125 0.0359375 0.06171875
0 0.7546875 0.93203125 0.04921875 0.1265625
0 0.315625 0.50078125 0.02421875 0.03203125
0 0.278125 0.4609375 0.02265625 0.06875
0 0.29765625 0.5875 0.02890625 0.04609375
0 0.765625 0.24296875 0.0296875 0.05
0 0.746875 0.09609375 0.07421875 0.190625
0 0.66875 0.053125 0.02265625 0.03671875
0 0.44140625 0.13515625 0.0671875 0.07265625
0 0.409375 0.0421875 0.015625 0.03125
0 0.384375 0.0125 0.0203125 0.02421875
0 0.26484375 0.10234375 0.0296875 0.03125
0 0.2515625 0.54921875 0.0234375 0.0421875
0 0.51953125 0.31484375 0.03046875 0.0765625
0 0.4828125 0.39140625 0.04609375 0.11875
0 0.45625 0.56640625 0.07421875 0.0890625
0 0.38828125 0.5 0.0796875 0.0796875
0 0.6328125 0.84140625 0.02578125 0.03359375
0 0.57578125 0.79375 0.01796875 0.0375
0 0.73984375 0.68828125 0.0484375 0.0734375
0 0.7546875 0.39765625 0.02578125 0.04140625
0 0.30859375 0.28203125 0.0234375 0.06328125
0 0.38046875 0.1734375 0.0125 0.03359375
0 0.60859375 0.040625 0.02421875 0.03125
0 0.63125 0.17421875 0.02734375 0.04296875
0 0.3734375 0.07265625 0.009375 0.01484375
0 0.31171875 0.40703125 0.02421875 0.0296875
0 0.39765625 0.55859375 0.0109375 0.02109375
0 0.49765625 0.0203125 0.02734375 0.040625
0 0.38984375 0.2578125 0.01796875 0.021875
0 0.35078125 0.13515625 0.00546875 0.01796875