0 0.6625 0.084375 0.03671875 0.1125
0 0.5546875 0.17265625 0.01640625 0.03515625
0 0.50390625 0.175 0.02109375 0.034375
0 0.44921875 0.14296875 0.02109375 0.04375
0 0.51796875 0.10625 0.0328125 0.05703125
0 0.5 0.30234375 0.0390625 0.13515625
0 0.45859375 0.42734375 0.0515625 0.13203125
0 0.321875 0.30390625 0.04296875 0.090625
0 0.2984375 0.09296875 0.02421875 0.05078125
0 0.60625 0.5375 0.03359375 0.05859375
0 0.5625 0.47734375 0.06484375 0.084375
0 0.56796875 0.37421875 0.08046875 0.04140625
0 0.70859375 0.39296875 0.03515625 0.11015625
0 0.615625 0.70390625 0.02265625 0.04609375
0 0.55703125 0.9453125 0.02265625 0.06875
0 0.25234375 0.95625 0.065625 0.08671875
0 0.6265625 0.1578125 0.03828125 0.04921875
0 0.73046875 0.934375 0.1125 0.13046875
0 0.6484375 0.9765625 0.02890625 0.046875
0 0.75859375 0.6953125 0.01484375 0.05703125
0 0.75703125 0.8 0.02578125 0.04453125
0 0.30859375 0.73984375 0.0234375 0.05078125
0 0.3921875 0.93515625 0.04609375 0.08828125
0 0.47578125 0.0578125 0.02578125 0.034375
0 0.3359375 0.01484375 0.0171875 0.01953125
0 0.72890625 0.08203125 0.01328125 0.02109375
0 0.7734375 0.296875 0.01875 0.02578125
0 0.7546875 0.3390625 0.0265625 0.0421875
0 0.73984375 0.28125 0.0171875 0.034375
0 0.68515625 0.2890625 0.015625 0.040625
0 0.33671875 0.63828125 0.01796875 0.0265625
0 0.46640625 0.32578125 0.00859375 0.02734375
0 0.63203125 0.30546875 0.01171875 0.03359375
0 0.5890625 0.1359375 0.01015625 0.02109375
0 0.68359375 0.7390625 0.03125 0.0453125
