0 0.5 0.67109375 0.0546875 0.1203125
0 0.70625 0.66796875 0.05546875 0.08125
0 0.4265625 0.53203125 0.07890625 0.0796875
0 0.54765625 0.5609375 0.0625 0.1140625
0 0.37265625 0.465625 0.04921875 0.046875
0 0.79296875 0.10859375 0.0671875 0.07734375
0 0.28359375 0.0875 0.2359375 0.175
0 0.3265625 0.09453125 0.0296875 0.0359375
0 0.4296875 0.1140625 0.0265625 0.046875
0 0.3671875 0.31953125 0.03203125 0.04765625
0 0.7359375 0.84140625 0.03046875 0.03984375
0 0.55546875 0.7984375 0.0203125 0.03671875
0 0.5390625 0.9375 0.01875 0.02421875
0 0.5328125 0.871875 0.02421875 0.028125
0 0.47421875 0.83203125 0.0359375 0.034375
0 0.49765625 0.76875 0.015625 0.02265625
0 0.39296875 0.80390625 0.01640625 0.02109375
0 0.359375 0.77890625 0.02265625 0.04375
0 0.30625 0.85 0.0359375 0.09140625
0 0.25390625 0.8734375 0.0140625 0.02421875
0 0.23125 0.84921875 0.0140625 0.02734375
0 0.2609375 0.9671875 0.01484375 0.0234375
0 0.253125 0.92578125 0.02421875 0.025
0 0.17578125 0.98125 0.01953125 0.025
0 0.69609375 0.91171875 0.01484375 0.0234375
0 0.70078125 0.38125 0.01796875 0.02265625
0 0.72734375 0.29765625 0.0265625 0.04609375
0 0.21875 0.4 0.01875 0.02890625
0 0.196875 0.3484375 0.01875 0.0265625
0 0.18828125 0.3234375 0.0140625 0.02109375
0 0.2796875 0.30078125 0.03046875 0.0453125
0 0.2 0.23984375 0.02109375 0.03125
0 0.2578125 0.5765625 0.0421875 0.0765625
0 0.3421875 0.6625 0.01484375 0.0296875
0 0.2796875 0.67734375 0.0171875 0.02734375
0 0.26875 0.61875 0.01796875 0.01484375
0 0.2390625 0.62109375 0.0125 0.01875
0 0.21484375 0.6859375 0.01640625 0.02421875
0 0.1765625 0.67109375 0.021875 0.0328125
0 0.2015625 0.63046875 0.01796875 0.02421875
0 0.62421875 0.95859375 0.015625 0.025
0 0.41875 0.60234375 0.08828125 0.03203125
0 0.71484375 0.0125 0.03515625 0.02421875
0 0.39453125 0.984375 0.01875 0.03046875
0 0.3546875 0.96171875 0.015625 0.0234375
0 0.809375 0.9875 0.015625 0.025
0 0.4375 0.765625 0.01640625 0.02421875
