0 0.50390625 0.34296875 0.034375 0.13515625
0 0.6921875 0.15 0.03515625 0.07734375
0 0.26484375 0.15625 0.046875 0.05703125
0 0.290625 0.3390625 0.04765625 0.08828125
0 0.43984375 0.20234375 0.0203125 0.03828125
0 0.525 0.1640625 0.0421875 0.040625
0 0.61640625 0.5359375 0.05 0.05703125
0 0.57265625 0.478125 0.0703125 0.05703125
0 0.57578125 0.396875 0.10078125 0.028125
0 0.74609375 0.4328125 0.04140625 0.0921875
0 0.628125 0.68125 0.0328125 0.0515625
0 0.71796875 0.8875 0.2359375 0.225
0 0.2140625 0.8890625 0.07109375 0.134375
0 0.67578125 0.8875 0.03671875 0.0609375