0 0.28828125 0.10078125 0.31796875 0.2015625
0 0.7921875 0.12109375 0.0625 0.09765625
0 0.32109375 0.09375 0.03046875 0.0484375
0 0.3671875 0.3265625 0.0296875 0.05
0 0.415625 0.60546875 0.08828125 0.06171875
0 0.42265625 0.5234375 0.0671875 0.08828125
0 0.36953125 0.471875 0.04453125 0.0734375
0 0.246875 0.5796875 0.04609375 0.0515625
0 0.30546875 0.85 0.03671875 0.0796875
0 0.4921875 0.66953125 0.0578125 0.11171875
0 0.54453125 0.55703125 0.05546875 0.1078125
0 0.70625 0.6734375 0.05078125 0.08203125
0 0.734375 0.85 0.0359375 0.0546875
0 0.55625 0.80078125 0.028125 0.04921875
0 0.4640625 0.8421875 0.0375 0.03984375
