0 0.23359375 0.065625 0.06640625 0.11015625
0 0.05390625 0.31953125 0.0484375 0.06796875
0 0.146875 0.821875 0.24609375 0.35625
0 0.06484375 0.76015625 0.06171875 0.09765625
0 0.23203125 0.76171875 0.02890625 0.0453125
0 0.56015625 0.87890625 0.04921875 0.0484375
0 0.475 0.690625 0.028125 0.06171875
0 0.38046875 0.7171875 0.0375 0.0640625
0 0.53984375 0.4328125 0.0671875 0.078125
0 0.6171875 0.51171875 0.0703125 0.0828125
0 0.60703125 0.1890625 0.05703125 0.08515625
0 0.57109375 0.625 0.02734375 0.15234375
0 0.51640625 0.6125 0.04375 0.11796875
0 0.70390625 0.41171875 0.02109375 0.03515625
0 0.7234375 0.5453125 0.028125 0.034375
0 0.90625 0.328125 0.02890625 0.08671875
0 0.8671875 0.346875 0.03984375 0.0453125
0 0.94296875 0.15859375 0.0390625 0.05234375
0 0.72578125 0.14921875 0.0234375 0.0421875
0 0.7328125 0.79375 0.0578125 0.0859375
0 0.90625 0.8734375 0.05390625 0.065625
0 0.0875 0.5828125 0.05 0.07734375
