0 0.3890625 0.2078125 0.07421875 0.11328125
0 0.7703125 0.06015625 0.09296875 0.1203125
0 0.265625 0.13125 0.05546875 0.0625
0 0.05234375 0.1609375 0.03671875 0.06640625
0 0.08984375 0.3265625 0.0421875 0.06484375
0 0.134375 0.34296875 0.03984375 0.0609375
0 0.3 0.4140625 0.01875 0.01640625
0 0.27890625 0.5484375 0.0234375 0.0359375
0 0.46015625 0.4203125 0.0765625 0.0953125
0 0.38359375 0.49765625 0.08125 0.0734375
0 0.4296875 0.6296875 0.02265625 0.1390625
0 0.484375 0.6078125 0.03828125 0.12734375
0 0.52421875 0.6859375 0.0390625 0.06484375
0 0.61796875 0.70859375 0.034375 0.0328125
0 0.834375 0.81015625 0.25546875 0.37890625
0 0.7734375 0.7671875 0.025 0.03828125
0 0.93359375 0.74453125 0.0359375 0.090625
0 0.94609375 0.31484375 0.03984375 0.05078125
0 0.91484375 0.5875 0.0453125 0.0765625
0 0.453125 0.878125 0.04375 0.05703125
0 0.2765625 0.7953125 0.06796875 0.075
0 0.096875 0.8796875 0.05078125 0.06875