0 0.70234375 0.90625 0.0265625 0.046875
0 0.67578125 0.7046875 0.04609375 0.0875
0 0.746875 0.0421875 0.053125 0.084375
0 0.3578125 0.0203125 0.025 0.0375
0 0.44296875 0.05 0.025 0.053125
0 0.38828125 0.2921875 0.0265625 0.05234375
0 0.39375 0.46640625 0.0375 0.0578125
0 0.4375 0.5265625 0.0671875 0.075
0 0.4296875 0.625 0.0765625 0.0390625
0 0.2921875 0.60390625 0.0375 0.10546875
0 0.24296875 0.6578125 0.02421875 0.03046875
0 0.2703125 0.0640625 0.109375 0.128125
0 0.246875 0.19921875 0.01796875 0.03046875
0 0.69375 0.2609375 0.021875 0.0484375
0 0.6046875 0.0734375 0.040625 0.096875
0 0.53828125 0.57734375 0.05234375 0.12265625
0 0.5484375 0.85625 0.015625 0.0390625
0 0.528125 0.94375 0.01484375 0.02890625
0 0.47734375 0.89453125 0.03203125 0.0453125
0 0.49921875 0.82109375 0.01796875 0.0421875
0 0.49609375 0.70078125 0.0359375 0.13515625
0 0.40078125 0.81328125 0.01328125 0.02734375
0 0.34296875 0.75078125 0.01328125 0.0390625
0 0.31484375 0.71328125 0.015625 0.028125
0 0.33203125 0.91171875 0.03515625 0.115625
0 0.29375 0.9484375 0.0109375 0.0171875
0 0.2734375 0.92109375 0.01328125 0.03515625
0 0.40625 0.865625 0.02421875 0.021875
0 0.3765625 0.834375 0.02890625 0.0625
0 0.446875 0.8296875 0.0171875 0.04765625
0 0.29765625 0.7640625 0.01171875 0.02734375
0 0.259375 0.7234375 0.015625 0.02734375
0 0.23125 0.7046875 0.02109375 0.0328125
0 0.2390625 0.30859375 0.02265625 0.0515625
0 0.31640625 0.2671875 0.01953125 0.04296875
0 0.66640625 0.98984375 0.02109375 0.01875
0 0.53203125 0.684375 0.01015625 0.025
0 0.26328125 0.3796875 0.01171875 0.02734375
0 0.36796875 0.69140625 0.0109375 0.0296875
0 0.61015625 0.98203125 0.01328125 0.01875
0 0.23125 0.51875 0.01015625 0.01796875
0 0.29140625 0.15703125 0.021875 0.0265625
0 0.26015625 0.14453125 0.01015625 0.02265625
0 0.6640625 0.3609375 0.01875 0.0234375