0 0.75859375 0.940625 0.05546875 0.103125
0 0.9453125 0.690625 0.03046875 0.05390625
0 0.85546875 0.48671875 0.03984375 0.06875
0 0.9078125 0.41640625 0.040625 0.06328125
0 0.61796875 0.30234375 0.03046875 0.0453125
0 0.83359375 0.19921875 0.25234375 0.396875
0 0.93046875 0.2578125 0.0484375 0.0859375
0 0.77109375 0.2453125 0.02890625 0.03671875
0 0.9453125 0.1078125 0.01171875 0.01796875
0 0.965625 0.21640625 0.0109375 0.03125
0 0.67109375 0.05 0.021875 0.03203125
0 0.609375 0.0390625 0.03203125 0.0375
0 0.634375 0.1703125 0.01953125 0.03984375
0 0.44375 0.1328125 0.065625 0.0796875
0 0.4125 0.04375 0.021875 0.0375
0 0.38203125 0.0140625 0.0296875 0.028125
0 0.26640625 0.209375 0.06953125 0.0671875
0 0.10625 0.11640625 0.028125 0.06015625
0 0.11171875 0.19140625 0.01484375 0.0390625
0 0.078125 0.13984375 0.01640625 0.03828125
0 0.084375 0.096875 0.01875 0.03984375
0 0.040625 0.3078125 0.02109375 0.05625
0 0.10078125 0.309375 0.05234375 0.09296875
0 0.1515625 0.03203125 0.01875 0.03203125
0 0.18046875 0.0140625 0.01875 0.028125
0 0.25625 0.1109375 0.03671875 0.0515625
0 0.21328125 0.1328125 0.015625 0.0328125
0 0.1875 0.13984375 0.015625 0.02578125
0 0.42890625 0.378125 0.02109375 0.14453125
0 0.13046875 0.65 0.04140625 0.0953125
0 0.09453125 0.67578125 0.0296875 0.07890625
0 0.14765625 0.546875 0.0296875 0.025
0 0.13125 0.5078125 0.02421875 0.040625
0 0.3859375 0.49453125 0.075 0.08046875
0 0.3984375 0.55546875 0.0125 0.01796875
0 0.48671875 0.38828125 0.04609375 0.125
0 0.5234375 0.309375 0.025 0.075
0 0.46015625 0.57265625 0.0734375 0.1015625
0 0.3890625 0.80859375 0.05859375 0.07421875
0 0.27265625 0.85390625 0.02421875 0.06015625
0 0.05 0.84765625 0.0375 0.040625
0 0.296875 0.5859375 0.01640625 0.03828125
0 0.3171875 0.5015625 0.0203125 0.03359375
0 0.2765625 0.4609375 0.03125 0.0578125
0 0.24921875 0.55 0.01484375 0.04375
0 0.7375 0.68515625 0.046875 0.06171875
0 0.6328125 0.8375 0.021875 0.05390625
0 0.5796875 0.79453125 0.01875 0.0390625
0 0.309375 0.28046875 0.03359375 0.05390625
0 0.38203125 0.16953125 0.0125 0.0234375
0 0.13125 0.95078125 0.01640625 0.03125
0 0.1015625 0.94375 0.0140625 0.05625
0 0.0359375 0.9296875 0.01875 0.07578125
0 0.1703125 0.94609375 0.01328125 0.06484375
0 0.02578125 0.7625 0.0203125 0.05546875
0 0.05703125 0.72265625 0.0171875 0.04375
0 0.0140625 0.56953125 0.0125 0.0390625
0 0.1890625 0.68828125 0.01875 0.0390625
0 0.315625 0.403125 0.02734375 0.028125
0 0.3890625 0.2625 0.01796875 0.0234375
0 0.06953125 0.21484375 0.02734375 0.03984375
0 0.0453125 0.2203125 0.0140625 0.02578125
0 0.0125 0.2796875 0.02421875 0.04296875
0 0.1890625 0.27890625 0.0125 0.0421875
0 0.3765625 0.06875 0.015625 0.02265625
0 0.49921875 0.01875 0.028125 0.03671875
0 0.753125 0.39609375 0.025 0.04453125
0 0.8234375 0.8234375 0.0234375 0.053125
