0 0.90546875 0.1234375 0.05078125 0.0921875
0 0.8453125 0.0296875 0.01015625 0.03515625
0 0.82109375 0.015625 0.00859375 0.03125
0 0.9640625 0.93046875 0.01875 0.0640625
0 0.99140625 0.8453125 0.009375 0.0265625
0 0.9484375 0.84921875 0.03671875 0.03359375
0 0.72890625 0.20546875 0.07890625 0.05546875
0 0.8125 0.140625 0.0234375 0.02734375
0 0.78359375 0.13125 0.0171875 0.028125
0 0.75234375 0.1328125 0.0078125 0.0234375
0 0.7328125 0.09765625 0.01484375 0.028125
0 0.62265625 0.0734375 0.01328125 0.0203125
0 0.61640625 0.01640625 0.01796875 0.0328125
0 0.58828125 0.0421875 0.01484375 0.040625
0 0.55390625 0.134375 0.06171875 0.06953125
0 0.5015625 0.0171875 0.028125 0.03125
0 0.43515625 0.07890625 0.01875 0.0296875
0 0.39140625 0.0390625 0.02578125 0.03203125
0 0.33046875 0.05078125 0.0203125 0.0296875
0 0.365625 0.17109375 0.025 0.03828125
0 0.3828125 0.3 0.02265625 0.04921875
0 0.1671875 0.1953125 0.253125 0.390625
0 0.228125 0.24296875 0.0234375 0.0375
0 0.06484375 0.25625 0.05078125 0.1046875
0 0.05546875 0.6859375 0.02421875 0.03828125
0 0.14375 0.48359375 0.0328125 0.0625
0 0.08828125 0.415625 0.0328125 0.059375
0 0.2453125 0.396875 0.02890625 0.04609375
0 0.29921875 0.075 0.0171875 0.02265625
0 0.05703125 0.1140625 0.009375 0.0359375
0 0.034375 0.21953125 0.0171875 0.021875
0 0.72421875 0.46328125 0.025 0.0515625
0 0.68515625 0.4984375 0.0203125 0.01796875
0 0.70078125 0.5828125 0.01875 0.04140625
0 0.7953125 0.5484375 0.0078125 0.065625
0 0.7484375 0.55546875 0.01640625 0.0453125
0 0.56875 0.38125 0.02265625 0.13828125
0 0.51328125 0.38828125 0.04296875 0.11796875
0 0.47734375 0.3125 0.028125 0.06875
0 0.64296875 0.21640625 0.0078125 0.03125
0 0.61875 0.16953125 0.01328125 0.01640625
0 0.7046875 0.3359375 0.01015625 0.03515625
0 0.6890625 0.278125 0.0234375 0.053125
0 0.81171875 0.28125 0.0140625 0.01796875
0 0.896875 0.31484375 0.05 0.0859375
0 0.98359375 0.28125 0.0171875 0.025
0 0.96328125 0.31328125 0.015625 0.03984375
0 0.95546875 0.2171875 0.01015625 0.02421875
0 0.93671875 0.20703125 0.0140625 0.021875
0 0.92109375 0.209375 0.01328125 0.0296875
0 0.8875 0.1921875 0.01328125 0.01953125
0 0.6109375 0.49296875 0.0765625 0.06875
0 0.5421875 0.56640625 0.078125 0.08671875
0 0.6125 0.8078125 0.05859375 0.071875
0 0.73046875 0.85546875 0.0203125 0.05
0 0.94296875 0.7234375 0.0125 0.0296875
0 0.96171875 0.69609375 0.02109375 0.0234375
0 0.90546875 0.6765625 0.025 0.075
0 0.86953125 0.65 0.0375 0.0875
0 0.80859375 0.68359375 0.015625 0.01796875
0 0.17265625 0.825 0.028125 0.0625
0 0.23984375 0.9390625 0.0484375 0.1
0 0.365625 0.84140625 0.03203125 0.03359375
0 0.421875 0.79453125 0.0125 0.0265625
0 0.8515625 0.54921875 0.02734375 0.02734375
0 0.86953125 0.51796875 0.021875 0.03125
0 0.609375 0.2609375 0.0109375 0.03359375
0 0.98671875 0.56640625 0.01328125 0.02734375
0 0.9625 0.59609375 0.01640625 0.028125
0 0.86796875 0.95078125 0.0109375 0.03359375
0 0.828125 0.94609375 0.01875 0.06484375
0 0.9 0.95 0.02421875 0.0296875
0 0.775 0.79296875 0.01171875 0.03046875
0 0.86328125 0.75859375 0.009375 0.01640625
0 0.9703125 0.765625 0.0171875 0.05625
0 0.684375 0.4015625 0.021875 0.03125
0 0.67265625 0.328125 0.01015625 0.02265625
