0 0.43203125 0.3765625 0.021875 0.13359375
0 0.48359375 0.3828125 0.05625 0.1140625
0 0.390625 0.4984375 0.0828125 0.0828125
0 0.45859375 0.57890625 0.07421875 0.09921875
0 0.06015625 0.20078125 0.01875 0.0328125
0 0.0828125 0.20703125 0.01953125 0.03203125
0 0.07890625 0.1375 0.02265625 0.04375
0 0.103125 0.109375 0.03203125 0.06015625
0 0.0828125 0.09453125 0.0171875 0.0453125
0 0.10234375 0.31171875 0.04609375 0.08359375
0 0.09375 0.675 0.034375 0.0875
0 0.13203125 0.6515625 0.03828125 0.06015625
0 0.0375 0.93046875 0.02734375 0.08203125
0 0.05078125 0.84921875 0.04296875 0.03984375
0 0.2703125 0.85078125 0.03203125 0.0546875
0 0.3828125 0.809375 0.0515625 0.078125
0 0.30078125 0.5828125 0.02109375 0.0390625
0 0.2703125 0.20859375 0.06953125 0.06015625
0 0.3796875 0.16953125 0.02109375 0.025
0 0.41953125 0.15 0.015625 0.0296875
0 0.41796875 0.10625 0.0125 0.021875
0 0.4515625 0.13359375 0.0484375 0.06484375
0 0.52265625 0.31328125 0.03125 0.0703125
0 0.61875 0.29765625 0.02578125 0.0515625
0 0.83828125 0.1921875 0.2515625 0.384375
0 0.77109375 0.23984375 0.0265625 0.046875
0 0.85703125 0.4796875 0.03359375 0.065625
0 0.91171875 0.4171875 0.03515625 0.05625
0 0.9359375 0.2609375 0.04609375 0.09296875
0 0.9453125 0.684375 0.028125 0.04765625
0 0.75390625 0.3953125 0.02890625 0.04375
0 0.20703125 0.55625 0.01640625 0.0328125
0 0.25 0.54609375 0.02109375 0.0484375
0 0.27734375 0.4625 0.02265625 0.05234375
0 0.1484375 0.54609375 0.02890625 0.02734375
0 0.12734375 0.515625 0.02421875 0.03515625
0 0.03359375 0.31171875 0.03203125 0.03984375
0 0.01796875 0.56328125 0.0171875 0.03515625
0 0.7625 0.9359375 0.04765625 0.109375
0 0.10234375 0.953125 0.025 0.0328125
0 0.221875 0.7890625 0.021875 0.03359375
0 0.31953125 0.4953125 0.021875 0.03046875
0 0.3125 0.28515625 0.0296875 0.0421875
0 0.37421875 0.06875 0.02265625 0.02578125
0 0.38515625 0.0125 0.02421875 0.025
0 0.11328125 0.1890625 0.02265625 0.03203125
0 0.1875 0.140625 0.01953125 0.03046875
0 0.2140625 0.12890625 0.01796875 0.0390625
0 0.246875 0.128125 0.01796875 0.03046875
0 0.265625 0.096875 0.0203125 0.03359375
0 0.1546875 0.025 0.0203125 0.0296875
0 0.1796875 0.01484375 0.015625 0.02890625
0 0.4109375 0.040625 0.0234375 0.05390625
0 0.6359375 0.84296875 0.03046875 0.04609375
0 0.8265625 0.82578125 0.02265625 0.05546875
0 0.57890625 0.7953125 0.01953125 0.03515625
0 0.19140625 0.68515625 0.01953125 0.02890625
0 0.60078125 0.03984375 0.01875 0.0390625
0 0.634375 0.16953125 0.03046875 0.05390625
0 0.675 0.04765625 0.02109375 0.04375
0 0.175 0.959375 0.01875 0.0296875
0 0.17265625 0.34375 0.01953125 0.03125
