0 0.49921875 0.6796875 0.05390625 0.1328125
0 0.55078125 0.56328125 0.071875 0.1140625
0 0.70859375 0.67109375 0.0484375 0.08671875
0 0.7875 0.11328125 0.071875 0.090625
0 0.28515625 0.0921875 0.2421875 0.184375
0 0.32890625 0.09765625 0.0265625 0.05859375
0 0.4359375 0.12578125 0.03515625 0.05234375
0 0.1765625 0.98046875 0.0171875 0.03046875
0 0.26484375 0.96953125 0.02109375 0.03359375
0 0.25390625 0.93125 0.02109375 0.02734375
0 0.2328125 0.85234375 0.01015625 0.0328125
0 0.30546875 0.84609375 0.04453125 0.1078125
0 0.35546875 0.78671875 0.03359375 0.05625
0 0.35625 0.96328125 0.015625 0.01796875
0 0.39609375 0.9875 0.01015625 0.0203125
0 0.5171875 0.9453125 0.00859375 0.03125
0 0.5390625 0.93984375 0.01640625 0.0203125
0 0.62421875 0.96328125 0.0140625 0.03046875
0 0.6765625 0.96484375 0.01171875 0.01875
0 0.79453125 0.9859375 0.04375 0.02734375
0 0.6953125 0.9125 0.015625 0.021875
0 0.73828125 0.846875 0.02734375 0.03828125
0 0.55625 0.80234375 0.03203125 0.0421875
0 0.53359375 0.87421875 0.021875 0.028125
0 0.475 0.83359375 0.0359375 0.04375
0 0.3921875 0.809375 0.02734375 0.02890625
0 0.4375 0.7796875 0.01796875 0.04921875
0 0.49765625 0.77734375 0.015625 0.03828125
0 0.41875 0.60390625 0.08984375 0.03984375
0 0.3625 0.51328125 0.0125 0.0296875
0 0.37734375 0.46875 0.04609375 0.0421875
0 0.4265625 0.52421875 0.07734375 0.0578125
0 0.2578125 0.5875 0.04609375 0.1
0 0.2640625 0.73984375 0.01796875 0.04921875
0 0.17734375 0.675 0.0125 0.03125
0 0.215625 0.68515625 0.0109375 0.0296875
0 0.2796875 0.671875 0.01015625 0.04140625
0 0.1953125 0.63203125 0.0328125 0.0296875
0 0.72890625 0.29609375 0.0296875 0.0546875
0 0.6265625 0.13984375 0.04296875 0.0875
0 0.7171875 0.015625 0.0375 0.03125
0 0.69765625 0.3828125 0.015625 0.02421875
0 0.3671875 0.321875 0.0265625 0.040625
0 0.2015625 0.24453125 0.02578125 0.034375
0 0.1921875 0.3390625 0.0203125 0.0421875
0 0.3171875 0.7140625 0.02109375 0.0359375
0 0.34296875 0.665625 0.0140625 0.01953125
0 0.2828125 0.30078125 0.02109375 0.05234375
0 0.21796875 0.39921875 0.0140625 0.0234375
0 0.17421875 0.49375 0.0109375 0.0234375
0 0.41640625 0.67421875 0.01015625 0.0203125
0 0.25390625 0.87578125 0.0140625 0.021875
0 0.18125 0.23359375 0.01015625 0.021875
0 0.2171875 0.20546875 0.0140625 0.03046875
0 0.24765625 0.21796875 0.01328125 0.025
0 0.384375 0.765625 0.0109375 0.03046875
0 0.19296875 0.82890625 0.01328125 0.02421875