1 0.35 0.4859375 0.08046875 0.18515625
1 0.27890625 0.42578125 0.10390625 0.10546875
1 0.14765625 0.38203125 0.09140625 0.053125
4 0.44375 0.68203125 0.0453125 0.03203125
4 0.32265625 0.66953125 0.05234375 0.03671875
1 0.22890625 0.62890625 0.075 0.09140625
1 0.62109375 0.8140625 0.10078125 0.09609375
4 0.50625 0.984375 0.03984375 0.0265625
4 0.45859375 0.92421875 0.034375 0.0359375
4 0.4171875 0.83359375 0.0234375 0.025
4 0.38984375 0.8859375 0.03984375 0.025
4 0.38515625 0.8890625 0.03046875 0.021875
4 0.34375 0.82890625 0.0359375 0.0453125
4 0.36484375 0.7671875 0.02890625 0.034375
4 0.2671875 0.70703125 0.02734375 0.0328125
4 0.14609375 0.58046875 0.03828125 0.0390625
4 0.1609375 0.503125 0.02890625 0.028125
4 0.11953125 0.4796875 0.0265625 0.01953125
4 0.221875 0.3609375 0.028125 0.03828125
4 0.140625 0.3203125 0.02734375 0.0375
4 0.09140625 0.32734375 0.0328125 0.0375
4 0.196875 0.2984375 0.02890625 0.028125
4 0.16796875 0.2625 0.02421875 0.0328125
4 0.14765625 0.209375 0.0296875 0.03046875
4 0.38828125 0.22734375 0.0359375 0.03046875
4 0.26875 0.13984375 0.034375 0.03359375
4 0.090625 0.21171875 0.0265625 0.03359375
4 0.66484375 0.975 0.0359375 0.03828125
4 0.74921875 0.9546875 0.0390625 0.0328125
4 0.62421875 0.90390625 0.03125 0.0484375
4 0.52734375 0.33203125 0.0328125 0.04296875
4 0.1984375 0.09296875 0.05 0.028125