0 0.7359375 0.19375 0.16328125 0.29453125
0 0.5203125 0.16875 0.06015625 0.11953125
0 0.853125 0.4765625 0.09921875 0.18671875
0 0.65078125 0.4953125 0.0734375 0.14765625
0 0.5890625 0.3890625 0.04765625 0.078125
0 0.73046875 0.778125 0.1203125 0.203125
0 0.7953125 0.8484375 0.0625 0.12421875
0 0.5890625 0.8015625 0.08359375 0.2
0 0.578125 0.61875 0.053125 0.11328125
0 0.90234375 0.09375 0.0421875 0.053125
0 0.94609375 0.425 0.1015625 0.26640625
0 0.90859375 0.83125 0.0859375 0.17890625
0 0.85 0.66015625 0.11015625 0.1890625
0 0.92578125 0.6328125 0.1359375 0.209375
0 0.7359375 0.628125 0.1625 0.2
0 0.3484375 0.9390625 0.05078125 0.071875
0 0.2609375 0.9046875 0.06015625 0.09765625
0 0.35859375 0.04375 0.0390625 0.059375
0 0.65234375 0.046875 0.0546875 0.06953125
0 0.675 0.0890625 0.03671875 0.06171875
0 0.6078125 0.1546875 0.08203125 0.08984375
0 0.63515625 0.2453125 0.0703125 0.159375
0 0.5578125 0.2625 0.109375 0.21015625
0 0.78671875 0.3953125 0.1828125 0.31953125
0 0.92734375 0.21328125 0.1453125 0.4140625
0 0.47890625 0.1078125 0.0171875 0.03125
0 0.4703125 0.1734375 0.025 0.03984375
0 0.5546875 0.45625 0.11328125 0.21953125
0 0.3109375 0.09609375 0.07734375 0.1328125
0 0.82265625 0.1359375 0.1859375 0.26484375
0 0.621875 0.5859375 0.059375 0.078125
0 0.6421875 0.65625 0.02265625 0.06328125
0 0.653125 0.7984375 0.04453125 0.1375
0 0.95625 0.759375 0.08203125 0.26484375
0 0.6171875 0.9546875 0.0875 0.08984375
0 0.903125 0.928125 0.175 0.14375
0 0.7875 0.96640625 0.08125 0.0671875
0 0.71328125 0.928125 0.1578125 0.14375
0 0.46875 0.25390625 0.03515625 0.0390625
0 0.4765625 0.3421875 0.10078125 0.14296875
0 0.40625 0.22421875 0.040625 0.0578125
0 0.396875 0.32578125 0.08984375 0.1078125
0 0.46171875 0.46953125 0.1109375 0.1484375
0 0.184375 0.41875 0.03203125 0.05625
0 0.3515625 0.5734375 0.040625 0.05078125
0 0.40234375 0.509375 0.0671875 0.13203125
0 0.4546875 0.540625 0.028125 0.05390625
0 0.4046875 0.64453125 0.04375 0.1078125
0 0.32890625 0.490625 0.0796875 0.10703125
0 0.7765625 0.340625 0.07109375 0.10546875
0 0.28203125 0.3484375 0.0203125 0.04453125
0 0.25625 0.35078125 0.01484375 0.0234375
0 0.2484375 0.3765625 0.0125 0.01875
0 0.3140625 0.3828125 0.05859375 0.121875
0 0.33125 0.26640625 0.015625 0.0328125
0 0.3453125 0.31328125 0.03046875 0.0609375
0 0.34140625 0.70234375 0.0453125 0.0421875
0 0.26484375 0.7296875 0.0296875 0.05625
0 0.29375 0.675 0.046875 0.06015625
0 0.25703125 0.6390625 0.0640625 0.10546875
0 0.21796875 0.7046875 0.0390625 0.07421875
0 0.2671875 0.50703125 0.046875 0.0859375
0 0.3171875 0.55625 0.08515625 0.08671875
0 0.32578125 0.61015625 0.0546875 0.0703125
0 0.259375 0.5734375 0.02734375 0.04375
0 0.225 0.55 0.02890625 0.034375
0 0.27734375 0.415625 0.0359375 0.065625
0 0.2296875 0.4484375 0.06171875 0.134375
0 0.23671875 0.5234375 0.0234375 0.03515625
0 0.18046875 0.484375 0.0390625 0.05390625
0 0.1921875 0.54375 0.03671875 0.06484375
0 0.14375 0.5125 0.01640625 0.02265625
0 0.1578125 0.5328125 0.01328125 0.01875
0 0.22890625 0.5828125 0.0140625 0.021875
0 0.20625 0.6046875 0.01484375 0.02109375
0 0.20546875 0.6375 0.0328125 0.05078125
0 0.1375 0.5515625 0.02421875 0.04609375
0 0.16875 0.596875 0.05 0.08125
0 0.0875 0.5328125 0.02578125 0.040625
0 0.12578125 0.58125 0.0203125 0.03046875
0 0.1 0.584375 0.00546875 0.02265625
0 0.08046875 0.5890625 0.0109375 0.01953125
0 0.175 0.65078125 0.059375 0.0453125
0 0.20234375 0.1015625 0.2984375 0.2
0 0.05625 0.0703125 0.028125 0.05703125
0 0.0296875 0.18828125 0.03515625 0.0765625
0 0.2140625 0.778125 0.03828125 0.06328125
0 0.196875 0.821875 0.01171875 0.01640625
0 0.18046875 0.85 0.0234375 0.03125
0 0.1421875 0.8546875 0.01015625 0.01953125
0 0.1296875 0.8640625 0.01171875 0.01171875
0 0.153125 0.8203125 0.025 0.04609375
0 0.171875 0.79375 0.015625 0.03203125
0 0.1671875 0.6796875 0.01328125 0.02109375
0 0.140625 0.67734375 0.02578125 0.0546875
0 0.1875 0.70625 0.015625 0.03046875
0 0.1734375 0.74609375 0.04375 0.0890625
0 0.14375 0.784375 0.00859375 0.02265625
0 0.14765625 0.734375 0.0234375 0.03984375
0 0.125 0.75 0.02734375 0.04296875
0 0.121875 0.784375 0.01875 0.01796875
0 0.11875 0.825 0.01796875 0.03359375
0 0.11328125 0.7234375 0.0203125 0.0375
0 0.1328125 0.6265625 0.02578125 0.04609375
0 0.11875 0.6109375 0.01953125 0.025
0 0.1015625 0.6171875 0.01015625 0.034375
0 0.1125 0.546875 0.01015625 0.015625
0 0.0515625 0.596875 0.00546875 0.00859375
0 0.096875 0.6390625 0.065625 0.05703125
0 0.04296875 0.61328125 0.0078125 0.0171875
0 0.05625 0.653125 0.02265625 0.03671875
0 0.0734375 0.6953125 0.075 0.06875
0 0.10390625 0.8609375 0.0265625 0.05546875
0 0.0765625 0.809375 0.05078125 0.040625
0 0.08359375 0.7625 0.0609375 0.03828125
0 0.078125 0.7265625 0.01328125 0.02265625
0 0.05703125 0.734375 0.0234375 0.04609375
0 0.025 0.675 0.01484375 0.02890625
0 0.040625 0.7609375 0.025 0.07890625
0 0.01796875 0.7265625 0.0296875 0.059375
0 0.0265625 0.8046875 0.01484375 0.02578125
0 0.0265625 0.7625 0.01796875 0.01640625
0 0.01171875 0.7890625 0.0234375 0.03984375
0 0.09921875 0.9015625 0.0390625 0.01875
0 0.09375 0.94140625 0.03359375 0.0296875
0 0.071875 0.934375 0.009375 0.01328125
0 0.0875 0.984375 0.00859375 0.01328125
0 0.0734375 0.9796875 0.00625 0.01640625
0 0.078125 0.87265625 0.021875 0.0359375
0 0.03828125 0.8421875 0.0703125 0.05078125
0 0.053125 0.909375 0.03828125 0.06953125
0 0.0265625 0.8796875 0.00859375 0.01484375
0 0.05546875 0.95546875 0.0109375 0.0140625
0 0.05234375 0.9890625 0.0078125 0.01875
0 0.0375 0.95625 0.009375 0.01640625
0 0.02734375 0.96875 0.0171875 0.02109375
0 0.028125 0.92890625 0.00859375 0.0109375
0 0.01328125 0.89140625 0.0265625 0.0578125
0 0.0109375 0.95859375 0.00546875 0.0234375
0 0.0046875 0.93671875 0.00703125 0.0171875
0 0.0171875 0.9296875 0.01328125 0.02578125
0 0.02421875 0.94609375 0.0140625 0.0234375
0 0.01328125 0.9921875 0.0265625 0.015625
