0 0.27109375 0.81328125 0.1640625 0.2625
0 0.09609375 0.575 0.1921875 0.2671875
0 0.275 0.2265625 0.13359375 0.19453125
0 0.2140625 0.059375 0.428125 0.11875
0 0.21015625 0.31953125 0.4203125 0.2484375
0 0.446875 0.5390625 0.134375 0.21640625
0 0.7890625 0.90234375 0.346875 0.19453125
4 0.73984375 0.26875 0.03046875 0.0484375
4 0.82421875 0.1515625 0.0359375 0.03671875
4 0.79453125 0.215625 0.01875 0.03046875
4 0.66640625 0.29296875 0.034375 0.02890625
4 0.8203125 0.2625 0.025 0.02578125
4 0.8203125 0.28828125 0.025 0.0375
4 0.859375 0.32421875 0.04140625 0.05546875
4 0.871875 0.37734375 0.03828125 0.028125
4 0.9234375 0.36875 0.015625 0.02578125
4 0.94765625 0.0875 0.0296875 0.04296875
4 0.89453125 0.13359375 0.015625 0.04453125
4 0.9375 0.1453125 0.0328125 0.03359375
4 0.8578125 0.2171875 0.02109375 0.0375
4 0.97109375 0.19375 0.02265625 0.02734375
4 0.96328125 0.23125 0.0390625 0.03671875
4 0.871875 0.2546875 0.0203125 0.01953125
4 0.96015625 0.29765625 0.03203125 0.01953125
4 0.94765625 0.34140625 0.025 0.0171875
4 0.75390625 0.340625 0.03359375 0.03046875
4 0.6828125 0.38125 0.05 0.02734375
1 0.734375 0.48828125 0.06328125 0.08046875
1 0.8140625 0.4578125 0.04296875 0.07734375
4 0.85625 0.49296875 0.02109375 0.03203125
4 0.91640625 0.46875 0.034375 0.04921875
4 0.9765625 0.03046875 0.021875 0.021875
4 0.98515625 0.09375 0.02578125 0.04140625
1 0.61015625 0.68046875 0.125 0.08515625
1 0.5921875 0.4828125 0.075 0.09609375
1 0.66484375 0.52265625 0.09140625 0.07734375
1 0.81875 0.57890625 0.05 0.04296875
1 0.4796875 0.82734375 0.075 0.09375