0 0.27109375 0.18671875 0.1640625 0.2625
0 0.09609375 0.425 0.1921875 0.2671875
0 0.275 0.7734375 0.13359375 0.19453125
0 0.2140625 0.940625 0.428125 0.11875
0 0.21015625 0.68046875 0.4203125 0.2484375
0 0.446875 0.4609375 0.134375 0.21640625
0 0.7890625 0.09765625 0.346875 0.19453125
4 0.73984375 0.73125 0.03046875 0.0484375
4 0.82421875 0.8484375 0.0359375 0.03671875
4 0.79453125 0.784375 0.01875 0.03046875
4 0.66640625 0.70703125 0.034375 0.02890625
4 0.8203125 0.7375 0.025 0.02578125
4 0.8203125 0.71171875 0.025 0.0375
4 0.859375 0.67578125 0.04140625 0.05546875
4 0.871875 0.62265625 0.03828125 0.028125
4 0.9234375 0.63125 0.015625 0.02578125
4 0.94765625 0.9125 0.0296875 0.04296875
4 0.89453125 0.86640625 0.015625 0.04453125
4 0.9375 0.8546875 0.0328125 0.03359375
4 0.8578125 0.7828125 0.02109375 0.0375
4 0.97109375 0.80625 0.02265625 0.02734375
4 0.96328125 0.76875 0.0390625 0.03671875
4 0.871875 0.7453125 0.0203125 0.01953125
4 0.96015625 0.70234375 0.03203125 0.01953125
4 0.94765625 0.65859375 0.025 0.0171875
4 0.75390625 0.659375 0.03359375 0.03046875
4 0.6828125 0.61875 0.05 0.02734375
1 0.734375 0.51171875 0.06328125 0.08046875
1 0.8140625 0.5421875 0.04296875 0.07734375
4 0.85625 0.50703125 0.02109375 0.03203125
4 0.91640625 0.53125 0.034375 0.04921875
4 0.9765625 0.96953125 0.021875 0.021875
4 0.98515625 0.90625 0.02578125 0.04140625
1 0.61015625 0.31953125 0.125 0.08515625
1 0.5921875 0.5171875 0.075 0.09609375
1 0.66484375 0.47734375 0.09140625 0.07734375
1 0.81875 0.42109375 0.05 0.04296875
1 0.4796875 0.17265625 0.075 0.09375