0 0.1625 0.79453125 0.28359375 0.41015625
1 0.59453125 0.8734375 0.06953125 0.08046875
1 0.6625 0.503125 0.10546875 0.05625
1 0.55703125 0.60390625 0.05546875 0.109375
4 0.7484375 0.71796875 0.021875 0.03984375
1 0.78359375 0.7921875 0.05546875 0.0765625
1 0.93671875 0.3421875 0.0421875 0.046875
1 0.6578125 0.1953125 0.05234375 0.0640625
1 0.26328125 0.0625 0.0640625 0.125
1 0.0625 0.3109375 0.0328125 0.05546875
4 0.4140625 0.7 0.02109375 0.03984375
4 0.51640625 0.70546875 0.02578125 0.04375
4 0.66640625 0.83046875 0.03046875 0.04140625
4 0.66171875 0.984375 0.0203125 0.03125
4 0.9796875 0.6609375 0.02734375 0.0421875
4 0.87421875 0.86171875 0.028125 0.05
4 0.9625 0.88359375 0.02109375 0.046875
4 0.91328125 0.97109375 0.0296875 0.03828125
4 0.91328125 0.44921875 0.02734375 0.0375
4 0.83203125 0.20703125 0.01640625 0.02578125
4 0.928125 0.24296875 0.01875 0.0296875
4 0.96328125 0.04765625 0.025 0.03125
4 0.75625 0.41328125 0.01796875 0.0375
4 0.7375 0.5015625 0.02109375 0.03359375
4 0.77734375 0.54140625 0.02265625 0.05546875