0 0.53125 0.4953125 0.43828125 0.83125
0 0.225 0.80234375 0.10546875 0.2546875
0 0.0265625 0.7671875 0.053125 0.22421875
0 0.2296875 0.159375 0.06875 0.11953125
0 0.85234375 0.928125 0.1171875 0.14375
0 0.12578125 0.784375 0.0390625 0.084375
0 0.1046875 0.640625 0.15703125 0.18671875
0 0.325 0.4375 0.078125 0.1375
0 0.06640625 0.284375 0.0859375 0.19609375
0 0.8109375 0.203125 0.09296875 0.1625
0 0.8453125 0.540625 0.065625 0.140625
0 0.553125 0.13671875 0.09453125 0.1359375
0 0.91875 0.6796875 0.06953125 0.11328125
0 0.81953125 0.8140625 0.0484375 0.11015625
0 0.934375 0.9671875 0.03671875 0.065625
0 0.478125 0.9078125 0.08359375 0.184375
0 0.6 0.85390625 0.05390625 0.1109375
0 0.6984375 0.73515625 0.04375 0.1109375
0 0.70234375 0.3984375 0.0859375 0.17421875
0 0.06875 0.946875 0.1 0.10625
0 0.5375 0.81875 0.05390625 0.11484375
0 0.259375 0.50625 0.084375 0.18515625
0 0.915625 0.2078125 0.05 0.06875