0 0.46953125 0.49453125 0.43828125 0.83125
0 0.77421875 0.8015625 0.10546875 0.2546875
0 0.9734375 0.7671875 0.053125 0.22421875
0 0.7703125 0.16015625 0.06875 0.11953125
0 0.14765625 0.928125 0.1171875 0.14375
0 0.87421875 0.784375 0.0390625 0.084375
0 0.89609375 0.63984375 0.15703125 0.18671875
0 0.675 0.43671875 0.078125 0.1375
0 0.9328125 0.28359375 0.0859375 0.19609375
0 0.18828125 0.203125 0.09296875 0.1625
0 0.1546875 0.540625 0.065625 0.140625
0 0.446875 0.1359375 0.09453125 0.1359375
0 0.08125 0.6796875 0.06953125 0.11328125
0 0.18046875 0.8140625 0.0484375 0.11015625
0 0.06484375 0.9671875 0.03671875 0.065625
0 0.521875 0.9078125 0.08359375 0.184375
0 0.40078125 0.853125 0.05390625 0.1109375
0 0.30078125 0.734375 0.04375 0.1109375
0 0.29765625 0.39765625 0.0859375 0.17421875
0 0.93125 0.946875 0.1 0.10625
0 0.46328125 0.81796875 0.05390625 0.11484375
0 0.73984375 0.50625 0.084375 0.18515625
0 0.084375 0.2078125 0.05 0.06875