0 0.0921875 0.471875 0.13046875 0.27890625
0 0.1453125 0.7109375 0.04296875 0.02890625
0 0.1640625 0.8953125 0.11796875 0.20859375
0 0.284375 0.90859375 0.075 0.1828125
0 0.375 0.815625 0.05 0.109375
0 0.55390625 0.89296875 0.0953125 0.1578125
0 0.471875 0.9359375 0.03671875 0.06953125
0 0.340625 0.9140625 0.01953125 0.05546875
0 0.35 0.321875 0.09375 0.16484375
0 0.2359375 0.640625 0.06328125 0.16796875
0 0.4125 0.553125 0.02109375 0.07109375
0 0.4921875 0.6 0.08203125 0.11796875
0 0.45546875 0.45625 0.0640625 0.06484375
0 0.521875 0.14375 0.09375 0.14921875
0 0.5734375 0.315625 0.175 0.18125
0 0.6671875 0.4640625 0.08515625 0.06875
0 0.4765625 0.7296875 0.11171875 0.10234375
0 0.6359375 0.60625 0.12734375 0.21484375
0 0.78125 0.6125 0.146875 0.1375
0 0.8765625 0.5921875 0.03515625 0.09765625
0 0.79375 0.4609375 0.040625 0.084375
0 0.715625 0.309375 0.07109375 0.115625
0 0.8578125 0.36953125 0.05703125 0.1359375
0 0.915625 0.1328125 0.10859375 0.16484375
0 0.9703125 0.3140625 0.059375 0.11328125
0 0.9765625 0.55390625 0.04375 0.1359375
0 0.859375 0.75703125 0.15 0.1234375
0 0.603125 0.76875 0.040625 0.06015625
0 0.73984375 0.934375 0.0359375 0.11640625
0 0.6375 0.96875 0.05625 0.0625
0 0.1203125 0.63359375 0.04296875 0.0421875
0 0.675 0.73359375 0.07890625 0.1359375
0 0.98984375 0.12265625 0.0203125 0.1390625