1 0.08828125 0.47734375 0.1140625 0.2484375
1 0.5234375 0.1671875 0.09765625 0.10546875
1 0.7078125 0.31640625 0.07734375 0.07265625
1 0.5890625 0.29375 0.1359375 0.14453125
1 0.6484375 0.546875 0.1015625 0.09765625
4 0.471875 0.93203125 0.034375 0.0609375
1 0.553125 0.90078125 0.09609375 0.11875
1 0.2953125 0.9203125 0.08828125 0.15546875
1 0.1359375 0.90703125 0.07265625 0.1171875
1 0.63203125 0.96796875 0.040625 0.0640625
1 0.9109375 0.7359375 0.0625 0.0640625
1 0.7890625 0.61953125 0.12265625 0.06796875
4 0.896875 0.1828125 0.02421875 0.03046875
4 0.95390625 0.13359375 0.034375 0.0390625
4 0.8765625 0.0625 0.025 0.0359375
4 0.9953125 0.09140625 0.009375 0.0328125
4 0.79375 0.45078125 0.046875 0.03046875
4 0.859375 0.38984375 0.0234375 0.05546875
4 0.86015625 0.31640625 0.02578125 0.02890625
4 0.8890625 0.28828125 0.03046875 0.0265625
4 0.95234375 0.334375 0.02421875 0.0375
4 0.95390625 0.290625 0.03046875 0.05
4 0.87734375 0.5765625 0.02734375 0.05
4 0.971875 0.584375 0.03046875 0.0375
4 0.9890625 0.4265625 0.021875 0.03203125
4 0.85390625 0.82109375 0.034375 0.0328125
4 0.74140625 0.94921875 0.02734375 0.0453125
4 0.60546875 0.76484375 0.04453125 0.0515625
4 0.4140625 0.55625 0.03359375 0.04453125
4 0.47109375 0.45625 0.0390625 0.0546875
4 0.146875 0.71640625 0.0375 0.040625
4 0.37109375 0.81796875 0.03984375 0.0578125