0 0.4875 0.325 0.23046875 0.09296875
0 0.578125 0.2796875 0.06484375 0.02421875
0 0.49140625 0.390625 0.0515625 0.028125
0 0.6140625 0.37578125 0.07890625 0.0546875
0 0.5890625 0.44296875 0.06640625 0.0484375
0 0.82421875 0.39140625 0.0671875 0.0203125
0 0.828125 0.41875 0.065625 0.025
0 0.975 0.25078125 0.05 0.0328125
0 0.9484375 0.540625 0.05 0.03046875
0 0.9421875 0.59375 0.11328125 0.06953125
0 0.653125 0.56953125 0.05078125 0.0296875
0 0.921875 0.8171875 0.10078125 0.04453125
0 0.9453125 0.87890625 0.109375 0.0859375
0 0.5828125 0.8140625 0.06328125 0.03984375
0 0.40234375 0.7984375 0.0859375 0.05703125
0 0.4578125 0.8796875 0.08046875 0.07578125
0 0.5046875 0.8421875 0.05 0.01796875
0 0.5671875 0.8359375 0.06015625 0.025
0 0.41875 0.5578125 0.04140625 0.025
0 0.740625 0.746875 0.0625 0.04609375