0 0.11171875 0.603125 0.0921875 0.11328125
0 0.2046875 0.6171875 0.06875 0.07109375
0 0.0703125 0.925 0.06796875 0.08359375
0 0.1546875 0.88984375 0.08203125 0.0859375
0 0.0359375 0.74921875 0.05078125 0.0578125
0 0.0375 0.5609375 0.05 0.04375
0 0.7390625 0.7484375 0.0375 0.06796875
0 0.82734375 0.6765625 0.0296875 0.05
0 0.9421875 0.6234375 0.06015625 0.07578125
0 0.68203125 0.6046875 0.0390625 0.05234375
0 0.6640625 0.65 0.04375 0.03359375
0 0.58125 0.48515625 0.02890625 0.0359375
0 0.7390625 0.84765625 0.0375 0.0453125
0 0.56171875 0.7703125 0.0234375 0.03515625
0 0.575 0.740625 0.028125 0.03125
0 0.7546875 0.2140625 0.04921875 0.05390625
0 0.90078125 0.13125 0.0421875 0.09140625
0 0.13671875 0.8109375 0.0265625 0.03046875
0 0.19375 0.6625 0.05 0.06015625
0 0.1875 0.7453125 0.02890625 0.03125
0 0.3078125 0.83515625 0.02578125 0.0328125