0 0.24609375 0.29921875 0.0671875 0.1171875
0 0.1671875 0.303125 0.071875 0.2
0 0.1 0.70703125 0.08125 0.2609375
0 0.01875 0.5078125 0.03671875 0.15234375
0 0.0515625 0.83125 0.03046875 0.075
0 0.1671875 0.6765625 0.07109375 0.12734375
0 0.56953125 0.284375 0.0453125 0.11953125
0 0.4703125 0.3 0.04375 0.13359375
0 0.615625 0.5921875 0.04296875 0.18515625
0 0.02109375 0.28125 0.0421875 0.134375
0 0.4484375 0.5078125 0.0375 0.14296875
0 0.6328125 0.7296875 0.03671875 0.11953125
0 0.54375 0.87109375 0.02578125 0.1859375
0 0.409375 0.340625 0.04140625 0.109375
0 0.140625 0.4390625 0.08203125 0.159375
0 0.3765625 0.4828125 0.03203125 0.103125
0 0.46015625 0.79453125 0.0296875 0.0984375
0 0.534375 0.578125 0.04453125 0.175
0 0.40234375 0.809375 0.0421875 0.11328125
