0 0.8046875 0.51484375 0.06640625 0.1234375
0 0.25625 0.703125 0.03671875 0.09765625
0 0.1359375 0.6671875 0.05703125 0.10859375
0 0.4046875 0.7359375 0.0375 0.11953125
0 0.384375 0.48828125 0.04296875 0.0921875
0 0.5015625 0.7625 0.028125 0.08984375
0 0.3078125 0.953125 0.04375 0.09375
0 0.803125 0.1578125 0.03984375 0.109375
0 0.125 0.8140625 0.034375 0.05625
0 0.54375 0.5484375 0.021875 0.065625
0 0.32734375 0.75 0.0421875 0.07109375
0 0.76875 0.27421875 0.03515625 0.0765625
0 0.9390625 0.75546875 0.07265625 0.1578125
0 0.8953125 0.91484375 0.05546875 0.1171875
0 0.196875 0.66796875 0.02890625 0.0453125
0 0.240625 0.8609375 0.021875 0.06171875