0 0.7546875 0.2984375 0.0671875 0.1171875
0 0.8328125 0.303125 0.071875 0.2
0 0.9 0.70625 0.08125 0.2609375
0 0.98125 0.50703125 0.03671875 0.15234375
0 0.94921875 0.83046875 0.03046875 0.075
0 0.8328125 0.6765625 0.07109375 0.12734375
0 0.43125 0.28515625 0.0453125 0.11953125
0 0.5296875 0.29921875 0.04375 0.13359375
0 0.384375 0.5921875 0.04296875 0.18515625
0 0.97890625 0.28125 0.0421875 0.134375
0 0.55234375 0.5078125 0.0375 0.14296875
0 0.3671875 0.73046875 0.03671875 0.11953125
0 0.45625 0.87109375 0.02578125 0.1859375
0 0.590625 0.340625 0.04140625 0.109375
0 0.85859375 0.43828125 0.08203125 0.159375
0 0.6234375 0.4828125 0.03203125 0.103125
0 0.540625 0.79375 0.0296875 0.0984375
0 0.465625 0.578125 0.04453125 0.175
0 0.59765625 0.81015625 0.0421875 0.11328125