0 0.128125 0.359375 0.08515625 0.221875
0 0.41875 0.4578125 0.071875 0.12265625
0 0.1234375 0.8296875 0.04921875 0.08984375
0 0.04609375 0.403125 0.0328125 0.07578125
0 0.7109375 0.5890625 0.04375 0.11875
0 0.703125 0.471875 0.08125 0.10078125
0 0.71796875 0.2921875 0.0140625 0.06171875
0 0.690625 0.4046875 0.03203125 0.07109375
0 0.6625 0.4234375 0.02109375 0.09609375
0 0.753125 0.546875 0.028125 0.04296875
0 0.06015625 0.525 0.0171875 0.03125
0 0.1640625 0.803125 0.02734375 0.06796875
0 0.021875 0.8140625 0.034375 0.06796875
0 0.071875 0.75 0.02578125 0.05703125
0 0.4765625 0.128125 0.03515625 0.05234375
0 0.0890625 0.56484375 0.02734375 0.0609375
0 0.1578125 0.55546875 0.01484375 0.0296875
0 0.13828125 0.7140625 0.0296875 0.046875
0 0.415625 0.72109375 0.034375 0.0421875
0 0.46171875 0.6140625 0.0140625 0.04375
0 0.49375 0.60703125 0.01640625 0.0359375
0 0.4625 0.8140625 0.021875 0.03671875
0 0.4875 0.734375 0.01953125 0.0375
0 0.36171875 0.459375 0.0203125 0.03125
0 0.584375 0.3265625 0.01796875 0.034375
0 0.565625 0.059375 0.02109375 0.04296875
0 0.5984375 0.1140625 0.03125 0.06171875
0 0.6609375 0.05234375 0.021875 0.0671875
0 0.41875 0.2078125 0.01953125 0.0375
0 0.04140625 0.4578125 0.0484375 0.15625
0 0.015625 0.540625 0.021875 0.03671875
0 0.015625 0.590625 0.03125 0.065625
0 0.01640625 0.8765625 0.0328125 0.096875
0 0.1484375 0.88203125 0.03125 0.0859375
