0 0.65234375 0.46953125 0.06640625 0.08984375
0 0.6625 0.57734375 0.03671875 0.1046875
0 0.39609375 0.45 0.078125 0.121875
0 0.61640625 0.0515625 0.0296875 0.103125
0 0.47890625 0.45 0.053125 0.05546875
0 0.3828125 0.7015625 0.025 0.05546875
0 0.14609375 0.7671875 0.0328125 0.07578125
0 0.1109375 0.8390625 0.05859375 0.14609375
0 0.01796875 0.8171875 0.03515625 0.13203125
0 0.0078125 0.54765625 0.015625 0.1234375
0 0.05234375 0.7203125 0.02578125 0.1
0 0.0234375 0.9796875 0.0234375 0.040625
0 0.12421875 0.33125 0.08828125 0.23984375
0 0.0484375 0.35078125 0.0453125 0.1046875
0 0.04453125 0.478125 0.03046875 0.05546875
0 0.08671875 0.52109375 0.01796875 0.0484375
0 0.6421875 0.3890625 0.0359375 0.07109375
0 0.6234375 0.3921875 0.01953125 0.05703125
0 0.60703125 0.43515625 0.01640625 0.065625
0 0.51328125 0.7703125 0.02265625 0.0515625
0 0.69609375 0.5328125 0.0234375 0.0578125
0 0.61171875 0.7984375 0.0296875 0.1140625
0 0.3390625 0.42421875 0.02109375 0.05
0 0.48203125 0.34140625 0.0234375 0.04375
0 0.56171875 0.09296875 0.01640625 0.0578125
0 0.6609375 0.2875 0.01953125 0.0875
0 0.55546875 0.3265625 0.0390625 0.05625
0 0.140625 0.525 0.01953125 0.0421875
0 0.42265625 0.8 0.021875 0.05390625
0 0.55390625 0.7046875 0.0203125 0.0578125
0 0.38828125 0.184375 0.01328125 0.0625
0 0.44296875 0.1046875 0.02890625 0.084375