0 0.128125 0.359375 0.08515625 0.221875
0 0.41796875 0.4578125 0.071875 0.12265625
0 0.12265625 0.8296875 0.04921875 0.08984375
0 0.04609375 0.403125 0.0328125 0.07578125
0 0.71015625 0.58828125 0.04375 0.11875
0 0.70234375 0.47265625 0.08125 0.10078125
0 0.7171875 0.29140625 0.0140625 0.06171875
0 0.69140625 0.4046875 0.03203125 0.07109375
0 0.66171875 0.42265625 0.02109375 0.09609375
0 0.75234375 0.546875 0.028125 0.04296875
0 0.059375 0.52421875 0.0171875 0.03125
0 0.1640625 0.80234375 0.02734375 0.06796875
0 0.02109375 0.81328125 0.034375 0.06796875
0 0.071875 0.75078125 0.02578125 0.05703125
0 0.47734375 0.128125 0.03515625 0.05234375
0 0.08828125 0.56484375 0.02734375 0.0609375
0 0.1578125 0.55546875 0.01484375 0.0296875
0 0.13828125 0.71328125 0.0296875 0.046875
0 0.415625 0.72109375 0.034375 0.0421875
0 0.46171875 0.61328125 0.0140625 0.04375
0 0.49453125 0.60625 0.01640625 0.0359375
0 0.4625 0.81328125 0.021875 0.03671875
0 0.4875 0.734375 0.01953125 0.0375
0 0.36171875 0.45859375 0.0203125 0.03125
0 0.584375 0.3265625 0.01796875 0.034375
0 0.56484375 0.059375 0.02109375 0.04296875
0 0.5984375 0.11328125 0.03125 0.06171875
0 0.6609375 0.05234375 0.021875 0.0671875
0 0.41953125 0.20703125 0.01953125 0.0375
0 0.04140625 0.45703125 0.0484375 0.15625
0 0.01484375 0.53984375 0.021875 0.03671875
0 0.015625 0.590625 0.03125 0.065625
0 0.01640625 0.87578125 0.0328125 0.096875
0 0.1484375 0.88203125 0.03125 0.0859375
