0 0.8890625 0.60390625 0.0921875 0.11328125
0 0.79609375 0.61640625 0.06875 0.07109375
0 0.93046875 0.925 0.06796875 0.08359375
0 0.8453125 0.8890625 0.08203125 0.0859375
0 0.9640625 0.7484375 0.05078125 0.0578125
0 0.96328125 0.56015625 0.05 0.04375
0 0.26171875 0.7484375 0.0375 0.06796875
0 0.1734375 0.67578125 0.0296875 0.05
0 0.0578125 0.6234375 0.06015625 0.07578125
0 0.31875 0.60390625 0.0390625 0.05234375
0 0.3359375 0.65 0.04375 0.03359375
0 0.41875 0.48515625 0.02890625 0.0359375
0 0.2609375 0.846875 0.0375 0.0453125
0 0.4390625 0.77109375 0.0234375 0.03515625
0 0.425 0.73984375 0.028125 0.03125
0 0.24609375 0.21484375 0.04921875 0.05390625
0 0.1 0.13125 0.0421875 0.09140625
0 0.86328125 0.8109375 0.0265625 0.03046875
0 0.80625 0.6625 0.05 0.06015625
0 0.81171875 0.7453125 0.02890625 0.03125
0 0.69140625 0.83515625 0.02578125 0.0328125
