3 0.3984375 0.18984375 0.16953125 0.1484375
3 0.5234375 0.23828125 0.1453125 0.115625
3 0.69609375 0.35390625 0.11953125 0.1
3 0.225 0.1234375 0.17265625 0.13359375
3 0.384375 0.48203125 0.14140625 0.071875
3 0.56171875 0.45546875 0.1359375 0.10234375
3 0.3078125 0.55234375 0.11328125 0.0703125
3 0.5234375 0.5609375 0.0671875 0.09375
3 0.66171875 0.53125 0.1046875 0.06328125
3 0.83984375 0.5875 0.07734375 0.09375
3 0.9359375 0.70703125 0.128125 0.14921875
3 0.90078125 0.9046875 0.1890625 0.1625
3 0.69140625 0.71796875 0.1 0.15703125
3 0.5390625 0.81640625 0.11484375 0.17265625
3 0.34609375 0.8828125 0.19609375 0.2265625
3 0.140625 0.925 0.153125 0.14921875
