0 0.62421875 0.49375 0.0890625 0.10234375
0 0.753125 0.209375 0.075 0.07890625
0 0.55703125 0.1265625 0.06796875 0.10546875
0 0.5171875 0.40546875 0.0640625 0.17578125
0 0.62578125 0.8109375 0.059375 0.0953125
0 0.2546875 0.6859375 0.096875 0.10390625
0 0.0875 0.73515625 0.0875 0.0984375
0 0.2203125 0.4484375 0.06875 0.08671875
0 0.03671875 0.25859375 0.0609375 0.1203125
0 0.11875 0.4875 0.04375 0.0796875
0 0.02734375 0.39140625 0.0546875 0.1046875
0 0.209375 0.2484375 0.02734375 0.05859375
0 0.40078125 0.91640625 0.03203125 0.09453125
0 0.36015625 0.89140625 0.04375 0.07109375
0 0.2203125 0.93828125 0.05546875 0.11640625
0 0.47578125 0.315625 0.0484375 0.090625
0 0.41875 0.37734375 0.0234375 0.05234375
0 0.37265625 0.30078125 0.0328125 0.06015625
0 0.3921875 0.35390625 0.03671875 0.075
0 0.53984375 0.57421875 0.0875 0.1296875
0 0.896875 0.65 0.04921875 0.0921875