0 0.37578125 0.49375 0.0890625 0.10234375
0 0.246875 0.209375 0.075 0.07890625
0 0.44375 0.1265625 0.06796875 0.10546875
0 0.48359375 0.4046875 0.0640625 0.17578125
0 0.375 0.81171875 0.059375 0.0953125
0 0.7453125 0.6859375 0.096875 0.10390625
0 0.9125 0.73515625 0.0875 0.0984375
0 0.7796875 0.4484375 0.06875 0.08671875
0 0.96328125 0.25859375 0.0609375 0.1203125
0 0.88125 0.48828125 0.04375 0.0796875
0 0.97265625 0.39140625 0.0546875 0.1046875
0 0.790625 0.2484375 0.02734375 0.05859375
0 0.5984375 0.915625 0.03203125 0.09453125
0 0.640625 0.8921875 0.04375 0.07109375
0 0.7796875 0.9375 0.05546875 0.11640625
0 0.52421875 0.315625 0.0484375 0.090625
0 0.58203125 0.378125 0.0234375 0.05234375
0 0.62734375 0.3 0.0328125 0.06015625
0 0.6078125 0.3546875 0.03671875 0.075
0 0.4609375 0.57421875 0.0875 0.1296875
0 0.103125 0.65078125 0.04921875 0.0921875
