0 0.42890625 0.4015625 0.0890625 0.1484375
0 0.2296875 0.284375 0.0765625 0.15625
0 0.19375 0.14296875 0.06875 0.11015625
0 0.090625 0.8546875 0.1171875 0.11796875
0 0.67734375 0.57421875 0.0875 0.1265625
0 0.9453125 0.78359375 0.04765625 0.13359375
0 0.7453125 0.87734375 0.06484375 0.12578125
0 0.4953125 0.21015625 0.046875 0.065625
0 0.83984375 0.75078125 0.06484375 0.196875
0 0.86171875 0.9671875 0.02578125 0.053125
0 0.59765625 0.74140625 0.0578125 0.09140625
0 0.3984375 0.62109375 0.0328125 0.09609375
0 0.39453125 0.2015625 0.028125 0.115625
0 0.1828125 0.41171875 0.03046875 0.06484375
0 0.51171875 0.57890625 0.0328125 0.0609375
0 0.34609375 0.56015625 0.03984375 0.09140625
0 0.346875 0.02734375 0.04140625 0.0453125
0 0.61484375 0.5078125 0.0484375 0.0734375
0 0.7 0.68828125 0.07578125 0.08125