0 0.64375 0.53359375 0.06484375 0.1859375
0 0.715625 0.521875 0.03828125 0.196875
0 0.9328125 0.28359375 0.09609375 0.0984375
0 0.696875 0.17734375 0.08984375 0.1078125
0 0.7734375 0.68125 0.11171875 0.12109375
0 0.9171875 0.63515625 0.0375 0.0953125
0 0.8890625 0.80078125 0.03046875 0.0609375
0 0.6765625 0.78125 0.10078125 0.140625
0 0.9546875 0.75 0.028125 0.07265625
0 0.87421875 0.396875 0.0453125 0.07421875
0 0.46328125 0.4109375 0.0421875 0.07890625
0 0.59453125 0.43203125 0.0421875 0.1140625
0 0.2625 0.33046875 0.03828125 0.0671875