0 0.353125 0.4765625 0.059375 0.13828125
0 0.2828125 0.36875 0.04765625 0.04296875
0 0.28046875 0.42890625 0.0953125 0.1234375
0 0.2203125 0.37265625 0.01953125 0.0421875
0 0.1625 0.39375 0.109375 0.06796875
0 0.2234375 0.6078125 0.03515625 0.07890625
0 0.2 0.6796875 0.04296875 0.053125
0 0.315625 0.6484375 0.059375 0.05703125
0 0.2984375 0.5796875 0.03671875 0.103125
0 0.478125 0.74453125 0.06484375 0.0796875
0 0.54140625 0.7640625 0.0640625 0.13671875
0 0.6203125 0.7859375 0.10546875 0.10625
0 0.546875 0.85859375 0.04765625 0.0578125
0 0.65625 0.95703125 0.078125 0.0671875
0 0.76875 0.965625 0.03828125 0.05078125
0 0.75390625 0.8625 0.0453125 0.05
0 0.4625 0.8796875 0.01484375 0.02109375
0 0.47421875 0.94375 0.0453125 0.05
0 0.36796875 0.94609375 0.1359375 0.1078125
0 0.365625 0.7359375 0.02421875 0.04453125
0 0.4296875 0.75625 0.02890625 0.04375
0 0.4484375 0.6625 0.04296875 0.03515625
0 0.20703125 0.46875 0.0453125 0.090625
0 0.1859375 0.5171875 0.0375 0.04609375
0 0.240625 0.5421875 0.01484375 0.01953125
0 0.265625 0.5046875 0.021875 0.02265625
0 0.2671875 0.6828125 0.025 0.02734375
0 0.3625 0.7765625 0.034375 0.03359375
0 0.3859375 0.7203125 0.02421875 0.02890625
0 0.3359375 0.6171875 0.10703125 0.16484375
0 0.115625 0.2140625 0.08515625 0.115625
0 0.0828125 0.15625 0.03125 0.05078125
0 0.284375 0.8578125 0.02109375 0.02421875
0 0.48984375 0.9265625 0.0234375 0.06640625
0 0.70546875 0.909375 0.0203125 0.03203125
0 0.7421875 0.9359375 0.02890625 0.034375
0 0.2953125 0.7578125 0.11640625 0.10859375
0 0.19765625 0.3140625 0.0140625 0.021875
0 0.1328125 0.43671875 0.03046875 0.0640625
0 0.27421875 0.1859375 0.0484375 0.053125
0 0.1125 0.11484375 0.03046875 0.0734375
0 0.090625 0.2828125 0.075 0.059375
0 0.1078125 0.3421875 0.025 0.07421875
