0 0.646875 0.4765625 0.059375 0.13828125
0 0.71796875 0.36875 0.04765625 0.04296875
0 0.71953125 0.42890625 0.0953125 0.1234375
0 0.7796875 0.37265625 0.01953125 0.0421875
0 0.83671875 0.39375 0.109375 0.06796875
0 0.77734375 0.6078125 0.03515625 0.07890625
0 0.8 0.67890625 0.04296875 0.053125
0 0.684375 0.6484375 0.059375 0.05703125
0 0.7015625 0.57890625 0.03671875 0.103125
0 0.521875 0.74375 0.06484375 0.0796875
0 0.45859375 0.76328125 0.0640625 0.13671875
0 0.37890625 0.78515625 0.10546875 0.10625
0 0.45390625 0.8578125 0.04765625 0.0578125
0 0.34296875 0.95703125 0.078125 0.0671875
0 0.23203125 0.96640625 0.03828125 0.05078125
0 0.24609375 0.86171875 0.0453125 0.05
0 0.53671875 0.8796875 0.01484375 0.02109375
0 0.525 0.94296875 0.0453125 0.05
0 0.63203125 0.94609375 0.1359375 0.1078125
0 0.634375 0.7359375 0.02421875 0.04453125
0 0.5703125 0.75625 0.02890625 0.04375
0 0.5515625 0.66328125 0.04296875 0.03515625
0 0.7921875 0.46875 0.0453125 0.090625
0 0.8140625 0.5171875 0.0375 0.04609375
0 0.759375 0.54296875 0.01484375 0.01953125
0 0.734375 0.5046875 0.021875 0.02265625
0 0.7328125 0.68203125 0.025 0.02734375
0 0.6375 0.77578125 0.034375 0.03359375
0 0.61328125 0.72109375 0.02421875 0.02890625
0 0.66484375 0.61640625 0.10703125 0.16484375
0 0.884375 0.2140625 0.08515625 0.115625
0 0.9171875 0.15625 0.03125 0.05078125
0 0.715625 0.85703125 0.02109375 0.02421875
0 0.51015625 0.92734375 0.0234375 0.06640625
0 0.29375 0.91015625 0.0203125 0.03203125
0 0.2578125 0.93515625 0.02890625 0.034375
0 0.7046875 0.7578125 0.11640625 0.10859375
0 0.80234375 0.3140625 0.0140625 0.021875
0 0.8671875 0.43671875 0.03046875 0.0640625
0 0.72578125 0.18515625 0.0484375 0.053125
0 0.8875 0.11484375 0.03046875 0.0734375
0 0.90859375 0.28203125 0.075 0.059375
0 0.8921875 0.3421875 0.025 0.07421875
