0 0.75 0.4484375 0.08984375 0.2125
0 0.71875 0.78515625 0.06171875 0.1578125
0 0.50390625 0.4484375 0.08671875 0.10625
0 0.94765625 0.51171875 0.053125 0.146875
0 0.5375 0.6953125 0.10078125 0.4078125
0 0.3375 0.5171875 0.0625 0.15234375
0 0.33671875 0.31953125 0.05 0.1109375
0 0.4453125 0.14609375 0.04765625 0.065625
0 0.56640625 0.19609375 0.0375 0.1296875
0 0.525 0.28515625 0.059375 0.10546875
0 0.10546875 0.88359375 0.04765625 0.07421875
0 0.2453125 0.8421875 0.0515625 0.05546875
0 0.39765625 0.81328125 0.05625 0.0984375
0 0.45546875 0.5546875 0.0546875 0.1171875
0 0.446875 0.76796875 0.04453125 0.10859375
0 0.37421875 0.740625 0.04609375 0.08203125
