0 0.75 0.4484375 0.08984375 0.2125
0 0.71875 0.78515625 0.06171875 0.1578125
0 0.503125 0.4484375 0.08671875 0.10625
0 0.946875 0.5125 0.053125 0.146875
0 0.5375 0.69609375 0.10078125 0.4078125
0 0.3375 0.5171875 0.0625 0.15234375
0 0.3359375 0.31953125 0.05 0.1109375
0 0.4453125 0.146875 0.04765625 0.065625
0 0.565625 0.19609375 0.0375 0.1296875
0 0.525 0.2859375 0.059375 0.10546875
0 0.10625 0.884375 0.04765625 0.07421875
0 0.24453125 0.8421875 0.0515625 0.05546875
0 0.396875 0.81328125 0.05625 0.0984375
0 0.45546875 0.55546875 0.0546875 0.1171875
0 0.446875 0.76875 0.04453125 0.10859375
0 0.3734375 0.740625 0.04609375 0.08203125
