0 0.1859375 0.4671875 0.07578125 0.190625
0 0.4234375 0.6890625 0.12109375 0.428125
0 0.25 0.815625 0.06484375 0.13125
0 0.46875 0.434375 0.09375 0.075
0 0.6375 0.5109375 0.04375 0.15234375
0 0.72265625 0.840625 0.0421875 0.05390625
0 0.89765625 0.915625 0.0515625 0.084375
0 0.55 0.81875 0.06796875 0.10625
0 0.50625 0.1234375 0.06953125 0.07265625
0 0.3921875 0.18046875 0.03046875 0.0828125
0 0.44375 0.28125 0.08515625 0.08828125
0 0.61640625 0.30234375 0.0484375 0.1234375
0 0.51953125 0.5625 0.0515625 0.09140625
0 0.57265625 0.696875 0.0296875 0.06953125
0 0.55546875 0.0203125 0.0703125 0.040625
0 0.509375 0.471875 0.05 0.07265625
0 0.5078125 0.6421875 0.04609375 0.071875
0 0.60234375 0.76875 0.0328125 0.08046875