0 0.8140625 0.4671875 0.07578125 0.190625
0 0.57734375 0.6890625 0.12109375 0.428125
0 0.75 0.81484375 0.06484375 0.13125
0 0.53203125 0.434375 0.09375 0.075
0 0.36328125 0.51015625 0.04375 0.15234375
0 0.278125 0.840625 0.0421875 0.05390625
0 0.10234375 0.915625 0.0515625 0.084375
0 0.45 0.81875 0.06796875 0.10625
0 0.49375 0.12421875 0.06953125 0.07265625
0 0.60859375 0.1796875 0.03046875 0.0828125
0 0.55546875 0.28203125 0.08515625 0.08828125
0 0.38359375 0.3015625 0.0484375 0.1234375
0 0.48046875 0.5625 0.0515625 0.09140625
0 0.428125 0.696875 0.0296875 0.06953125
0 0.44453125 0.0203125 0.0703125 0.040625
0 0.490625 0.47265625 0.05 0.07265625
0 0.49296875 0.6421875 0.04609375 0.071875
0 0.39765625 0.76875 0.0328125 0.08046875