0 0.503125 0.62265625 0.27421875 0.3421875
0 0.1984375 0.35 0.128125 0.23359375
0 0.46875 0.3546875 0.11796875 0.121875
0 0.3140625 0.20703125 0.059375 0.1015625
0 0.1359375 0.06484375 0.05703125 0.1203125
0 0.140625 0.703125 0.05390625 0.084375
0 0.8109375 0.86484375 0.06875 0.1484375
0 0.565625 0.13984375 0.04453125 0.0609375
0 0.5421875 0.221875 0.02578125 0.05859375
0 0.5671875 0.3796875 0.03515625 0.05
0 0.43125 0.071875 0.06015625 0.06484375
0 0.25 0.9234375 0.03671875 0.04921875
0 0.325 0.95 0.03828125 0.06953125
0 0.3625 0.95859375 0.034375 0.0546875
0 0.2796875 0.6484375 0.05078125 0.06796875
0 0.4890625 0.2328125 0.06015625 0.090625
0 0.38671875 0.021875 0.0390625 0.04375
0 0.3765625 0.11875 0.02734375 0.04140625
0 0.2734375 0.13203125 0.03671875 0.0671875
0 0.3765625 0.26171875 0.02578125 0.0421875