0 0.496875 0.621875 0.27421875 0.3421875
0 0.8015625 0.35 0.128125 0.23359375
0 0.53046875 0.3546875 0.11796875 0.121875
0 0.68515625 0.20625 0.059375 0.1015625
0 0.86484375 0.06484375 0.05703125 0.1203125
0 0.859375 0.70234375 0.05390625 0.084375
0 0.18828125 0.86484375 0.06875 0.1484375
0 0.434375 0.13984375 0.04453125 0.0609375
0 0.4578125 0.221875 0.02578125 0.05859375
0 0.43359375 0.3796875 0.03515625 0.05
0 0.56875 0.07109375 0.06015625 0.06484375
0 0.75 0.9234375 0.03671875 0.04921875
0 0.675 0.95078125 0.03828125 0.06953125
0 0.63671875 0.9578125 0.034375 0.0546875
0 0.7203125 0.64765625 0.05078125 0.06796875
0 0.51171875 0.2328125 0.06015625 0.090625
0 0.61328125 0.02265625 0.0390625 0.04453125
0 0.6234375 0.11875 0.02734375 0.04140625
0 0.7265625 0.13125 0.03671875 0.0671875
0 0.62421875 0.26171875 0.02578125 0.0421875
