0 0.85234375 0.159375 0.2953125 0.31875
0 0.753125 0.2203125 0.05390625 0.0625
0 0.79140625 0.4453125 0.0390625 0.034375
0 0.6265625 0.19375 0.10078125 0.13671875
0 0.515625 0.05 0.03828125 0.04375
0 0.425 0.0203125 0.034375 0.025
0 0.64375 0.0140625 0.01484375 0.01328125
0 0.6671875 0.021875 0.009375 0.01328125
0 0.69375 0.00703125 0.009375 0.0140625
0 0.62421875 0.028125 0.0046875 0.025
0 0.590625 0.0265625 0.01640625 0.01171875
0 0.565625 0.0484375 0.01328125 0.01640625
0 0.6390625 0.05625 0.01171875 0.00859375
0 0.5859375 0.1015625 0.01484375 0.0125
0 0.6546875 0.109375 0.0125 0.00859375
0 0.521875 0.1390625 0.009375 0.009375
0 0.546875 0.1328125 0.00078125 0.00859375
0 0.47578125 0.1625 0.0109375 0.02890625
0 0.55 0.2125 0.01328125 0.01953125
0 0.40625 0.2359375 0.046875 0.084375
0 0.4765625 0.35859375 0.06328125 0.0546875
0 0.5546875 0.3765625 0.0125 0.03203125
0 0.6 0.384375 0.01875 0.02421875
0 0.4796875 0.4359375 0.02734375 0.021875
0 0.396875 0.39375 0.01875 0.02109375
0 0.4484375 0.48359375 0.06484375 0.0984375
0 0.3875 0.4859375 0.02421875 0.03515625
0 0.3234375 0.5453125 0.01953125 0.03671875
0 0.2984375 0.5296875 0.02109375 0.01484375
0 0.403125 0.6171875 0.015625 0.021875
0 0.45078125 0.7453125 0.0671875 0.19140625
0 0.2796875 0.67109375 0.02890625 0.0515625
0 0.171875 0.8515625 0.05234375 0.0625
0 0.23515625 0.93984375 0.0296875 0.0390625
0 0.26640625 0.8203125 0.0328125 0.02890625
0 0.346875 0.94609375 0.021875 0.0234375
0 0.31875 0.721875 0.03984375 0.07265625
0 0.353125 0.68828125 0.025 0.0296875
0 0.4015625 0.67734375 0.01796875 0.0109375
0 0.39296875 0.7 0.0203125 0.02890625
0 0.40625 0.71640625 0.00546875 0.0234375
0 0.31640625 0.65546875 0.0140625 0.0328125
0 0.33359375 0.6484375 0.0140625 0.02421875
0 0.3171875 0.6015625 0.00859375 0.01328125
0 0.334375 0.6234375 0.00859375 0.015625
0 0.225 0.590625 0.0125 0.02109375
0 0.08359375 0.80546875 0.0171875 0.0390625
0 0.1828125 0.925 0.009375 0.03828125
0 0.26875 0.9484375 0.028125 0.02109375
0 0.28203125 0.91875 0.0328125 0.02421875
0 0.31875 0.9046875 0.01796875 0.01640625
0 0.215625 0.8296875 0.015625 0.01640625
0 0.228125 0.7625 0.01796875 0.05859375
0 0.359375 0.5609375 0.01640625 0.02109375
0 0.43125 0.565625 0.01953125 0.03046875
0 0.4828125 0.3125 0.0125 0.01640625
0 0.5296875 0.2328125 0.03046875 0.0375
