0 0.14765625 0.159375 0.2953125 0.31875
0 0.246875 0.21953125 0.05390625 0.0625
0 0.2078125 0.44453125 0.0390625 0.034375
0 0.37421875 0.19296875 0.10078125 0.13671875
0 0.484375 0.05 0.03828125 0.04375
0 0.575 0.0203125 0.034375 0.025
0 0.35546875 0.0140625 0.01484375 0.01328125
0 0.3328125 0.02265625 0.009375 0.01328125
0 0.30546875 0.00703125 0.009375 0.0140625
0 0.37578125 0.02734375 0.0046875 0.025
0 0.409375 0.0265625 0.01640625 0.01171875
0 0.434375 0.04921875 0.01328125 0.01640625
0 0.36015625 0.05546875 0.01171875 0.00859375
0 0.4140625 0.10078125 0.01484375 0.0125
0 0.34453125 0.10859375 0.0125 0.00859375
0 0.478125 0.13828125 0.009375 0.009375
0 0.453125 0.13203125 0.00078125 0.00859375
0 0.52421875 0.16328125 0.0109375 0.02890625
0 0.45078125 0.2125 0.01328125 0.01953125
0 0.59375 0.23515625 0.046875 0.084375
0 0.52421875 0.3578125 0.06328125 0.0546875
0 0.44453125 0.37734375 0.0125 0.03203125
0 0.39921875 0.38359375 0.01875 0.02421875
0 0.51953125 0.43515625 0.02734375 0.021875
0 0.603125 0.39375 0.01875 0.02109375
0 0.5515625 0.4828125 0.06484375 0.0984375
0 0.61171875 0.4859375 0.02421875 0.03515625
0 0.67734375 0.5453125 0.01953125 0.03671875
0 0.70078125 0.52890625 0.02109375 0.01484375
0 0.59609375 0.6171875 0.015625 0.021875
0 0.54921875 0.74609375 0.0671875 0.19140625
0 0.72109375 0.6703125 0.02890625 0.0515625
0 0.82734375 0.8515625 0.05234375 0.0625
0 0.7640625 0.93984375 0.0296875 0.0390625
0 0.7328125 0.8203125 0.0328125 0.02890625
0 0.65234375 0.94609375 0.021875 0.0234375
0 0.68046875 0.721875 0.03984375 0.07265625
0 0.646875 0.68828125 0.025 0.0296875
0 0.5984375 0.6765625 0.01796875 0.0109375
0 0.60625 0.7 0.0203125 0.02890625
0 0.59296875 0.71640625 0.00546875 0.0234375
0 0.68359375 0.6546875 0.0140625 0.0328125
0 0.66640625 0.64765625 0.0140625 0.02421875
0 0.68203125 0.60234375 0.00859375 0.01328125
0 0.66484375 0.62265625 0.00859375 0.015625
0 0.775 0.590625 0.0125 0.02109375
0 0.91640625 0.8046875 0.0171875 0.0390625
0 0.8171875 0.92578125 0.009375 0.03828125
0 0.73046875 0.9484375 0.028125 0.02109375
0 0.71796875 0.91796875 0.0328125 0.02421875
0 0.68125 0.9046875 0.01796875 0.01640625
0 0.78359375 0.8296875 0.015625 0.01640625
0 0.77109375 0.76171875 0.01796875 0.05859375
0 0.640625 0.5609375 0.01640625 0.02109375
0 0.56875 0.565625 0.01953125 0.03046875
0 0.5171875 0.3125 0.0125 0.01640625
0 0.46953125 0.2328125 0.03046875 0.0375