0 0.8953125 0.571875 0.034375 0.10078125
0 0.98515625 0.55 0.0265625 0.05859375
0 0.8875 0.459375 0.05234375 0.04453125
0 0.8796875 0.22734375 0.05390625 0.0859375
0 0.67734375 0.1703125 0.1171875 0.15703125
0 0.746875 0.25078125 0.02734375 0.0515625
0 0.5921875 0.0859375 0.04140625 0.0625
0 0.546875 0.11171875 0.025 0.0421875
0 0.50546875 0.13125 0.0046875 0.025
0 0.46796875 0.1546875 0.0515625 0.07421875
0 0.4953125 0.2234375 0.02421875 0.03203125
0 0.5609375 0.290625 0.028125 0.02578125
0 0.58828125 0.31171875 0.0171875 0.0328125
0 0.53828125 0.3609375 0.0328125 0.08125
0 0.50625 0.3703125 0.02578125 0.034375
0 0.44140625 0.384375 0.0203125 0.025
0 0.5203125 0.4546875 0.01875 0.02890625
0 0.465625 0.50234375 0.07734375 0.1640625
0 0.371875 0.4484375 0.015625 0.03515625
0 0.3515625 0.5359375 0.02265625 0.04296875
0 0.3234375 0.5171875 0.0125 0.02734375
0 0.42734375 0.6578125 0.0265625 0.03515625
0 0.45 0.73828125 0.01171875 0.0296875
0 0.45234375 0.88125 0.1046875 0.23515625
0 0.275 0.7140625 0.03671875 0.075
0 0.3453125 0.65859375 0.03125 0.0546875
0 0.37421875 0.64140625 0.0234375 0.0453125
0 0.3671875 0.60703125 0.01328125 0.0265625
0 0.325 0.77734375 0.04609375 0.0890625
0 0.2765625 0.84296875 0.02578125 0.0359375
0 0.2796875 0.8828125 0.025 0.02734375
0 0.15546875 0.9453125 0.0328125 0.07109375
0 0.08984375 0.97109375 0.0234375 0.0546875
0 0.05 0.971875 0.04140625 0.028125
0 0.05625 0.82421875 0.01796875 0.0234375
0 0.590625 0.2296875 0.025 0.040625
0 0.6046875 0.40546875 0.01640625 0.0296875
0 0.6390625 0.3359375 0.01484375 0.01796875
0 0.653125 0.41796875 0.01484375 0.0359375