0 0.1046875 0.571875 0.034375 0.10078125
0 0.01484375 0.55 0.0265625 0.05859375
0 0.11171875 0.459375 0.05234375 0.04453125
0 0.1203125 0.2265625 0.05390625 0.0859375
0 0.321875 0.17109375 0.1171875 0.15703125
0 0.253125 0.25078125 0.02734375 0.0515625
0 0.40859375 0.08515625 0.04140625 0.0625
0 0.453125 0.11171875 0.025 0.0421875
0 0.49453125 0.13046875 0.0046875 0.025
0 0.53203125 0.1546875 0.0515625 0.07421875
0 0.50390625 0.22421875 0.02421875 0.03203125
0 0.43828125 0.29140625 0.028125 0.02578125
0 0.41171875 0.3109375 0.0171875 0.0328125
0 0.46171875 0.36015625 0.0328125 0.08125
0 0.49375 0.36953125 0.02578125 0.034375
0 0.55859375 0.384375 0.0203125 0.025
0 0.47890625 0.45546875 0.01875 0.02890625
0 0.534375 0.50234375 0.07734375 0.1640625
0 0.628125 0.4484375 0.015625 0.03515625
0 0.64921875 0.53515625 0.02265625 0.04296875
0 0.6765625 0.51640625 0.0125 0.02734375
0 0.57265625 0.65859375 0.0265625 0.03515625
0 0.54921875 0.7375 0.01171875 0.0296875
0 0.546875 0.88203125 0.1046875 0.23515625
0 0.72421875 0.7140625 0.03671875 0.075
0 0.65390625 0.65859375 0.03125 0.0546875
0 0.625 0.640625 0.0234375 0.0453125
0 0.63359375 0.60625 0.01328125 0.0265625
0 0.675 0.77734375 0.04609375 0.0890625
0 0.72421875 0.8421875 0.02578125 0.0359375
0 0.7203125 0.88203125 0.025 0.02734375
0 0.84453125 0.9453125 0.0328125 0.07109375
0 0.91015625 0.97109375 0.0234375 0.0546875
0 0.95 0.971875 0.04140625 0.028125
0 0.94296875 0.82421875 0.01796875 0.0234375
0 0.40859375 0.2296875 0.025 0.040625
0 0.3953125 0.4046875 0.01640625 0.0296875
0 0.3609375 0.3359375 0.01484375 0.01796875
0 0.34609375 0.4171875 0.01484375 0.0359375
