0 0.5203125 0.3859375 0.1375 0.21640625
0 0.596875 0.3609375 0.05625 0.10546875
0 0.8140625 0.2078125 0.09453125 0.10703125
0 0.71328125 0.46015625 0.0484375 0.1265625
0 0.5859375 0.0875 0.0625 0.08125
0 0.18671875 0.75625 0.0546875 0.11796875
0 0.32890625 0.67734375 0.0734375 0.1171875
0 0.284375 0.828125 0.05234375 0.12421875
0 0.42109375 0.75 0.0453125 0.13359375
0 0.34375 0.53125 0.040625 0.08671875
0 0.48125 0.559375 0.10703125 0.084375
0 0.8578125 0.2859375 0.04921875 0.078125
0 0.96796875 0.08125 0.0328125 0.03359375
