0 0.6328125 0.33828125 0.09453125 0.2421875
0 0.48203125 0.290625 0.0390625 0.0953125
0 0.56328125 0.37109375 0.03125 0.0796875
0 0.53046875 0.49375 0.04609375 0.1015625
0 0.4375 0.59921875 0.059375 0.12578125
0 0.22890625 0.45859375 0.04296875 0.09765625
0 0.2796875 0.58671875 0.0546875 0.1015625
0 0.2078125 0.790625 0.05 0.08515625
0 0.3 0.84296875 0.03515625 0.14375
0 0.26171875 0.95234375 0.059375 0.08828125
0 0.046875 0.71875 0.08984375 0.128125
0 0.06328125 0.61484375 0.04140625 0.06484375
0 0.13984375 0.73359375 0.0640625 0.14375
0 0.04296875 0.9578125 0.0859375 0.08359375
0 0.74765625 0.59921875 0.053125 0.0890625
0 0.83046875 0.57421875 0.05546875 0.0859375
0 0.90859375 0.134375 0.05625 0.13203125
0 0.64921875 0.02734375 0.07890625 0.05390625
0 0.77109375 0.29453125 0.03984375 0.05703125
0 0.66796875 0.52421875 0.0359375 0.0515625
0 0.36875 0.8390625 0.0453125 0.08515625
0 0.1890625 0.36796875 0.05859375 0.0453125
0 0.37734375 0.5375 0.0484375 0.10078125