0 0.3671875 0.33828125 0.09453125 0.2421875
0 0.51796875 0.29140625 0.0390625 0.0953125
0 0.4375 0.37109375 0.03125 0.0796875
0 0.4703125 0.49453125 0.04609375 0.1015625
0 0.5625 0.5984375 0.059375 0.12578125
0 0.771875 0.4578125 0.04296875 0.09765625
0 0.72109375 0.58671875 0.0546875 0.1015625
0 0.7921875 0.790625 0.05 0.08515625
0 0.7 0.84375 0.03515625 0.14375
0 0.7390625 0.9515625 0.059375 0.08828125
0 0.953125 0.71875 0.08984375 0.128125
0 0.9359375 0.615625 0.04140625 0.06484375
0 0.86015625 0.734375 0.0640625 0.14375
0 0.95703125 0.9578125 0.0859375 0.08359375
0 0.253125 0.59921875 0.053125 0.0890625
0 0.1703125 0.57421875 0.05546875 0.0859375
0 0.0921875 0.134375 0.05625 0.13203125
0 0.34921875 0.0265625 0.0796875 0.053125
0 0.2296875 0.29375 0.03984375 0.05703125
0 0.33203125 0.52421875 0.0359375 0.0515625
0 0.63203125 0.8390625 0.0453125 0.08515625
0 0.8109375 0.36796875 0.05859375 0.0453125
0 0.62265625 0.5375 0.0484375 0.10078125