0 0.34765625 0.30390625 0.04296875 0.06953125
0 0.496875 0.196875 0.05078125 0.10078125
0 0.8328125 0.81875 0.1890625 0.24921875
0 0.80625 0.40703125 0.065625 0.08125
0 0.87578125 0.39296875 0.05703125 0.08046875
0 0.18046875 0.5640625 0.02734375 0.07265625
0 0.15234375 0.48515625 0.03125 0.0421875
0 0.10078125 0.45703125 0.034375 0.04375
0 0.33984375 0.378125 0.04453125 0.06328125
0 0.41640625 0.440625 0.0234375 0.05078125
0 0.45390625 0.5078125 0.14609375 0.1109375
0 0.2015625 0.3828125 0.034375 0.0859375
0 0.15078125 0.3234375 0.0265625 0.046875
