0 0.33125 0.28828125 0.05078125 0.06640625
0 0.48828125 0.128125 0.03828125 0.10859375
0 0.1859375 0.39921875 0.028125 0.0953125
0 0.26953125 0.6609375 0.04140625 0.0875
0 0.159375 0.61484375 0.03828125 0.08125
0 0.07265625 0.5890625 0.0234375 0.05234375
0 0.23515625 0.3953125 0.0375 0.10625
0 0.425 0.5203125 0.1625 0.1171875
0 0.6140625 0.5734375 0.03359375 0.0578125
0 0.83828125 0.40078125 0.06171875 0.1171875
0 0.596875 0.65703125 0.02890625 0.07421875
0 0.571875 0.54140625 0.02734375 0.06328125
0 0.546875 0.4765625 0.0375 0.04921875
0 0.340625 0.39765625 0.06171875 0.04609375
0 0.5796875 0.35078125 0.05546875 0.0671875
0 0.10546875 0.4953125 0.07890625 0.07734375