0 0.596875 0.6234375 0.23515625 0.25625
0 0.521875 0.05703125 0.05859375 0.1140625
0 0.4078125 0.371875 0.05625 0.146875
0 0.153125 0.42734375 0.07421875 0.1171875
0 0.03359375 0.33359375 0.0453125 0.0984375
0 0.7078125 0.325 0.03203125 0.09375
0 0.8453125 0.490625 0.03828125 0.10859375
0 0.7953125 0.4765625 0.03671875 0.08828125
0 0.6921875 0.459375 0.03984375 0.11953125
0 0.86171875 0.7421875 0.0359375 0.090625
0 0.75078125 0.80625 0.0484375 0.10078125
0 0.4390625 0.75859375 0.02890625 0.0578125
0 0.4515625 0.553125 0.04453125 0.06484375
0 0.52421875 0.4296875 0.0265625 0.08046875
0 0.34375 0.70390625 0.05703125 0.0703125
0 0.3875 0.765625 0.0375 0.06796875
0 0.115625 0.73984375 0.06484375 0.0484375
0 0.23125 0.46171875 0.04375 0.0703125
0 0.30859375 0.42265625 0.0328125 0.0484375
0 0.3578125 0.4578125 0.02109375 0.053125
0 0.93125 0.41953125 0.03203125 0.0765625
0 0.9375 0.6125 0.05234375 0.08515625