0 0.27734375 0.5203125 0.0828125 0.22109375
0 0.08671875 0.43828125 0.0765625 0.1671875
0 0.028125 0.3375 0.040625 0.09609375
0 0.02109375 0.50390625 0.0265625 0.1296875
0 0.1625 0.803125 0.0625 0.084375
0 0.4 0.64609375 0.0625 0.0921875
0 0.43046875 0.55390625 0.0453125 0.0578125
0 0.6125 0.16875 0.03828125 0.12109375
0 0.771875 0.2671875 0.02890625 0.0875
0 0.97421875 0.2234375 0.0515625 0.09921875
0 0.4421875 0.30546875 0.03984375 0.1171875
0 0.54765625 0.4515625 0.0453125 0.059375
0 0.6921875 0.68671875 0.06171875 0.1171875
0 0.71015625 0.1390625 0.0296875 0.09453125
0 0.190625 0.39453125 0.03828125 0.0609375
0 0.471875 0.7328125 0.03359375 0.07265625
0 0.46875 0.490625 0.02734375 0.07734375
0 0.053125 0.6140625 0.03828125 0.05
