0 0.11015625 0.40234375 0.02734375 0.0265625
0 0.1734375 0.47265625 0.02265625 0.0390625
0 0.18125 0.446875 0.0171875 0.01484375
0 0.159375 0.38828125 0.05546875 0.0578125
0 0.19375 0.39609375 0.0109375 0.0265625
0 0.2265625 0.33515625 0.0765625 0.065625
0 0.190625 0.5359375 0.0328125 0.04609375
0 0.37734375 0.459375 0.02265625 0.0265625
0 0.52890625 0.3140625 0.025 0.01875
0 0.3984375 0.278125 0.0203125 0.01796875
0 0.52890625 0.34375 0.03046875 0.03046875
0 0.35703125 0.24921875 0.0140625 0.0171875
0 0.428125 0.246875 0.02734375 0.003125
0 0.46875 0.45625 0.0375 0.0328125
0 0.6234375 0.43203125 0.0140625 0.02109375
0 0.696875 0.284375 0.05859375 0.0734375
0 0.64296875 0.26640625 0.02890625 0.02734375
0 0.61015625 0.246875 0.01796875 0.02109375
0 0.553125 0.30546875 0.0125 0.00390625
0 0.58125 0.2953125 0.01171875 0.00859375
0 0.5703125 0.32578125 0.01796875 0.0125
0 0.63046875 0.3375 0.01875 0.028125
0 0.74765625 0.38203125 0.0078125 0.01484375
0 0.75234375 0.40546875 0.01796875 0.01640625
0 0.746875 0.43515625 0.00703125 0.0125
0 0.74140625 0.51015625 0.021875 0.02421875
0 0.7890625 0.40703125 0.0078125 0.00859375
0 0.81953125 0.403125 0.03125 0.02578125
0 0.8453125 0.39296875 0.009375 0.01015625
0 0.8171875 0.4328125 0.03359375 0.0265625
0 0.80078125 0.46953125 0.0515625 0.03984375
0 0.9046875 0.39296875 0.01640625 0.01796875
0 0.87265625 0.41171875 0.01875 0.0203125
0 0.865625 0.43046875 0.01640625 0.01328125
0 0.878125 0.44609375 0.01640625 0.01171875
0 0.89453125 0.4671875 0.009375 0.0234375
0 0.88671875 0.49140625 0.0296875 0.0234375
0 0.821875 0.5140625 0.0078125 0.01171875
0 0.83046875 0.54296875 0.01953125 0.01953125
0 0.93125 0.59609375 0.0109375 0.01328125
0 0.92578125 0.5515625 0.01796875 0.021875
0 0.90390625 0.5234375 0.02578125 0.03671875
0 0.965625 0.5375 0.04765625 0.04375
0 0.9734375 0.659375 0.028125 0.01953125
0 0 0.6720698640625 0.000155725 0.67344088125 0.00033844062499999996 0.6746290953125 0.0010693171875 0.6747204953125 0.002439703125 0.675360309375 0.002074265625 0.6769141234375 0.0009779578125 0.6770969265625 0.0000643671875 0.6769141234375 0.00033844062499999996 0.6787421453125 0.0008866015624999999 0.6793819531249999 0.0022569875 0.6798389593749999 0.0038100890625 0.6802959656249999 0.0049063953125 0.6808443765625001 0.0066422203125 0.6806615671875 0.0070076578125 0.6819411843750001 0.006185425 0.6832208015625 0.0056372718750000005 0.6844090109375001 0.0044496 0.6868768453125 0.0038100890625 0.6883392609375 0.0035360093750000004 0.690167284375 0.0046323218749999995 0.690350084375 0.00627678125 0.68751665 0.00764716875 0.6851402234374999 0.008560759375000001 0.6826723984374999 0.009565715625 0.6831294015625 0.009108920312500001 0.6845918171875 0.008195328125 0.686145634375 0.0077385328125 0.68797365625 0.0073730953124999995 0.689893078125 0.0073730953124999995 0.6918125078124999 0.0079212484375 0.6930007171875 0.008560759375000001 0.69199530625 0.008926196875 0.68779085625 0.00974843125 0.68376920625 0.010296584374999999 0.6805701671875 0.0108447375 0.677828134375 0.0105706640625 0.675817315625 0.0094743515625 0.6746290953125 0.007099015625000001 0.673349478125 0.0003654953125 0.670024671875 0 0.669602034375 0 0.670790246875 0 0.6720698640625
0 0.019980646875 0.664121321875 0.0249140390625 0.6631159078125 0.0261017109375 0.6611964859375 0.026741221875 0.65872865625 0.0262844265625 0.6571748359375 0.0246399671875 0.6552554140625 0.0227214203125 0.6550726109375 0.0205288078125 0.6550726109375 0.0187929828125 0.6551640140625 0.0173312390625 0.65982546875 0.019980646875 0.664121321875
0 0.05113410625 0.6450184875 0.047753815625 0.64757771875 0.044190809375 0.65150796875 0.047080590625 0.6582602343749999 0.04903284375 0.6574490421875 0.05040323125 0.656078025 0.0515909015625 0.6549812109375 0.05314400312499999 0.6536101953125 0.0546971125 0.6526047796875 0.055976134375 0.6509595609375001 0.056524293749999996 0.649405740625 0.056981089062500004 0.6470293125000001 0.055976134375 0.6448356859375 0.05405759375 0.643556071875 0.05113410625 0.6450184875
0 0 0.6202649453125 0.000990059375 0.6221037203125 0.0016027015625 0.6236360328125 0.0023174484375 0.6254748078125 0.00435959375 0.6256791171875 0.0048701296875000005 0.6256791171875 0.0070143796875 0.6255769640625 0.0080354515625 0.6277222 0.0094649546875 0.6285394328125 0.0109965625 0.6292545125 0.0120176359375 0.629560975 0.0129366015625 0.629560975 0.01385556875 0.629560975 0.0151829578125 0.629867440625 0.01599981875 0.628335128125 0.018246175 0.6279265171875 0.0193693609375 0.626904975 0.020900968750000002 0.6286415890625 0.0214115046875 0.629765284375 0.021922040625 0.632421290625 0.022841 0.634362221875 0.024270503125000002 0.635179459375 0.025495793750000002 0.6355880765624999 0.0275379390625 0.636303153125 0.029580082812500002 0.636813925 0.0303969375 0.636813925 0.0329496171875 0.636813925 0.0330517234375 0.636813925 0.0349917625 0.636813925 0.0370294203125 0.6354166671875 0.037795671875 0.6329636078124999 0.0375215984375 0.629398965625 0.0335931546875 0.6295817687499999 0.0311264609375 0.6296731765625 0.029938790625 0.62802795 0.030578309375 0.6251031125 0.030943739062499996 0.6230922875 0.0298474328125 0.6218126749999999 0.0293906375 0.6213556687499999 0.028477046875000002 0.6195276468750001 0.0315832578125 0.619253440625 0.033045001562499995 0.619162040625 0.0336845125 0.6162372046875 0.033410439062500005 0.6145005859375 0.03331908125 0.61312956875 0.0311116921875 0.612701784375 0.028865328125 0.612395321875 0.027435825000000004 0.6119867078125 0.026925289062500003 0.6109651671874999 0.026516867187499998 0.609943625 0.02570000625 0.6084113125 0.026618971875 0.607491921875 0.02774215 0.6088199249999999 0.028763221875 0.610556546875 0.028763221875 0.6100457765625 0.0298864 0.6092285421875 0.031213796874999998 0.6085134640625001 0.0326433 0.606879 0.031724334375 0.6043251453125 0.031418009375 0.6028949828125 0.0326433 0.6009540546875 0.033664371875 0.599728203125 0.033664371875 0.6018734421875 0.0340727953125 0.604427296875 0.03519598125 0.6049380671875 0.03703390625 0.6050402218750001 0.039382375 0.6051423765624999 0.0403013421875 0.6043251453125 0.0418329515625 0.603507909375 0.0418329515625 0.601464825 0.04162873125 0.6005454359375 0.041016090625 0.5989109703125 0.040913984375000004 0.5977872734375 0.0411181953125 0.5912494078125 0.0396886921875 0.5899289015625 0.038871840625 0.5888052078125 0.039484481249999995 0.5871707374999999 0.0400971234375 0.585434121875 0.0396886921875 0.58359534375 0.038463409375 0.5821651828125 0.038054978125 0.579815640625 0.038565515625000005 0.5776703984375 0.038565515625000005 0.5769553203125 0.0377486609375 0.575831625 0.0369318015625 0.573379925 0.0342770140625 0.573379925 0.0331538359375 0.5732777703124999 0.0309074734375 0.572562690625 0.029682189062499996 0.56990668125 0.029069546875 0.5678635984375 0.025904217187500002 0.5657183609375 0.0225346828125 0.5646968203125 0.019675678125000002 0.5649011265625 0.018348289062500002 0.5628617921875 0.0172251015625 0.5620445593750001 0.016101925 0.561431634375 0.014978746875 0.5613294796875 0.013447137500000001 0.5613294796875 0.0122218546875 0.56163594375 0.01109866875 0.56010363125 0.009873384374999999 0.5588777796875 0.008443882812500001 0.558775625 0.0069122734375 0.5596950125 0.005380665625 0.5604100921875 0.00415538125 0.5607165546874999 0.0034406265625 0.561227325 0.0024195546875 0.5620445593750001 0.0008879453125000001 0.5628617921875 0 0.5633725640625 0 0.6202649453125
0 0.00008545156250000001 0.4890986828125 0.004632821875 0.491666925 0.0077866375000000005 0.48520962343749996 0 0.47999975937499995 0.00008545156250000001 0.4890986828125
0 0.086190765625 0.4979273390625 0.0839981609375 0.4964192234375 0.0815314609375 0.4965563234375 0.0808462671875 0.496830528125 0.07961290625 0.49724183125000004 0.0787906765625 0.49820154375000003 0.0787906765625 0.49902415156249996 0.0730350578125 0.5001209703125 0.07125355156249999 0.49874995312500003 0.0589200734375 0.48572529375 0.0572756140625 0.48641080312499996 0.057001539062499995 0.48846732812500004 0.070431321875 0.5023146046875 0.06700535625000001 0.50245169375 0.0631682796875 0.5027258984375 0.060975653124999994 0.504096915625 0.060153421875 0.5056050359375 0.0594682296875 0.5068389484375 0.0549459609375 0.50862126875 0.0553570703125 0.5099922859375 0.0575496859375 0.5097180859375 0.05878303593749999 0.508758375 0.05987935 0.5088954734375 0.06056454375 0.5099922859375 0.062346039062500004 0.5105407046875 0.064949775 0.50958098125 0.06686831875 0.50862126875 0.0653608953125 0.511911721875 0.06563496875 0.51369403125 0.0677083296875 0.513671875 0.06933501875 0.511911721875 0.0719387453125 0.50752445625 0.07522767500000001 0.5064276546875 0.0783795671875 0.5053308328125 0.08207960625 0.504096915625 0.0839981609375 0.503137203125 0.08591669375 0.502040390625 0.0866018859375 0.49984676562499997 0.0901649 0.49806444531249994 0.0898908046875 0.4964192234375 0.08783522656250001 0.496967628125 0.086190765625 0.4979273390625
0 0.140172875 0.4727130796875 0.140309921875 0.47134206250000005 0.1386654625 0.47079365468749995 0.1377061953125 0.472027571875 0.1366098828125 0.4733985890625 0.133183915625 0.4738098921875 0.1246875234375 0.48464092656249996 0.1235912109375 0.48354410937500003 0.12427640312499999 0.4817617890625 0.123865284375 0.4810762796875 0.1227689703125 0.48148758437500006 0.1227689703125 0.48244729687500004 0.1060067046875 0.4679229921875 0.1050909921875 0.4664064 0.1015279796875 0.4651724890625 0.10289836562500002 0.461882046875 0.102885946875 0.46036319531250003 0.10226810156249999 0.4601865890625 0.1006793921875 0.46424851718750004 0.10023808125 0.465219846875 0.0976784703125 0.464425121875 0.099355459375 0.46009829062499996 0.098649359375 0.45965677656250004 0.09670759375 0.46354209375 0.0960897484375 0.46433681875 0.09494235 0.4639836078125 0.0937949390625 0.46336549062500004 0.0941479828125 0.46186434531250004 0.09458929375 0.46071640625 0.09503060468749999 0.4599216828125 0.095118871875 0.4587737484375 0.09388319375000001 0.4589503515625 0.09370667187500001 0.4599216828125 0.0930888390625 0.461334525 0.092735796875 0.4620409484375 0.09247100625 0.46257076406250003 0.092294484375 0.46310058125 0.085763075 0.46151113125 0.087351796875 0.4587737484375 0.0876165859375 0.45718429687500006 0.086645696875 0.4564778734375 0.085674821875 0.45789072031250005 0.085056975 0.45912695625 0.084968721875 0.45956847031250003 0.08470393281250001 0.4601865890625 0.0845274109375 0.460628103125 0.0822325890625 0.46027489375 0.082409109375 0.45939186562499995 0.08329173125 0.4580673234375 0.084174353125 0.45674278125 0.084174353125 0.4561246625 0.0834682671875 0.45577145156250004 0.08302695624999999 0.45594805625 0.0826738984375 0.4565661796875 0.08196779843749999 0.4577141125 0.0815264890625 0.45859714062499995 0.0812617125 0.46045149687500003 0.08117344531250001 0.46036319531250003 0.0805556125 0.46000998437499996 0.08037909062500001 0.46000998437499996 0.07887862343749999 0.4597450765625 0.078613846875 0.45956847031250003 0.078966890625 0.4572725984375 0.079672990625 0.45621296562499997 0.08020255468750001 0.45480012031249994 0.07887862343749999 0.45427030312500005 0.07790774687499999 0.45709599218749997 0.0776429578125 0.4587737484375 0.074377259375 0.45815562656250003 0.0755246703125 0.4558597546875 0.07667206875 0.45391709375 0.0742889921875 0.45480012031249994 0.0734946375 0.4577141125 0.061314453125 0.4545352125 0.0603435640625 0.45480012031249994 0.0603435640625 0.45638957031249994 0.06157924375 0.4572725984375 0.0633444875 0.4577141125 0.0650214625 0.45797902031250004 0.0670514953125 0.45859714062499995 0.06934631718749999 0.4589503515625 0.070493715625 0.4593035625 0.07270027031250001 0.4599216828125 0.070846771875 0.46424851718750004 0.0716411265625 0.464601728125 0.072258959375 0.46407191406250003 0.0732298484375 0.46212925 0.07367115937499999 0.46106961718750006 0.0742889921875 0.460628103125 0.075612925 0.461334525 0.0749950921875 0.464601728125 0.0749950921875 0.4657496640625 0.0760542359375 0.46548475624999996 0.077554690625 0.46124622187500003 0.0802908234375 0.462217553125 0.0787021015625 0.46663269218750003 0.07949646875000001 0.4668975984375 0.08037909062500001 0.4647783328125 0.081438234375 0.46239415937499995 0.084174353125 0.46310058125 0.082409109375 0.46716251093750005 0.083203478125 0.4672508125 0.085321765625 0.46354209375 0.09176490625 0.4651315453125 0.0897348734375 0.46928177499999996 0.0905292421875 0.46981159375 0.09105880625 0.4698998953125 0.09300057187500001 0.46539645625 0.0952071265625 0.4661028765625 0.0937949390625 0.470341409375 0.0952071265625 0.470782921875 0.0958249734375 0.468751959375 0.0970606375 0.466544390625 0.09926719218749999 0.46707420468749994 0.097237159375 0.47148934374999996 0.0983845703125 0.472195765625 0.10050285781249998 0.46769232499999996 0.10306246875 0.468398746875 0.11533090625 0.4791716859375 0.1194180859375 0.4824658609375 0.11852098281250001 0.4825474515625 0.11718885000000001 0.48533412187499997 0.1148878640625 0.4848494859375 0.11670442343750001 0.4804877375 0.1153722921875 0.4796396234375 0.11319241718749999 0.48460716562500006 0.11089145 0.48375904687500004 0.1129502125 0.478549184375 0.11149697031250001 0.478549184375 0.10992261562500001 0.48315325 0.0955112375 0.4796396234375 0.097206703125 0.4746720765625 0.09660118281249999 0.474066278125 0.093694678125 0.47976078125 0.0910303953125 0.4783068640625 0.09333138125 0.4735816453125 0.09212034218750001 0.4732181625 0.08981935625000001 0.4783068640625 0.0876394828125 0.4773375890625 0.089456040625 0.47261236406249996 0.0889716328125 0.472248884375 0.08788170468749999 0.47249120468749994 0.0861862390625 0.47697411093750003 0.082553121875 0.4761259921875 0.0850963109375 0.47176425 0.0837641609375 0.4707949703125 0.0829164359375 0.47285468281250004 0.0819476015625 0.4746720765625 0.0815842859375 0.47576251249999996 0.0784355953125 0.47479324062500006 0.0804943578125 0.4705526546875 0.079646634375 0.4700680109375 0.0784355953125 0.47285468281250004 0.0769823515625 0.47442975781249996 0.07334922499999999 0.4743085984375 0.073228121875 0.47564135468749996 0.0745602734375 0.476247153125 0.0757713125 0.47661063593749997 0.07492357031249999 0.4806088984375 0.076497925 0.480245421875 0.077830075 0.47697411093750003 0.0804943578125 0.4778222296875 0.07928331875 0.48230513124999996 0.08000995 0.48242629375 0.080978765625 0.4818204953125 0.0820687125 0.4783068640625 0.08521740312500001 0.47903382499999997 0.083885271875 0.48230513124999996 0.0849752 0.48339557031249997 0.08679175781250001 0.4800031015625 0.0892138359375 0.4803665796875 0.088002796875 0.483880209375 0.088729428125 0.48460716562500006 0.0904248765625 0.48133585625 0.0927258625 0.481578175 0.0913937109375 0.48509180625 0.09284695468750001 0.48509180625 0.093694678125 0.4830320921875 0.094784625 0.4814570171875 0.1082271484375 0.48545528437499996 0.10689501718750001 0.48909007187500003 0.1087115765625 0.48921123125 0.1093170953125 0.48799963437500005 0.11004370781249999 0.486303403125 0.1121024890625 0.48642455937499995 0.110649228125 0.48981702812499994 0.112708009375 0.49030166875000003 0.1137979375 0.48690920000000004 0.11585669999999999 0.48787847656250005 0.1150089765625 0.49054398906249996 0.11622001562499999 0.49127094531250004 0.11730994374999999 0.48896891093750006 0.1179154625 0.48763615624999995 0.12009533750000001 0.488120796875 0.11876320468749998 0.49127094531250004 0.11864209375000001 0.494299934375 0.12399525468749999 0.49767744843750006 0.1287986828125 0.4924557171875 0.13195055625000002 0.49423804374999997 0.1324987234375 0.49231862812499994 0.1311283359375 0.49108470156250006 0.1292097828125 0.489713684375 0.1312653625 0.48847977187499997 0.1381172953125 0.47888265625 0.138939534375 0.47778584375 0.1386654625 0.47668902500000004 0.138528415625 0.47614062187500006 0.1381172953125 0.47504380937499996 0.13880248906249998 0.47367279375000004 0.140172875 0.4727130796875
0 0.0808969109375 0.43348186718750004 0.0838478109375 0.4333082015625 0.0857572125 0.434002853125 0.09027035 0.4352184890625 0.094436328125 0.43556581562499996 0.13366592187499998 0.4425123 0.14321294843750002 0.45050075468750006 0.14668459375 0.45189005 0.1482468375 0.45189005 0.1558844609375 0.45206371562500003 0.158661775 0.4352184890625 0.1505034125 0.43348186718750004 0.1473789265625 0.42879298906249996 0.140435634375 0.42601439843750005 0.1321036921875 0.4234094671875 0.0881873671875 0.415594671875 0.0871458765625 0.418894246875 0.0819384015625 0.418546921875 0.0803761640625 0.4194152328125 0.07725168437499999 0.4213255203125 0.076557353125 0.4214991796875 0.075342275 0.422367490625 0.07690451875 0.4244514375 0.0774252640625 0.42531974687499996 0.07464794999999999 0.42705636875 0.07100271875 0.42740369375 0.06718390625000001 0.43139792187500003 0.06718390625000001 0.4353921484375 0.06718390625000001 0.43799708125 0.065100925 0.4393863765625 0.0666631609375 0.44060201250000003 0.061241315625 0.4466579859375 0.0619764375 0.44841680781250004 0.0640594265625 0.44980610312499997 0.0663159953125 0.45050075468750006 0.0689197296875 0.44859047343749997 0.0704819734375 0.44615920156250005 0.0715234640625 0.44511723124999997 0.072912128125 0.44546454999999996 0.07447436406249999 0.443380609375 0.07690451875 0.44077567812499996 0.078813921875 0.43869173124999994 0.0800289984375 0.4353921484375 0.0808969109375 0.43348186718750004
0 0.08511284375 0.444921875 0.086625125 0.4491114578125 0.0894024375 0.44980610312499997 0.0913118546875 0.449458784375 0.092006171875 0.4491114578125 0.0939155890625 0.44841680781250004 0.0949570796875 0.44702751249999995 0.0949570796875 0.44494356562500004 0.094436328125 0.4437279296875 0.0914854328125 0.4414703234375 0.08957603125 0.4416439890625 0.08511284375 0.444921875
0 0.23641397656250002 0.3802563390625 0.231015621875 0.40260416718750003 0.23867055312500002 0.40422171406249996 0.2443987734375 0.3814719765625 0.24214219843749998 0.3773040875 0.24214219843749998 0.375741125 0.243183703125 0.3740045046875 0.2428365171875 0.372962534375 0.24057996875 0.372962534375 0.240406375 0.3738308453125 0.24110069374999998 0.3750464765625 0.240927128125 0.376783096875 0.23832339375 0.37851971875 0.23641397656250002 0.3802563390625
0 0.22577010937500003 0.4590989421875 0.225943703125 0.46135656249999996 0.22403428593750002 0.46066189843750005 0.22264563593750003 0.4615302078125 0.22264563593750003 0.4629195109375 0.2216041453125 0.46396148750000005 0.22212488437500003 0.4653507765625 0.21414010156250002 0.473860221875 0.21483443281249998 0.4745548734375 0.2216041453125 0.46656641875 0.22264563593750003 0.46760838906249996 0.20372516406250002 0.49209474531249997 0.205634565625 0.49313671562500005 0.199906359375 0.5030354640625 0.2014685890625 0.5039037734375 0.20927979218749998 0.4919210859375 0.21170994687500003 0.4929630546875 0.2073703890625 0.49869391093750004 0.2115363671875 0.49713095 0.230283259375 0.4696923296875 0.225075790625 0.46656641875 0.22542295 0.4653507765625 0.230283259375 0.46830304062500006 0.2318454890625 0.466392746875 0.24833580781250003 0.4476372390625 0.2523282046875 0.4439903375 0.265867615625 0.4537154140625 0.267950625 0.450242171875 0.268124190625 0.4446849890625 0.268124190625 0.43912779999999996 0.26777703124999996 0.4337442703125 0.26708271250000004 0.43148666406249997 0.2795806328125 0.42124060312499995 0.2806221109375 0.41828834531250003 0.2783655625 0.416551725 0.2623959703125 0.4118628453125 0.257014934375 0.3974488890625 0.2623959703125 0.4024850921875 0.2643053859375 0.40092213125000004 0.26604120937500003 0.3984908625 0.26604120937500003 0.3955386078125 0.2648261375 0.39258635625 0.2611809 0.391718046875 0.2587507578125 0.39380198593750004 0.256320603125 0.39605959999999996 0.2538904484375 0.3941493078125 0.2587507578125 0.38372958281249997 0.25736209374999997 0.38372958281249997 0.2523282046875 0.3929336765625 0.2490301390625 0.39658058125 0.24798864843750001 0.39918550937499997 0.24607924531249997 0.403006084375 0.2438226703125 0.40752129375 0.24295475937500002 0.41273115625 0.2422604265625 0.416725384375 0.2424340203125 0.41967764062499996 0.2427811796875 0.4229772234375 0.2438226703125 0.4274924359375 0.2445170015625 0.43113933906249996 0.2464264046875 0.434786246875 0.248162228125 0.43825948906249995 0.24330193125 0.441559065625 0.22577010937500003 0.4590989421875
0 0.234102065625 0.4432829375 0.23253982187500002 0.4434565984375 0.2304568390625 0.4460615296875 0.2290681765625 0.44745082812500003 0.230283259375 0.44918745 0.2310336859375 0.45005918749999996 0.2320190828125 0.4498821046875 0.2360114671875 0.44640886249999995 0.23514355625 0.4441512484375 0.234102065625 0.4432829375
0 0.2371373328125 0.503170171875 0.23927154062499997 0.502059875 0.24063743906249999 0.5012912046875 0.24166185625 0.50018090625 0.2415764890625 0.4986435703125 0.2444790140625 0.49736245625000003 0.24575953906249998 0.5006933515624999 0.2467839578125 0.5041096546875 0.2472107984375 0.5049637312499999 0.24857669062499999 0.505219953125 0.2497718484375 0.507013515625 0.25088164062499996 0.50812381875 0.251820690625 0.509404934375 0.2525036328125 0.5112838953125001 0.2533573171875 0.5121379703125 0.25515005625 0.513077453125 0.256601315625 0.5141877515625 0.2584794171875 0.5150418296875 0.2589062578125 0.5143585671875 0.2577964734375 0.5114547109375 0.25643058124999996 0.510173596875 0.254211 0.5060740296875 0.25557689843750003 0.50453669375 0.2568574234375 0.5076967812500001 0.25830868281249997 0.51000278125 0.259162365625 0.510259009375 0.26027215625 0.5089778953125 0.262747840625 0.5086362578125 0.26479667500000004 0.5085508578125 0.2660772 0.51042981875 0.26718699218749997 0.5088924828125 0.2692358265625 0.5092341109375 0.2695773078125 0.507525959375 0.268211409375 0.505219953125 0.269833415625 0.5062448453124999 0.27128467500000003 0.50726974375 0.27196762343750003 0.50726974375 0.27205298437500003 0.504878325 0.2723090921875 0.503170171875 0.27162614218750003 0.502059875 0.2721383578125 0.500010090625 0.27273593281249997 0.49830193906250003 0.2723090921875 0.4959959328125 0.2705163515625 0.4936045203125 0.268211409375 0.4928358515625 0.2642844734375 0.49411696562499996 0.26027215625 0.49616675 0.25899163281250004 0.4986435703125 0.25719889218750003 0.5002663125 0.25625984062499996 0.5024869125 0.2546378421875 0.49941223749999997 0.2541256328125 0.4980457171875 0.25557689843750003 0.497191640625 0.257284265625 0.496850009375 0.255662265625 0.49445859687500004 0.254381740625 0.49403155937500004 0.2520767921875 0.49471481875 0.2507108984375 0.49181096249999995 0.258223315625 0.4897611796875 0.257625734375 0.48839465937500004 0.2560891078125 0.48839465937500004 0.2549793171875 0.48711354531250006 0.251820690625 0.4876259890625 0.249515740625 0.48839465937500004 0.24627174843750002 0.48233071718750004 0.2446497484375 0.482245309375 0.2419179640625 0.4777187109375 0.24601564062499998 0.47686463124999995 0.24558879843749998 0.47097150625 0.2427716484375 0.467555203125 0.24055206562499998 0.46900713281249995 0.241235015625 0.47276506874999996 0.242174065625 0.47558351718749997 0.2430277484375 0.47643759374999994 0.241832590625 0.4767792234375 0.24012522343749998 0.4749856640625 0.23986912343750003 0.47643759374999994 0.24055206562499998 0.47737707812499997 0.24294238125 0.48318479375 0.2404666984375 0.48284316718750003 0.238673965625 0.4848929453125 0.23944228125000003 0.4877968046875 0.24021059843749998 0.489163325 0.2408081734375 0.49001740156249995 0.24055206562499998 0.49189636875 0.2420886984375 0.4925796296875 0.241832590625 0.49377533749999997 0.23901543906249997 0.49232340625 0.23688123125 0.49146933125 0.22339303125 0.49377533749999997 0.22339303125 0.4952272671875 0.2137464125 0.49642297187500006 0.213234196875 0.4979603078125 0.2022216828125 0.499924684375 0.2030753671875 0.5058178078125 0.21605135468749997 0.5083800359375 0.2181001953125 0.5083800359375 0.2195514546875 0.5069281046875 0.2213441890625 0.505476178125 0.22339303125 0.50539076875 0.22578334687499999 0.5062448453124999 0.22851513125 0.5056469906250001 0.229624921875 0.5042804703125 0.23184449687500003 0.5042804703125 0.23261281406249998 0.50257231875 0.234747021875 0.502316096875 0.2371373328125 0.503170171875
0 0.289894975 0.5136753125 0.2899803359375 0.512735825 0.2899803359375 0.5112838953125001 0.2892973859375 0.509404934375 0.28818760781249997 0.5076967812500001 0.2864802421875 0.507013515625 0.2840045515625 0.5066718828125001 0.28103227343750004 0.5063396515624999 0.27930929375 0.507867590625 0.2779434078125 0.510600634375 0.2777726609375 0.512735825 0.2793946671875 0.5157250875 0.28058981875 0.5177748703125 0.281699609375 0.518372728125 0.2838338171875 0.5182873156250001 0.2852850765625 0.5180310968749999 0.28818760781249997 0.51632294375 0.28904129218749997 0.5152126421875 0.289894975 0.5136753125
0 0.2852618203125 0.4745917796875 0.2855904484375 0.47781236875 0.28643491249999997 0.478938825 0.29164237656249997 0.4768267171875 0.2920646078125 0.47358815468750004 0.2913608953125 0.471616853125 0.2852618203125 0.4745917796875
0 0.327230890625 0.4447209984375 0.3262716140625 0.4435556359375 0.3240789984375 0.4456807109375 0.322366015625 0.445063753125 0.32332528125 0.444035490625 0.3228456484375 0.44266447343750004 0.320104875 0.44451535 0.3146918484375 0.44266447343750004 0.31565111875 0.4410878078125 0.3142807328125 0.441019253125 0.31256775000000003 0.4425959234375 0.310923284375 0.44211607031250005 0.31160847812500003 0.44019664531249997 0.3107177296875 0.43944258593749996 0.309278825 0.4414305625 0.30667508906249996 0.441019253125 0.308319553125 0.43903128281250003 0.307086203125 0.43807156875000003 0.3053732203125 0.44033374687500004 0.301947253125 0.4396482375 0.294341609375 0.392569009375 0.2968768234375 0.3930488671875 0.2953694 0.3948311890625 0.29584903281249997 0.39585945312500004 0.2976990578125 0.3934601734375 0.30030278906249996 0.39421423125 0.298863884375 0.3966135109375 0.299549078125 0.3975046703125 0.30139910312499996 0.3946940875 0.30525328749999997 0.3955852484375 0.3022384375 0.3975732234375 0.30299215 0.39846438281249996 0.30607552031249996 0.3959280015625 0.3088162921875 0.396682059375 0.30669219375 0.3985329328125 0.3069662703125 0.3993555484375 0.30984408124999996 0.3970248140625 0.32320535 0.401000765625 0.32135533125000004 0.4032629421875 0.3221090421875 0.40435975468749996 0.324918334375 0.4012064171875 0.327316509375 0.402029028125 0.3252609296875 0.40415410781250005 0.3255350078125 0.4054565671875 0.32889245625 0.4021661265625 0.331153590625 0.40285163593749995 0.329988765625 0.40435975468749996 0.32957765 0.40641627968750005 0.3321128625 0.40360569531249996 0.3357443890625 0.404085553125 0.33375732812500003 0.4057307703125 0.3338943640625 0.4071017875 0.337114775 0.4047710578125 0.3401981453125 0.40552512187499995 0.3382796015625 0.4070332375 0.3384851625 0.40819859999999997 0.34163705 0.406004975 0.3427333578125 0.406142075 0.34554265 0.4068961375 0.34554265 0.4050452625 0.3431444734375 0.40381135312499994 0.3452685765625 0.40175482812499996 0.3445833828125 0.4012064171875 0.34177408593749997 0.4032629421875 0.3386907171875 0.4023032296875 0.34095185625 0.401000765625 0.3401296265625 0.40045235625000003 0.336909215625 0.40209758281249997 0.3344425203125 0.401412075 0.3363610640625 0.39914989218749997 0.33526475 0.398670040625 0.33348325 0.40052090937499996 0.3307424765625 0.4003838125 0.33300361562499997 0.3983272859375 0.33183878437500003 0.3975732234375 0.32950913125 0.4000410578125 0.3274535515625 0.3992184421875 0.32868689687499997 0.3970933671875 0.32772762499999997 0.39654496093749997 0.32574056875 0.3990813390625 0.3218349640625 0.3981901796875 0.3344425203125 0.38955277499999996 0.341294453125 0.3929117640625 0.35383349218750004 0.3940821625 0.357807609375 0.3942878171875 0.3582187296875 0.39168288281249997 0.3554779515625 0.39106592500000004 0.35575202968749997 0.38804969218749996 0.357944646875 0.3901747671875 0.35986318906250003 0.39051752031250003 0.361713209375 0.39175143281249997 0.36370027656250004 0.39284825 0.364796578125 0.3918199890625 0.36548177187499997 0.3913401296875 0.36719475468749996 0.3912030296875 0.3685651421875 0.390243315625 0.369318859375 0.390243315625 0.3713744375 0.390448971875 0.373087421875 0.3901062171875 0.37336149375 0.388323890625 0.371785559375 0.3877754875 0.373087421875 0.38626736875 0.371785559375 0.3803034453125 0.365961415625 0.3766702515625 0.36328915624999997 0.37906953125 0.36116506249999997 0.37982359374999997 0.357807609375 0.3783154703125 0.3550668359375 0.3853076609375 0.346364884375 0.3728364375 0.3420028109375 0.367969734375 0.34008426875 0.3667358203125 0.3380286890625 0.36563900625 0.336521265625 0.3650906 0.33446568593750003 0.3639937875 0.33288973906249997 0.362965525 0.33001192968750004 0.3619372625 0.328367459375 0.3616630578125 0.3242563 0.3611832015625 0.320145140625 0.3611146515625 0.316376578125 0.36090900000000004 0.3139784015625 0.36097755 0.31027835625 0.3612517546875 0.306783871875 0.362417115625 0.3040430984375 0.3641308875 0.3024671578125 0.3652962515625 0.3022615984375 0.3678326328125 0.30383754375 0.36982060781250004 0.304180140625 0.3708488703125 0.30459125625 0.3718771328125 0.306783871875 0.37386510624999997 0.308085740625 0.3751675734375 0.3094561265625 0.3761958359375 0.3116487484375 0.3778410546875 0.316719175 0.380913859375 0.316719175 0.39613214375 0.3124024546875 0.3949667796875 0.31404692500000003 0.39270460156250003 0.3130876484375 0.3921561953125 0.311169115625 0.394212721875 0.308770934375 0.3935272125 0.3098672421875 0.391127934375 0.30883945156250003 0.3907166296875 0.306715353125 0.3932530078125 0.304180140625 0.3927731546875 0.3065783171875 0.390510975 0.3051394078125 0.3896198140625 0.30274123125 0.39201909375 0.300754175 0.3912650359375 0.3026727125 0.3892770609375 0.3019190015625 0.38886575625 0.299246746875 0.3912650359375 0.2964374546875 0.390373875 0.29904119218749997 0.38859155156249997 0.29767080468749996 0.387974596875 0.2951355859375 0.38989401875 0.2932855671875 0.3894827125 0.2926688921875 0.3881116953125 0.29225777656249996 0.38427285 0.291572584375 0.3815308171875 0.290955909375 0.380913859375 0.2901336796875 0.380913859375 0.3005486140625 0.44170838281249997 0.30356346562500003 0.4420511375 0.3000004578125 0.44534157968750004 0.3015078859375 0.4460270875 0.3046597734375 0.4425309984375 0.3066468359375 0.4435592609375 0.304317178125 0.44650694218750003 0.30520793125 0.4473981046875 0.30788017968750003 0.44383345781249994 0.31075799531250003 0.4447931703125 0.308017221875 0.44746665312499995 0.3090450109375 0.4479465078125 0.3119913453125 0.445067375 0.3181529015625 0.447258484375 0.3156176859375 0.45006907343749997 0.3168510328125 0.450411828125 0.3195232875 0.447258484375 0.32185294375 0.4484238484375 0.31938624843749996 0.4508916796875 0.320551078125 0.4512344328125 0.3232233296875 0.4484924 0.32623818125000004 0.44910935468749996 0.32301777187499997 0.4517142890625 0.3242511203125 0.45219414375 0.327650821875 0.44938596249999996 0.3296996640625 0.44989840625 0.3268825125 0.45305849218749994 0.327902296875 0.453326815625 0.331561596875 0.4503698671875 0.3445963484375 0.4538845484375 0.345251465625 0.452124490625 0.3337402265625 0.4481485421875 0.3347680171875 0.44670897343749993 0.333808740625 0.44622911875 0.3316161234375 0.4478057875 0.3298346171875 0.44766868593750003 0.3308624078125 0.4459549140625 0.3303142609375 0.44526940625 0.32839571875 0.446846075 0.3260660546875 0.44581781249999997 0.327230890625 0.4447209984375
0 0.3433592015625 0.360637146875 0.34109508437499997 0.349084840625 0.355132609375 0.344894296875 0.3610193109375 0.3629023046875 0.361698553125 0.361543209375 0.35705710625 0.3442147515625 0.35898161093750003 0.34376171875 0.35841558125 0.33991094843749997 0.3644154859375 0.338438596875 0.3656607578125 0.3413833046875 0.368830515625 0.3411567875 0.369736165625 0.3404772375 0.370188990625 0.3348143421875 0.37324555312499996 0.3297177390625 0.3742643984375 0.3297177390625 0.373924778125 0.3335685078125 0.371434253125 0.3426291390625 0.3576231359375 0.34625339374999997 0.36045328125 0.3472727109375 0.37301912812500004 0.3431954296875 0.3761888953125 0.328698415625 0.3744908078125 0.32745258125 0.371887078125 0.3280188703125 0.367132428125 0.3255272 0.3640758734375 0.32020407500000003 0.3598872515625 0.32190294375 0.3598872515625 0.32371506875 0.35207605625 0.324507875 0.34698179218749997 0.3260934890625 0.3366800546875 0.32892493749999996 0.3224241375 0.3327672109375 0.32637832499999997 0.34625339374999997 0.3281896171875 0.3472727109375 0.3305669453125 0.34625339374999997 0.333510296875 0.3459136203125 0.33486876250000003 0.349084840625 0.338151734375 0.3493113578125 0.3421139375 0.3626757890625 0.3421139375 0.36879171718750003 0.3460761421875 0.372869 0.34867988125 0.37218945468750003 0.3493591140625 0.36244928125000003 0.3433592015625 0.360637146875
0 0.36045328125 0.3705955265625 0.36430228124999997 0.37070878125 0.3644154859375 0.36844362343750003 0.35886840625 0.3683303671875 0.3583023765625 0.36164815 0.35705710625 0.36164815 0.355132609375 0.369576203125 0.3527552890625 0.36923642968750003 0.35162323125 0.368556884375 0.352428665625 0.36715919375 0.3500383484375 0.36810385156250003 0.3518496390625 0.3705955265625 0.3540005515625 0.3709352984375 0.35252887187500004 0.3777307734375 0.35445337656250003 0.3780705453125 0.3569439015625 0.3744462921875 0.3627173984375 0.3760319046875 0.36192496093750004 0.3744462921875 0.3598872515625 0.37342697343750003 0.36350984375 0.37342697343750003 0.36305701875 0.3709352984375 0.36045328125 0.3705955265625
0 0.35207605625 0.41441801875 0.35332131875 0.41543733749999995 0.365094728125 0.39958123125 0.36430228124999997 0.39618349375 0.365887165625 0.39437136875 0.3645286984375 0.39414485312499997 0.36350984375 0.3956172046875 0.36090610624999997 0.3953906875 0.3564910765625 0.40026078125 0.3535477265625 0.39437136875 0.35207605625 0.39369181875 0.35162323125 0.395164175 0.3540005515625 0.4026391953125 0.3362941546875 0.3957484140625 0.3362272375 0.3973160734375 0.35332131875 0.4042248078125 0.35128360937499997 0.40626344999999997 0.34981193906249997 0.409887703125 0.35071758124999997 0.4133987046875 0.348340259375 0.41532408125 0.34698179218749997 0.415550596875 0.34788743437499997 0.41781575625 0.3496987265625 0.4175892390625 0.3489062890625 0.4166831765625 0.35207605625 0.41441801875
0 0.333510296875 0.41000095937500003 0.3422384484375 0.41513813437499997 0.3409818796875 0.41294566250000003 0.3354347921875 0.4087551234375 0.3310197625 0.4054706421875 0.3304537328125 0.406716478125 0.333510296875 0.41000095937500003
0 0.35207605625 0.42574380468750006 0.3549062015625 0.425177515625 0.3578495515625 0.4230256265625 0.35581184375 0.42268584374999996 0.338604559375 0.418948334375 0.3313593828125 0.417249465625 0.32683114999999996 0.41736273125 0.3246802375 0.4141915015625 0.322529325 0.41521082031249995 0.322302915625 0.41804226875 0.3237745953125 0.41906160000000003 0.323095353125 0.41804226875 0.3232085671875 0.4163434 0.3237745953125 0.41566386250000004 0.3246802375 0.4167964421875 0.3247934421875 0.41804226875 0.325699090625 0.41883507499999995 0.3284160328125 0.419174846875 0.332265034375 0.42030742656250003 0.3400762296875 0.4222328109375 0.3450572890625 0.423591915625 0.35207605625 0.42574380468750006
0 0.3868302546875 0.34195624687500004 0.38694345 0.340257378125 0.385018953125 0.3375391953125 0.3745074703125 0.340692934375 0.375736078125 0.344674434375 0.3768681375 0.344900959375 0.3823020203125 0.34399488749999996 0.3868302546875 0.34195624687500004
0 0.3250198578125 0.30515574375 0.3237745953125 0.304136421875 0.3228689453125 0.3031170984375 0.3216236828125 0.301644746875 0.319699178125 0.3013049734375 0.31868033281249997 0.300851940625 0.31743506250000003 0.2983602703125 0.3217368875 0.300851940625 0.320491625 0.2993795890625 0.3185671203125 0.297454203125 0.31675582812499997 0.2948492734375 0.316303003125 0.292470859375 0.3158501875 0.2885068328125 0.3135860703125 0.2778605875 0.31460491562500004 0.27955945625 0.3153973609375 0.2782003625 0.3124540125 0.275482171875 0.31143515625 0.27015905 0.306227690625 0.2710651140625 0.3109823328125 0.2895178375 0.310416303125 0.29121670625 0.312906828125 0.2962000515625 0.3149445359375 0.29835195625 0.31868033281249997 0.3025424953125 0.31845391562500003 0.3036750734375 0.315963390625 0.303108784375 0.3120011859375 0.3020894640625 0.30690692343750003 0.30118340312499997 0.3009070109375 0.30027733749999996 0.29626557343750004 0.3020894640625 0.2966051890625 0.29597353593750003 0.29547313124999997 0.29518073125 0.2949071015625 0.30174969375 0.289473221875 0.30378833125 0.2895864265625 0.3012966578125 0.28913360625 0.2991447578125 0.2830204890625 0.2984652109375 0.2838129296875 0.306506521875 0.280869575 0.3074125890625 0.2782658421875 0.31081032343750004 0.27600172500000003 0.31669973125 0.277133784375 0.3241747546875 0.27939790000000003 0.32813878124999996 0.2831336921875 0.33414145781250004 0.28709589687500003 0.3376524421875 0.29060528125 0.34172972968750004 0.292416571875 0.3396910890625 0.2981900734375 0.3426358 0.30509563125 0.3437683796875 0.30973707031250003 0.34456117656249996 0.31709545 0.343881628125 0.3249716921875 0.34224977343749996 0.3226425375 0.3325641578125 0.3387177625 0.3289878 0.339849821875 0.3256554265625 0.3366800546875 0.3178885265625 0.34358561718749997 0.31625501875 0.336453646875 0.306967878125 0.331132975 0.3073076421875 0.3314725875 0.3105921234375 0.3287556453125 0.30844022031249996 0.32547268281249997 0.3073076421875 0.3250198578125 0.30515574375
0 0.35384397343749996 0.29485394062500003 0.3581891640625 0.2946389078125 0.3611325234375 0.290561625 0.35384397343749996 0.29485394062500003
0 0.425892359375 0.377958953125 0.4255527375 0.3764866015625 0.4247603 0.37603356718750003 0.42509992187499995 0.37444795468750003 0.4270244265625 0.37444795468750003 0.42747724218750005 0.373655153125 0.426345184375 0.3732021203125 0.427250834375 0.371276734375 0.42906211718750004 0.3718430234375 0.42906211718750004 0.37082370625 0.4278168640625 0.36991763906249997 0.433137534375 0.3585918484375 0.43458517499999993 0.3603226703125 0.43552252031250005 0.3593848953125 0.4340123546875 0.35756144375 0.43510592187499997 0.3560505828125 0.4359391171875 0.357457246875 0.43698060937500005 0.3566236671875 0.43656401562499997 0.3557900890625 0.4358870421875 0.35469602031249997 0.4367202359375 0.3532893546875 0.43786588281250005 0.35464391875 0.438647003125 0.35344565 0.437397209375 0.3520910875 0.438594925 0.349746646875 0.4402092421875 0.3514138046875 0.4406779125 0.35037183125000004 0.43948019687500006 0.34813158906249997 0.4403654640625 0.34604764375 0.44224015312500004 0.34813158906249997 0.4424484515625 0.34651653125 0.4413028109375 0.344533490625 0.44364617187500005 0.3403134984375 0.4429692 0.33906313125 0.44197977968749996 0.33953201875 0.44072998906249994 0.3414075703125 0.43916775 0.339323625 0.4388032234375 0.34119917499999997 0.4397405703125 0.3426058375 0.43875115 0.34484607968750003 0.43708476249999995 0.342553740625 0.43656401562499997 0.3440125015625 0.4377617296875 0.34620064375 0.4366681625 0.348857675 0.4350017734375 0.34588805312500004 0.43411650156250003 0.3473468140625 0.43567874218749997 0.35010804218749997 0.4348455484375 0.3515147046875 0.4336478296875 0.3492223671875 0.4326584140625 0.350941621875 0.434376875 0.35276507343749997 0.43338745625 0.3540154390625 0.431825215625 0.3515147046875 0.430939946875 0.3531818625 0.4325021875 0.3563077796875 0.4305233484375 0.3594857953125 0.42536795781250003 0.35344235468749996 0.4240660890625 0.3533902578125 0.42177480312500004 0.3511500140625 0.4190669171875 0.3515668046875 0.4200042625 0.3531818625 0.4217227296875 0.3541717359375 0.41969181562499996 0.3550053140625 0.4093289515625 0.358027034375 0.4033917890625 0.35813123125 0.4013608765625 0.36073616406250003 0.39256288125 0.3627159109375 0.38787615937500003 0.3625596203125 0.384995640625 0.36553450781249996 0.3817258390625 0.36456523281250003 0.38221025625 0.3626266796875 0.3824115859375 0.361357978125 0.38345307968750003 0.3628688375 0.38423419999999997 0.3620873578125 0.3836613828125 0.3600555125 0.3840779828125 0.35880514375 0.38506739843750004 0.36026390625000004 0.38579644062499996 0.3590135390625 0.38527569375000004 0.3567732984375 0.385483996875 0.355210340625 0.386369265625 0.3564086078125 0.38751490624999996 0.3560439171875 0.3865775609375 0.3537515765625 0.3924079875 0.3429895984375 0.39287665625 0.3414266390625 0.3914630203125 0.34154194375 0.3855785828125 0.350971796875 0.38401634218749997 0.3482626671875 0.38359974218750004 0.3495651328125 0.3847453890625 0.3521179671875 0.38412048906249996 0.3550354890625 0.3824541015625 0.351440684375 0.3814126078125 0.3521179671875 0.383026921875 0.35581697343749996 0.3824541015625 0.35774461875 0.38130845625 0.3546187015625 0.3803711140625 0.3550875875 0.3805794140625 0.356650546875 0.38146468125 0.3584219046875 0.380787709375 0.3599327625 0.3791213203125 0.3571194390625 0.3787568 0.35821350625 0.37938169374999997 0.3608705375 0.3783402 0.36159991874999997 0.37870472187500004 0.36368386406250003 0.3789650953125 0.3646737390625 0.3779236015625 0.3655594140625 0.37604891406249996 0.3623813984375 0.37500741875 0.3646737390625 0.3762572125 0.36717447187499996 0.3756843921875 0.36821644375 0.373965925 0.36540311718749996 0.373497253125 0.3668618796875 0.3745908234375 0.37014409531250003 0.374382525 0.371759153125 0.37245575937500003 0.3691021234375 0.3721433125 0.3706129796875 0.37360140468749997 0.37261235625 0.3725232078125 0.37522645 0.42091130000000004 0.38135668906250003 0.4210245046875 0.383055559375 0.4219301546875 0.3835085875 0.4221565625 0.3823760078125 0.42793005937500006 0.3822627609375 0.4286093015625 0.3835085875 0.429628146875 0.3827157859375 0.42906211718750004 0.38135668906250003 0.422269775 0.38090365625 0.4230622125 0.3795445609375 0.4236282421875 0.37761917968750003 0.425892359375 0.377958953125
0 0.44289507187500005 0.3369462640625 0.5468679203125 0.285853475 0.54563225625 0.28461723437500003 0.45409745 0.32815908125000004 0.4443003421875 0.32736435468749997 0.44006375468750003 0.3222427953125 0.4391811328125 0.32586321093750004 0.43415019218750006 0.32524508750000003 0.43220842656249997 0.3210065625 0.43282625937499997 0.32021182812500004 0.430090125 0.316414809375 0.4320319046875 0.29204324531250003 0.430354915625 0.2906304015625 0.42841315 0.316238203125 0.4200282421875 0.30078521875 0.41808647656250003 0.3015799453125 0.42700094999999993 0.316856325 0.409966359375 0.3091739828125 0.40873068124999995 0.31138155156249997 0.42700094999999993 0.318357478125 0.42814836093749997 0.32177065625 0.4255004953125 0.3412855703125 0.4176451671875 0.3402259359375 0.4130555359375 0.3379300625 0.4093485125 0.335899103125 0.40696543749999997 0.33607570625 0.40343495 0.3388130921875 0.40378800000000004 0.3404025421875 0.40608281562500004 0.339961028125 0.40943678125 0.3412855703125 0.41023113437500003 0.344022953125 0.40855415937500006 0.346318828125 0.4059945546875 0.3489679109375 0.4124376890625 0.34905621249999996 0.4182629984375 0.3450825875 0.4174686453125 0.341815384375 0.426471384375 0.3420802953125 0.427883571875 0.3402259359375 0.4288544609375 0.33413304843749997 0.43176711562500003 0.3391663015625 0.43282625937499997 0.3380183671875 0.42947229374999996 0.33263189843749996 0.43741589062499997 0.33634061718749997 0.4371511 0.3378417609375 0.386233225 0.36096398281250003 0.38613737812500004 0.3631721875 0.43803554375 0.3380058984375 0.4406885171875 0.335710028125 0.4410415671875 0.3278510796875 0.44342464374999996 0.32838089843749996 0.4450133625 0.33147149531250003 0.445895984375 0.33147149531250003 0.444836840625 0.32873410625 0.451633025 0.3295288328125 0.44201245 0.3352685125 0.44289507187500005 0.3369462640625
0 0.399911721875 0.3411943859375 0.40034758750000005 0.34391634843749996 0.40326024218749995 0.3442695609375 0.40281893125 0.34179708125 0.399911721875 0.3411943859375
0 0.5252853749999999 0.286059746875 0.5265600484374999 0.28974066718749997 0.5296249328125 0.2904802296875 0.533727790625 0.288980421875 0.5346746 0.2871648640625 0.5351480109375 0.28353374531250003 0.5321514374999999 0.280734175 0.5282836171875 0.2814813765625 0.5259165859375 0.2830601234375 0.5252853749999999 0.286059746875
0 0.48220540781250004 0.33790023125 0.48528255 0.3368740453125 0.48528255 0.3356899859375 0.47980192343750006 0.3329387625 0.47928606875 0.33584785781250004 0.48220540781250004 0.33790023125
0 0.5625 0.296875 0.01953125 0.01328125
0 0.44656558593750006 0.3773350453125 0.450916665625 0.37390364531250003 0.44984629218750005 0.37337555 0.44693010624999996 0.3754073953125 0.44370147656250003 0.37743924375 0.4448471203125 0.3779602296875 0.44656558593750006 0.3773350453125
0 0.44696060156249995 0.37988343593749996 0.44174348906249994 0.3834036453125 0.4418052078125 0.3844160171875 0.4432633 0.38488490625 0.44487761406250004 0.385197496875 0.44555458750000004 0.384155525 0.44675230312499997 0.3843639203125 0.44737720156250005 0.38530169375 0.4495643359375 0.3849370046875 0.4492518890625 0.38243626875 0.45091827812499996 0.3808212109375 0.44899151562500006 0.37988343593749996 0.44696060156249995 0.37988343593749996
0 0.49695779218749997 0.364417896875 0.49695779218749997 0.36849518125 0.49876908281250004 0.36974101875 0.4995615296875 0.37155314375000004 0.4995615296875 0.3754039109375 0.5004812015625 0.37720788125000004 0.5020520546875 0.37279898437500003 0.5068066953125 0.3705338265625 0.50782555 0.3674758609375 0.50578785 0.3643046375 0.5037501421874999 0.3632853171875 0.5029577046875 0.36158645 0.5037501421874999 0.35988758125000003 0.5020520546875 0.35954780468749997 0.5008067921875 0.3612466734375 0.5013728203125 0.36396486562499997 0.5002407625 0.3646444109375 0.49695779218749997 0.364417896875
0 0.4697773609375 0.375192428125 0.46592383281250005 0.3776410625 0.4636325484375 0.3775889640625 0.4612254578125 0.376796471875 0.459425346875 0.3775039828125 0.4574966546875 0.3794335625 0.4548361140625 0.383266265625 0.45348074531250004 0.3880479203125 0.45305273437500004 0.39125948125 0.4539800921875 0.39332915 0.4570475046875 0.3957556640625 0.46468037031250004 0.3989672234375 0.46781911875000004 0.3999663765625 0.47095786874999995 0.3981821765625 0.4830135109375 0.3978253359375 0.48786430625 0.39903859062499997 0.491573734375 0.40110826250000003 0.49442714062500004 0.40146510312499994 0.5017033328125 0.4053903421875 0.49514049218749995 0.409030109375 0.4930717765625 0.409164984375 0.48807831406249996 0.41473168749999995 0.48722228906250004 0.41765777656249997 0.48765029843749996 0.42129754999999997 0.4930004375 0.4277920328125 0.45176869999999997 0.42193985781250004 0.4503419953125 0.42293900781250005 0.451126684375 0.42379542968750006 0.462968325 0.42607920000000005 0.4635365 0.428972434375 0.46746494531250005 0.4278756171875 0.46974892187500006 0.429338040625 0.47322056406249996 0.43107465625 0.4945072375 0.43418229531249997 0.49432451562499996 0.4381125453125 0.49468995312499997 0.44058037343749995 0.49624306249999994 0.44304820781250004 0.49825295937499997 0.4447848234375 0.5012678125 0.445698834375 0.50309499375 0.44496762968750003 0.5153371156250001 0.43491350625 0.5157939109375 0.43399949531250004 0.5288582640625 0.43582751875000003 0.5305940828125 0.437564140625 0.533608934375 0.437107134375 0.5365324234375 0.4381125453125 0.5389991171874999 0.43975776250000004 0.5435670703125 0.4396663625 0.5452115375 0.43802114531249997 0.569969859375 0.441859990625 0.572232128125 0.441957140625 0.5888960109375 0.463491246875 0.592194090625 0.46262293593750003 0.5960128953125 0.459323353125 0.598095878125 0.46974307968750006 0.5998317015625 0.47009039843749995 0.5979223124999999 0.4603653234375 0.61406544375 0.4720006921875 0.61545410625 0.47130604062500003 0.597575125 0.457760390625 0.6086844078125 0.4473406640625 0.6215294874999999 0.4648805359375 0.6225709921875 0.464012225 0.61111455 0.44959827656250007 0.62968785 0.4581077234375 0.6300350359375 0.4570657390625 0.613023965625 0.448729965625 0.631423671875 0.45133489843749997 0.662335796875 0.45541603437499995 0.662335796875 0.45338998437500005 0.5437721578125 0.43613831718749996 0.5403713640625 0.4317790453125 0.5411152859375 0.43060948593750004 0.5432407828125 0.4300778671875 0.5475980593750001 0.42667550312499997 0.5492984640625 0.42678182812500004 0.55014865 0.4296525703125 0.5515302265625001 0.43060948593750004 0.552805521875 0.4322043421875 0.5551435812500001 0.429333596875 0.5543996453125 0.4166810734375 0.5550373 0.41593680624999996 0.5537620046875 0.41381033125 0.552380428125 0.401689421875 0.5512113984375 0.40094515625 0.552592975 0.400094565625 0.5508925859375 0.387548365625 0.5518490546875 0.3865914515625 0.5499361031250001 0.384358653125 0.55269925625 0.3807436453125 0.55323063125 0.379574084375 0.5499361031250001 0.3773412859375 0.5489796359375 0.3773412859375 0.549617275 0.3741515734375 0.5449411875 0.368516415625 0.5410090203125 0.37138715625 0.544197265625 0.374895840625 0.5424968625 0.378510846875 0.5433470640625 0.3798930546875 0.54430353125 0.3767033421875 0.5460039359375 0.3773412859375 0.54483490625 0.37882981718750003 0.5457913890625 0.38042467343749997 0.5465353109375 0.3814879109375 0.54207176875 0.3844649765625 0.5412215671875 0.38393335781250004 0.5252803359375 0.3940341140625 0.48638373437500004 0.3775539328125 0.48489588437500003 0.377447609375 0.480036075 0.3754529203125 0.4848269453125 0.35081026406250004 0.48670163593750004 0.34966409375 0.48722238281249997 0.348570025 0.48654541093750003 0.3477364453125 0.485555990625 0.34763224843749996 0.4842541234375 0.34752805000000003 0.48253566093750005 0.3472675578125 0.4824835828125 0.3487263203125 0.4833688546875 0.3500808828125 0.4826918828125 0.3537277875 0.4779530875 0.3756092140625 0.4697773609375 0.375192428125
0 0.470224528125 0.413444221875 0.4695996328125 0.41370471562500005 0.46918303437500003 0.409641021875 0.46772495000000003 0.4099536140625 0.4678290984375 0.4145382921875 0.46668345625 0.41464249375 0.46678760468749997 0.4110997828125 0.46532951093749997 0.41115188125 0.46538158906250005 0.4146945875 0.46246540312500006 0.41521557500000006 0.4622050296875 0.4117249671875 0.46064278906249995 0.4117249671875 0.4611114578125 0.4159970546875 0.4601741203125 0.41589285781249996 0.46001789375 0.412506446875 0.45866395000000004 0.4126627421875 0.45866395000000004 0.41688273125 0.457830759375 0.41641384375 0.45762245625000003 0.413027434375 0.45616436250000003 0.413444221875 0.45647681406249996 0.41698693281250004 0.45449797500000005 0.41745581718749997 0.43221001093750006 0.416465946875 0.4323662328125 0.4157365609375 0.44038573437500006 0.4142257015625 0.44075025625 0.41641384375 0.4424166484375 0.416205453125 0.441843828125 0.41349632031250005 0.44298946875 0.41307953125 0.4434581421875 0.4161012515625 0.44434341093749996 0.41552816718749996 0.44397888906249994 0.4129753328125 0.4451766046875 0.41276694062499997 0.44512453125 0.41526767500000006 0.4460618765625 0.41521557500000006 0.446634696875 0.4118812625 0.44762411718750006 0.4122980515625 0.4477803390625 0.4147466875 0.448978059375 0.41505927812500004 0.4493946578125 0.4116207703125 0.4498633265625 0.411412375 0.45048822499999996 0.4147466875 0.452050465625 0.41448619531249997 0.45199839218750004 0.41078719062499996 0.45361270625000005 0.41063089531249997 0.454185528125 0.4088595421875 0.45116519374999997 0.40896373906249994 0.45158179374999996 0.405056340625 0.44975917968749995 0.40500424218750003 0.44965503125 0.410109909375 0.4484052375 0.409641021875 0.4486135375 0.405681525 0.44757204375 0.405733625 0.44736374375 0.41021410625000004 0.44621809843750004 0.409849415625 0.4462701765625 0.4059941171875 0.44460378437500003 0.405681525 0.44476000937500004 0.4088074421875 0.44340606875 0.40854695 0.44340606875 0.4058899203125 0.44200005000000003 0.4066714 0.44236457500000004 0.410109909375 0.44168760156250003 0.41078719062499996 0.44147930312500006 0.4074007796875 0.44002121406250005 0.407609175 0.4401253625 0.4116728671875 0.4326786796875 0.41354842031250005 0.4325224578125 0.409380528125 0.4306477703125 0.409380528125 0.43069984375 0.4141215046875 0.42991872343750004 0.41386101093749994 0.42945004999999997 0.4102662046875 0.42830440937500003 0.4102662046875 0.42866892968750003 0.41448619531249997 0.4279919578125 0.4144340953125 0.42767951093749995 0.4103183046875 0.42637764375 0.41099558593749996 0.426690090625 0.4149029875 0.42533614999999997 0.41500718125 0.42512785 0.411516571875 0.4237218359375 0.41177706562500005 0.4237218359375 0.41584075781249996 0.422888640625 0.41521557500000006 0.4230448625 0.4118812625 0.4183060671875 0.412454346875 0.41788947031249996 0.41505927812500004 0.41882681406250005 0.416257546875 0.41538988593750004 0.4159449609375 0.415546109375 0.4171953234375 0.421638846875 0.41745581718749997 0.4220033703125 0.4209464265625 0.4234093875 0.420321240625 0.42330523593749997 0.41735162031249995 0.42497162812499994 0.41750791875 0.4245550296875 0.4209464265625 0.42538822343750005 0.4206859328125 0.42601312187499996 0.41750791875 0.42663801718750005 0.41761211249999997 0.42663801718750005 0.42016494531250004 0.4282002578125 0.42021704375 0.4282002578125 0.4167264390625 0.42913760312499993 0.41714322499999995 0.42892930468749996 0.42026914218750006 0.429814571875 0.4201128515625 0.42986665 0.41724742656249997 0.4315851125 0.4177163109375 0.4316892640625 0.4199044515625 0.43262660625000005 0.419435565625 0.43278283125000006 0.4171953234375 0.4540293015625 0.41865408593750003 0.45428967499999995 0.4193313703125 0.45647681406249996 0.41917507187499997 0.457101709375 0.4228219765625 0.4585077234375 0.422769878125 0.45819528125 0.41860198593750003 0.458872253125 0.41839359218750005 0.4590805484375 0.422300990625 0.46048656406250005 0.42188420000000004 0.460538640625 0.41834149218750005 0.46100731093749997 0.417976803125 0.4615801359375 0.4224051859375 0.46298615 0.42204049687499995 0.462934071875 0.41740371718749997 0.466006484375 0.41745581718749997 0.466058553125 0.4209464265625 0.46767287187499995 0.4206859328125 0.46762079375 0.416465946875 0.468714365625 0.41667433750000005 0.46876644375 0.420321240625 0.4700162328125 0.4198523578125 0.4701724578125 0.416049153125 0.47074527499999996 0.4161012515625 0.47079735312500004 0.4199565515625 0.4719429953125 0.4195397625 0.4722554453125 0.41568446718749996 0.4730365671875 0.4157886609375 0.4731927921875 0.4194876625 0.47444258125000005 0.419070878125 0.47462239375 0.4148567703125 0.482097559375 0.413027434375 0.482410009375 0.41203755937500003 0.48126436874999995 0.4108913875 0.479077225 0.41120398125 0.474390503125 0.41271484062499997 0.4739739125 0.4090158375 0.4726720453125 0.40896373906249994 0.47246374218750004 0.4131316296875 0.47131809999999996 0.4129753328125 0.47137017812500004 0.4091721328125 0.4700162328125 0.409380528125 0.470224528125 0.413444221875
0 0.5319487609375 0.23330237187499997 0.5355117640625 0.23385077812500002 0.55086009375 0.22349960468750002 0.5502434187499999 0.2214430796875 0.532359875 0.23213700781250002 0.5319487609375 0.23330237187499997
0 0.569565871875 0.2601057484375 0.5684010390625 0.26175096875000003 0.571415890625 0.262299378125 0.572238121875 0.25962589375 0.5738140671874999 0.25859763125 0.5725807171875 0.256266903125 0.5718955234374999 0.24296803906250003 0.5729233140625001 0.2423510828125 0.571964046875 0.2409115140625 0.5716214515625 0.23618150781249997 0.5686751171875 0.23556455 0.568332521875 0.23330237187499997 0.569565871875 0.23165715156250002 0.5692917875 0.23001193281250001 0.5668936171875 0.230286134375 0.5510656484374999 0.23816948125 0.5488045140625 0.237552525 0.5483248749999999 0.239060640625 0.54901006875 0.2398147015625 0.545652625 0.242008328125 0.546817453125 0.2444076078125 0.548667471875 0.243653546875 0.5496952609375 0.24187122656249999 0.5562294390625 0.255379659375 0.5539434640625001 0.2580492234375 0.55531385 0.26065415625 0.5586027734375001 0.25558139375 0.5501749 0.2407744109375 0.5509286125 0.23933484531250002 0.5629880125 0.24125426874999997 0.560726878125 0.2448189171875 0.5618231859375 0.2470810890625 0.563262090625 0.24618993437499997 0.56415284375 0.2419397765625 0.5707306984375 0.257158065625 0.569565871875 0.2601057484375
0 0.6064865296875 0.31727040156249997 0.60349223125 0.308022896875 0.600888496875 0.3067204296875 0.5998469984375 0.3054179640625 0.5986753265625 0.306069196875 0.5989356953125 0.3075019078125 0.5969828953125 0.308413634375 0.6003677374999999 0.3196148390625 0.6006184859375 0.3192057296875 0.6053148375 0.31740065156249997 0.6064865296875 0.31727040156249997
0 0.627186209375 0.31909385625 0.6267956453125 0.32195928125 0.6291390109375 0.3220895359375 0.6295295750000001 0.31922410156250003 0.6280975125 0.31740065156249997 0.624582475 0.3157074421875 0.6230202390625 0.3185728671875 0.6240617359375 0.3207870703125 0.625195309375 0.32001953125 0.6258843421875 0.3187031171875 0.627186209375 0.31909385625
0 0.6073978328125 0.288616153125 0.609871371875 0.2918723171875 0.61403734375 0.29447725 0.6170316421875001 0.2964309484375 0.6188542671875 0.29994760625 0.61742220625 0.2996871125 0.6142977328125 0.298645140625 0.6119543671875001 0.2974729203125 0.6076582015625 0.293695771875 0.608829875 0.291221084375 0.606356334375 0.28887664687500003 0.604403534375 0.29148157812500003 0.60362240625 0.29056985156250004 0.5980243921875 0.29812415312499996 0.599456434375 0.2987753859375 0.6031016671875 0.29265379999999996 0.608178940625 0.2972124296875 0.6075280078125 0.29812415312499996 0.6118241734375001 0.30242229374999996 0.6116939984374999 0.3043759921875 0.6145581015625 0.30711116875 0.61403734375 0.30320377187499997 0.6178127703125 0.306069196875 0.61234493125 0.31388399218749996 0.6142977328125 0.31375374218749996 0.6187240734375 0.308022896875 0.61599014375 0.31557719687499997 0.6169014671874999 0.31740065156249997 0.6171618359375 0.316358675 0.621848546875 0.30567845781249997 0.62275986875 0.303334015625 0.62289004375 0.30046859531250003 0.6196353765625 0.298514896875 0.6210674375 0.29656119687500004 0.6197655703125 0.29512848125 0.618593878125 0.2966914421875 0.618203334375 0.29421675468749997 0.6169014671874999 0.293956265625 0.606356334375 0.28496925 0.6049242734375 0.28575072968750004 0.6073978328125 0.288616153125
0 0.657303371875 0.360268034375 0.6561317 0.3576631015625 0.6524864671875 0.3575328515625 0.64806010625 0.3551884140625 0.6467582390625 0.35792359687499997 0.64806010625 0.3610495109375 0.6444148843749999 0.363133459375 0.6457167625 0.3661291296875 0.6496223624999999 0.364435925 0.647148803125 0.36743159531249997 0.6481903015625 0.36886430625 0.6497525375000001 0.36899455625 0.6510544046875 0.3661291296875 0.657563740625 0.3671711015625 0.6595165421875 0.36482666406250003 0.657303371875 0.360268034375
0 0.5880124390625 0.40480356874999995 0.58879355625 0.4027196203125 0.5898350453125001 0.4015474046875 0.591397290625 0.4041523359375 0.6002499828125 0.4074085 0.599859428125 0.4101436875 0.60155185 0.4115763875 0.602332978125 0.408450471875 0.6042857781250001 0.40858071718750005 0.6046763328125 0.410664665625 0.6057178296875 0.413009103125 0.6062385781249999 0.41040417187499995 0.608061184375 0.410664665625 0.60767063125 0.4126183640625 0.6093630515624999 0.4139208296875 0.6100139859375 0.4111856484375 0.6126177203125 0.4120973859375 0.6145705203125 0.4107949203125 0.6133988484375 0.4096226890625 0.610274365625 0.407929484375 0.610274365625 0.40714800625 0.6081913796875 0.405845540625 0.6075404453125001 0.408450471875 0.6066291328125 0.40727825156249997 0.6064989484375001 0.40454307500000003 0.6045461484375 0.403501103125 0.6038952140625 0.40610603593750005 0.6029839109374999 0.40480356874999995 0.603374465625 0.403501103125 0.5997292437499999 0.40193814375 0.5994688640625 0.40467332031250003 0.592048225 0.40141715468749994 0.5953028921875 0.39855172968749997 0.5943915796875 0.395946796875 0.6036348453125 0.3805777 0.60272353125 0.37810301874999996 0.5993386796875 0.3831826328125 0.5969953140625 0.3808381953125 0.5976462484375 0.379275234375 0.598948115625 0.372111671875 0.605066896875 0.3649481109375 0.6049367125 0.368074028125 0.6064989484375001 0.368074028125 0.6063687640625 0.3652086046875 0.6091026828125 0.36572959531250004 0.6091026828125 0.3688555078125 0.6101441796875 0.3710697015625 0.61118566875 0.3670320609375 0.6143101515625 0.3684647703125 0.6143101515625 0.37119994843750004 0.6154818343749999 0.3719814265625 0.6158723875 0.36820427499999997 0.6178251890625 0.3687252609375 0.617434634375 0.3725024140625 0.6186063171875 0.3734141390625 0.61925725 0.3702882265625 0.621860984375 0.370939459375 0.621730790625 0.37315364687499997 0.6227722890625 0.374065371875 0.6239439703125 0.370939459375 0.6331872265625 0.37510734375 0.6351400265625 0.3749770984375 0.6356607750000001 0.379144990625 0.633838159375 0.38070795 0.633707975 0.3848758375 0.63487965625 0.386438796875 0.636572078125 0.3833128828125 0.6363117093749999 0.3870900296875 0.6377437609375 0.3873505234375 0.63891544375 0.383964115625 0.639045628125 0.38682953593749997 0.6409984296875 0.386308553125 0.6398267468750001 0.38279189375 0.6439927265625001 0.381619671875 0.6441229125000001 0.3834431265625 0.6458153328125 0.3833128828125 0.6459455281250001 0.3801869625 0.6475077640625 0.38201041562500004 0.6477681343749999 0.3843548546875 0.6499813140625 0.383964115625 0.6489398171875 0.3812289328125 0.6510228125 0.38227090625 0.651934115625 0.38604805937500003 0.6314947937500001 0.413009103125 0.6300627421875 0.411446153125 0.6219911703125 0.41196713125000006 0.6209496718749999 0.38591781406250003 0.6193874359375 0.3846153484375 0.6178251890625 0.410664665625 0.611315853125 0.4025893765625 0.6088423125 0.40102641562499997 0.6093630515624999 0.403501103125 0.615742203125 0.4120973859375 0.6133988484375 0.4122276203125 0.610534734375 0.41235787031250004 0.6098838015625 0.4145720625 0.6107951140625001 0.4188702 0.6118366015625 0.42095414218749994 0.622642103125 0.41939118750000004 0.6227722890625 0.4208238984375 0.6247250890625 0.420563409375 0.6245949046875 0.41900044375 0.6264175203125 0.41900044375 0.6264175203125 0.4208238984375 0.6283703203125001 0.42121464218750004 0.628891059375 0.41913068906250006 0.6300627421875 0.41913068906250006 0.6331872265625 0.4195214328125 0.6600056875 0.37627956406249996 0.6587038203125 0.3748468546875 0.6551887828125 0.3810986890625 0.653886915625 0.3805777 0.653886915625 0.37875425156250003 0.651934115625 0.37771227500000004 0.651934115625 0.3795357296875 0.6501114984374999 0.378884496875 0.6501114984374999 0.37719129218749997 0.64933038125 0.375888825 0.6485492625 0.379014740625 0.6458153328125 0.37797276874999997 0.6469870156249999 0.3757585765625 0.6472473953125 0.37510734375 0.6454247796875 0.3708092078125 0.6421701109375 0.370678959375 0.6395663765624999 0.3725024140625 0.638134325 0.37276290625 0.6380041296875001 0.370939459375 0.6367022625 0.3710697015625 0.6367022625 0.373544390625 0.6335777890625 0.3723721671875 0.62355340625 0.36820427499999997 0.623423221875 0.366380828125 0.621860984375 0.36559934374999997 0.6221213546875 0.3674227953125 0.62003836875 0.3667715625 0.6208194875 0.36481786562499996 0.6178251890625 0.36481786562499996 0.61808556875 0.36572959531250004 0.615742203125 0.3649481109375 0.6160025828125 0.36299441093749996 0.61404978125 0.3627339203125 0.6144403359374999 0.3649481109375 0.611315853125 0.3636456453125 0.611315853125 0.3615617015625 0.6100139859375 0.36051973125000003 0.609493246875 0.36299441093749996 0.6067593171875 0.361952440625 0.6072800671875 0.359738246875 0.6055876453125 0.3592172609375 0.6049367125 0.36143145312499997 0.6028537171874999 0.359738246875 0.6010311109375001 0.362343178125 0.6019424140625 0.36390613906249997 0.5977764421875 0.36937649375000003 0.5960840109375 0.368595015625 0.5943915796875 0.36924625 0.5864501921875 0.3545283828125 0.5847577703125 0.355961096875 0.5917878453125 0.37119994843750004 0.5940010250000001 0.37133019218749996 0.5949123281250001 0.373283890625 0.59230859375 0.3725024140625 0.58879355625 0.374065371875 0.5881426234375 0.3728931578125 0.5867105718750001 0.3752375921875 0.585148325 0.3747166046875 0.5773371218750001 0.376540059375 0.572129653125 0.3773215359375 0.5697862984375 0.37627956406249996 0.566792 0.3800567171875 0.566531625 0.38227090625 0.5648392 0.3818801671875 0.563667515625 0.3834431265625 0.5624958390625 0.386308553125 0.5604128484374999 0.386308553125 0.5583298640625001 0.38943446875 0.5615559859375 0.39228515625 0.5632769578125 0.39229989375 0.563927890625 0.3882622515625 0.5671825640625 0.386569046875 0.5833257093750001 0.39998444375000003 0.58488795625 0.40206838749999996 0.5824144062500001 0.402980125 0.5821540359374999 0.405324553125 0.5839766421875 0.40766899062500006 0.5834559031250001 0.41040417187499995 0.5861898234375 0.40818998906250004 0.5880124390625 0.40480356874999995
0 0.608593746875 0.39130859375 0.6091026828125 0.39464433125 0.615742203125 0.396207290625 0.6158723875 0.3939930984375 0.608593746875 0.39130859375
0 0.7352985015625 0.3876215390625 0.7352985015625 0.38254191875 0.7313929 0.38123945312499996 0.7251302046875 0.3851236984375 0.72618543125 0.392961646875 0.7352985015625 0.3876215390625
0 0.73295515625 0.39621781093749997 0.7325645921875 0.392049925 0.7308721609375 0.38996598125 0.7311325296875 0.39608756562499997 0.733105465625 0.39912109375 0.73295515625 0.39621781093749997
0 0.78685245 0.34672410781249996 0.7881543171875001 0.3455518921875 0.7865920796875 0.3438586828125 0.7875033828125 0.342556215625 0.7858109515625 0.341384 0.7859411453125 0.3360438890625 0.7872430125000001 0.33395994375 0.7858109515625 0.331615503125 0.78685245 0.3300525453125 0.7851600171875 0.3274476140625 0.78698264375 0.326926628125 0.7856807765625 0.32419145 0.784509084375 0.3208050375 0.7233213265625 0.3296618078125 0.723711890625 0.3310945171875 0.7320438328125001 0.3303130390625 0.7352985015625 0.37928575468750003 0.735819259375 0.3839746296875 0.738162625 0.3838443859375 0.7389437328125 0.38123945312499996 0.7379022359375 0.378374028125 0.739334296875 0.3768110734375 0.7369909328124999 0.37329441406249997 0.7397248609375 0.37147095937499996 0.737381496875 0.3682147953125 0.7389437328125 0.3673030671875 0.7363399984375001 0.364567890625 0.7392041015624999 0.36313518125 0.7360796296875 0.361962959375 0.7349079578125 0.34919879531250003 0.7377720609375 0.3478963296875 0.735819259375 0.34477040937500003 0.7369909328124999 0.3421654765625 0.7346475671875 0.340211778125 0.7367305625 0.33877906874999997 0.7346475671875 0.337085865625 0.7347777625 0.3356531484375 0.73647019375 0.33448093437500004 0.7352985015625 0.3320062453125 0.735689065625 0.33096427031250003 0.7371211265625 0.332657478125 0.7382928 0.3308340265625 0.7363399984375001 0.3292710703125 0.7375116921875 0.32914081875 0.7832072171875 0.3236704640625 0.7841185203125 0.35102224375 0.7819053499999999 0.3523247109375 0.781775175 0.3537574265625 0.7856807765625 0.3531061921875 0.784769453125 0.35896728906250003 0.7855505828125 0.361441971875 0.78698264375 0.367824065625 0.78359778125 0.3648283859375 0.7833374109375 0.368996278125 0.78359778125 0.37433639531249996 0.7848996484375 0.3736851625 0.7854203875 0.36847529843750004 0.787633578125 0.3687357828125 0.7873731875 0.3554506296875 0.79049768125 0.35349693125 0.7912787890625 0.35024076718749997 0.7878939468749999 0.3516734765625 0.7863317109375 0.35115249375 0.7863317109375 0.3499802734375 0.7877637515625 0.34880805625 0.78685245 0.34672410781249996
0 0.7222798390625 0.3537574265625 0.7198062890625 0.3493290390625 0.721889275 0.35206422187499997 0.723711890625 0.3503710125 0.7229307734375 0.3481568234375 0.7247533890625 0.3489383015625 0.7257948875 0.3478963296875 0.72358170625 0.3456821359375 0.7244930093749999 0.34477040937500003 0.725143953125 0.3459426296875 0.7268363640625 0.3452913984375 0.7264458203124999 0.3428167109375 0.732304221875 0.33487166875 0.73503813125 0.336174134375 0.735819259375 0.3343506828125 0.7345173921875 0.332657478125 0.73503813125 0.3314852578125 0.7372513015625 0.334090190625 0.73842299375 0.3325272359375 0.7367305625 0.330443284375 0.7386833640625 0.3264056421875 0.7403757953125 0.326926628125 0.7429795296874999 0.3264056421875 0.740115425 0.32471244062500004 0.7432398984375 0.32275873593750004 0.7415474671875 0.320674790625 0.73998523125 0.322888984375 0.7368607578125 0.319763065625 0.7360796296875 0.3214562703125 0.7386833640625 0.324061203125 0.737641865625 0.3248426828125 0.735819259375 0.3224982421875 0.7343871984375 0.32275873593750004 0.7368607578125 0.3265358875 0.7362098234375 0.327838353125 0.7330853312500001 0.325754409375 0.7320438328125001 0.32679638125 0.7334758953125 0.3300525453125 0.732434396875 0.330443284375 0.7311325296875 0.327838353125 0.7302212265625 0.328359340625 0.73295515625 0.331876003125 0.7320438328125001 0.332657478125 0.7289193593750001 0.3296618078125 0.7276174921874999 0.3297920515625 0.730351421875 0.33369945 0.724362825 0.3420352328125 0.7213685265625001 0.3390395625 0.7204572234375 0.3404722734375 0.7233213265625 0.3433376984375 0.7224100234375 0.3441191765625 0.7198062890625 0.34099326093750004 0.7183742375 0.342686465625 0.720066659375 0.3452913984375 0.7195459109375 0.3456821359375 0.7177233046875 0.3433376984375 0.71668180625 0.3441191765625 0.718504421875 0.3478963296875 0.7145988203125 0.346203125 0.717462925 0.3514129890625 0.716811990625 0.351933971875 0.715640309375 0.3499802734375 0.7109535890625 0.347505590625 0.7052253703125 0.345030903125 0.7006688359375 0.3438586828125 0.7035329499999999 0.34125375 0.7103026546875 0.3442494265625 0.711344153125 0.3417747390625 0.7170723703124999 0.340342028125 0.717462925 0.3351321671875 0.71420825625 0.3297920515625 0.711604521875 0.325754409375 0.7073083671875 0.331876003125 0.7048348171875001 0.33330871093750003 0.7024914515625 0.331876003125 0.70131976875 0.3334389578125 0.7031423859375 0.3346111765625 0.7031423859375 0.3357834 0.7015801484375 0.334090190625 0.700017903125 0.3351321671875 0.7023612671875 0.3389093125 0.7014499640625 0.3394303015625 0.699236784375 0.33695561406249996 0.697674546875 0.337867340625 0.7004084671874999 0.3408630125 0.6987160359375 0.3421654765625 0.696763234375 0.3389093125 0.6961123 0.3398210390625 0.6979349171875 0.3433376984375 0.6961123 0.3443796703125 0.6873897953125 0.3441191765625 0.6856973640625 0.3415142453125 0.6881709140625001 0.339951284375 0.6866086765625 0.3379975875 0.68101064375 0.3390395625 0.6807502734375 0.341384 0.6836143781249999 0.342556215625 0.6849162453125001 0.34477040937500003 0.6778861609375 0.34633336875 0.671246640625 0.35297594375 0.66903346875 0.350892 0.6685127203125 0.34763583593749997 0.6662995515625 0.3443796703125 0.6630448828125 0.349719778125 0.660310953125 0.34880805625 0.6580977828125001 0.34841731249999996 0.6614826359375 0.3514129890625 0.65744685 0.3523247109375 0.660310953125 0.354278409375 0.65718648125 0.3549296421875 0.659269465625 0.3564926015625 0.663826 0.3541481640625 0.663826 0.361962959375 0.660310953125 0.372773425 0.6621335703125 0.3804579765625 0.6698145875 0.3890542484375 0.6746314921875001 0.3894449921875 0.685176625 0.395566578125 0.6890822265625001 0.409112225 0.6923368937500001 0.41106592343750004 0.6953311828125 0.4106751796875 0.7031423859375 0.3986924984375 0.7145988203125 0.39218016875 0.715770503125 0.3945246109375 0.710432840625 0.398171509375 0.7182440437500001 0.4105449359375 0.72605525625 0.40442334999999996 0.7173177046875 0.39033203125 0.72110815625 0.38749129375 0.7233213265625 0.3839746296875 0.7264458203124999 0.37928575468750003 0.7270967546875 0.3736851625 0.725534496875 0.376420328125 0.720847778125 0.38202093125 0.715770503125 0.385667840625 0.7214987109375001 0.379546259375 0.7239722609375 0.368605534375 0.71915535625 0.354408659375 0.7222798390625 0.3537574265625
0 0.6880222359375 0.45986685312500003 0.689875740625 0.4613680015625 0.6920822953125 0.4610147890625 0.7039094296874999 0.47205264218750004 0.70417421875 0.4921856671875 0.70691034375 0.4929803921875 0.7130004359375001 0.4864459859375 0.7158248234375 0.47593795468750005 0.7311824515625001 0.47593795468750005 0.7302115625 0.47346547812499995 0.7179431171874999 0.4731122703125 0.71679570625 0.45651134843749996 0.734536403125 0.45818909999999996 0.7337420484375 0.45536341093750005 0.7161778734375 0.45359735468749995 0.715206990625 0.44512029062499997 0.7132652187499999 0.439557215625 0.7110586640625 0.43637831718750003 0.708852109375 0.43408244375000005 0.7072633953125 0.43408244375000005 0.70623675625 0.43522687187500003 0.7063807734374999 0.4477693734375 0.6961423609375 0.453332446875 0.6963188828125 0.45598153124999996 0.705762934375 0.44988864062499995 0.7047920515625 0.46878543281249996 0.69322970625 0.4601317609375 0.6903170515625 0.45598153124999996 0.687933975 0.4569528625 0.68661004375 0.457482678125 0.6862569921875 0.46048497343749994 0.687227875 0.4615446046875 0.6880222359375 0.45986685312500003
0 0.737537325 0.4507749109375 0.7306528734375 0.4246372890625 0.7243862531249999 0.425873528125 0.7235036312500001 0.4256086234375 0.7310941843750001 0.45192284687499995 0.737537325 0.4507749109375
0 0.7485700984375 0.4732038125 0.7513944859375 0.4738219359375 0.7520123171875001 0.47700083437499996 0.7544836609375001 0.47532308125 0.7545719296875 0.47249739375 0.7522771078125 0.47152605937500003 0.75130621875 0.46746413281250004 0.7389495125 0.4513047265625 0.7385681484375 0.451778778125 0.7347129375 0.4554549578125 0.7485700984375 0.4732038125
0 0.8234236703125 0.4558125125 0.8220216656250001 0.46022086875 0.8278299828125 0.463426934375 0.8300331562500001 0.46182389375 0.8234236703125 0.4558125125
0 0.8602453656250001 0.5328895390625 0.8621505359375 0.5308564140625001 0.8659608796875 0.5304751999999999 0.8687551265625 0.52907744375 0.8673580125000001 0.524502921875 0.8613884609375001 0.524502921875 0.856689040625 0.516751659375 0.85389479375 0.5191659875 0.8513545640625001 0.51929305625 0.84944939375 0.51751408125 0.8554189265625001 0.5163704499999999 0.8504654796875 0.50734849375 0.8484332984374999 0.507729703125 0.85211663125 0.51408319375 0.841066640625 0.5163704499999999 0.8358591640625 0.509889890625 0.8338269828125 0.5102710984375001 0.8381453734375001 0.5201825453125 0.8447499640625 0.518403565625 0.8465281265625 0.5199284046875 0.840939621875 0.520055478125 0.841066640625 0.5236134328125 0.8457660593749999 0.5340331609375 0.8502114593749999 0.533651946875 0.8486873265625 0.5236134328125 0.8532597359375 0.5339060875 0.855926975 0.53111055 0.853640765625 0.52081789375 0.8602453656250001 0.5328895390625
0 0.856689040625 0.496547559375 0.8613884609375001 0.49934309062500004 0.8645637468749999 0.49362494999999995 0.8577051359375 0.4903211328125 0.8545298499999999 0.491337690625 0.853767784375 0.49235425 0.8489413453125 0.4900669921875 0.84813261875 0.49133003124999997 0.8564350218750001 0.5065860718749999 0.8547838703125 0.5081109109375 0.8557999640625 0.5100169578125 0.85884823125 0.5076026296875 0.8618965171875 0.5129395640625 0.869390184375 0.5083650515625 0.8674850125000001 0.5053153734375 0.8621505359375 0.5074755609375 0.8584672125000001 0.49934309062500004 0.85618099375 0.49921602187499997 0.8546568593750001 0.4970558328125 0.856689040625 0.496547559375
0 0.9096573953125 0.64160354375 0.9120875359375 0.6422981875 0.9185100890625 0.6369146640625 0.92684203125 0.6431664984375 0.9263212921875 0.6459450953125 0.9221553140625 0.65132861875 0.9207666515625 0.653412578125 0.92545338125 0.6560175109374999 0.9285778546874999 0.649244671875 0.9327438328125 0.6509812937499999 0.9438531140625 0.6388249453125 0.9386456453124999 0.632399453125 0.93361174375 0.6362200140625001 0.9133026203125001 0.6204167640625 0.9207115437500001 0.6190828015625 0.923315278125 0.6100523765625 0.9250511015624999 0.6006746328125 0.9200172265625 0.598938 0.91498335 0.5925125 0.8995345109375 0.58573968125 0.89710436875 0.5829610828125 0.8946742000000001 0.5831347499999999 0.8880780953125 0.5819191140625 0.88518228125 0.585337015625 0.8825234406250001 0.58348206875 0.8764480609374999 0.5980696890625 0.8837385375 0.6046688484375 0.8785310687500001 0.608142090625 0.879572546875 0.61283098125 0.885127175 0.61161533125 0.8823498750000001 0.61890915625 0.8840856968749999 0.6209930890625001 0.8903346437499999 0.6095313859375 0.8986979125 0.6139756953125 0.8965836171875001 0.6225560515625 0.892938378125 0.6234243609375001 0.887210184375 0.624639990625 0.8846064484375 0.6293288765625 0.8887724140625 0.6321074671875 0.8938062890625 0.6315864765625 0.9000552624999999 0.6282868921875 0.8991873515625001 0.6242926718749999 0.9014439265625 0.6180408453124999 0.9185100890625 0.6308364906249999 0.9096573953125 0.64160354375
0 0.8412108640625 0.603626878125 0.8471126640625 0.5916441890625 0.8747122375 0.6253346421875 0.8722820953125 0.63575436875 0.8783574765625 0.631065496875 0.8820027156249999 0.63349675625 0.8703726796875 0.6385329609375 0.871067025 0.640443240625 0.8759273343749999 0.6411378921875001 0.87714240625 0.6439164828124999 0.881829121875 0.6407905734375 0.8870365906250001 0.64252719375 0.8941534750000001 0.651036640625 0.9035269078124999 0.6538152312500001 0.8936327234375 0.642700853125 0.8939798828125 0.642006203125 0.9090815359375 0.6531205812499999 0.9141154390624999 0.6553781937500001 0.9148097578125001 0.6525995890625 0.9099494484375 0.6480843765625 0.912900340625 0.6482580359375001 0.910123040625 0.6444374749999999 0.9014439265625 0.64026958125 0.9094286953124999 0.640095921875 0.9057834828125 0.6352333781249999 0.897277934375 0.6399222625000001 0.8950213874999999 0.6376646499999999 0.8960628640625 0.6336704296875 0.8892931656249999 0.6340177484375 0.8840856968749999 0.628634225 0.8488484875 0.5895602421875 0.8497163984375 0.584003059375 0.8552710265625001 0.5853923562500001 0.856659690625 0.584003059375 0.8494357593749999 0.5803385421875 0.8493692265625 0.5735833328125 0.848327734375 0.5685471296875 0.8438145984375 0.563510928125 0.8356562359374999 0.559169375 0.82558845625 0.5603850078125 0.8165621843749999 0.5671578328125 0.811181121875 0.5801824921875001 0.809792471875 0.5918178546874999 0.81152829375 0.605884496875 0.8179508343749999 0.6126573093750001 0.8349619031250001 0.6103996953124999 0.8412108640625 0.603626878125
0 0.836524146875 0.620124778125 0.840169371875 0.6255083015625 0.8438145984375 0.6232507015625 0.84502966875 0.617519846875 0.8403429515624999 0.6140466046874999 0.836524146875 0.620124778125
0 0.890161078125 0.6531205812499999 0.8927648125 0.6491263468749999 0.8869791625 0.6437065984375 0.881829121875 0.6435691640625001 0.8780103171875 0.64634775625 0.878878228125 0.6531205812499999 0.8861686796875 0.6546835421874999 0.890161078125 0.6531205812499999
0 0.9277099421875 0.66035905625 0.9188572484374999 0.657580459375 0.9133026203125001 0.6568858203125 0.9129554484375 0.660185384375 0.9185100890625 0.6640059593750001 0.9249326296874999 0.6681738515625 0.9277099421875 0.66035905625
0 0.9308277890625 0.6604157234375 0.9280571156249999 0.666263559375 0.9282306953124999 0.6702577921875 0.9308344296875 0.6685211718749999 0.9311816015625001 0.664700609375 0.9379512999999999 0.666263559375 0.9403814687500001 0.6636586265625 0.9308277890625 0.6604157234375
0 0.8862237859375 0.56833725625 0.8888275203125 0.56260640625 0.8995896171875 0.5678162703125 0.8964651296874999 0.5719841578125 0.8973330421875 0.5768467015625001 0.9013254406250001 0.5728524687500001 0.9006311078125 0.56868458125 0.9041027546875 0.5705948625 0.8980273734375 0.5777150125 0.8980273734375 0.5806672625 0.9042763328125 0.5730261343749999 0.9013254406250001 0.5808409296875 0.9021933515624999 0.5827512109375 0.9041232593749999 0.581640625 0.907227240625 0.5719841578125 0.910178134375 0.5700738765625 0.9110460453125 0.565037671875 0.892993484375 0.5518393546875 0.890042590625 0.5520130140624999 0.8898690109375 0.5547916125000001 0.892993484375 0.5567018921875 0.89195199375 0.5584385140625 0.8888275203125 0.5589594984375 0.88518228125 0.56225908125 0.8830992999999999 0.566253309375 0.8862237859375 0.56833725625
0 0.8704277875 0.5511447031250001 0.8678715125 0.552114796875 0.864903253125 0.554980221875 0.8657885265624999 0.5582103375 0.8674549140625001 0.55888761875 0.869069228125 0.55940860625 0.8739121765625001 0.5644100734374999 0.8743808484375 0.5669629078125 0.878238990625 0.5671216203125 0.8803219859375 0.5653849984375 0.87702391875 0.5633010515625 0.8749409375000001 0.560001475 0.8825565734374999 0.5648789625 0.8843791875000001 0.5615446484375 0.8836501453125001 0.5593044109374999 0.880577734375 0.5595649046875 0.8809943328125 0.5580019453125 0.8810464109374999 0.5513333171875 0.8829257203124999 0.550102734375 0.8844879625000001 0.55062371875 0.8846916390624999 0.5466444390625 0.880317359375 0.5472175234375001 0.8766721328125 0.548259496875 0.8704277875 0.5511447031250001
0 0.856714796875 0.5608697859375 0.866956140625 0.5516656953125 0.861227934375 0.5473241421874999 0.8501186640625 0.5579175281250001 0.856714796875 0.5608697859375
