0 0.1109375 0.40234375 0.02734375 0.0265625
0 0.1734375 0.47265625 0.02265625 0.0390625
0 0.18203125 0.446875 0.0171875 0.01484375
0 0.159375 0.38828125 0.05546875 0.0578125
0 0.19453125 0.39609375 0.0109375 0.0265625
0 0.22734375 0.3359375 0.0765625 0.065625
0 0.19140625 0.5359375 0.0328125 0.04609375
0 0.3765625 0.46015625 0.02265625 0.0265625
0 0.5296875 0.3140625 0.025 0.01875
0 0.39921875 0.278125 0.0203125 0.01796875
0 0.5296875 0.34375 0.03046875 0.03046875
0 0.35703125 0.24921875 0.0140625 0.0171875
0 0.428125 0.246875 0.02734375 0.003125
0 0.46875 0.45703125 0.0375 0.0328125
0 0.62421875 0.4328125 0.0140625 0.02109375
0 0.696875 0.28515625 0.05859375 0.0734375
0 0.6421875 0.2671875 0.02890625 0.02734375
0 0.6109375 0.246875 0.01796875 0.02109375
0 0.553125 0.3046875 0.0125 0.00390625
0 0.58125 0.2953125 0.01171875 0.00859375
0 0.5703125 0.3265625 0.01796875 0.0125
0 0.63125 0.3375 0.01875 0.028125
0 0.74765625 0.3828125 0.0078125 0.01484375
0 0.753125 0.4046875 0.01796875 0.01640625
0 0.746875 0.4359375 0.00703125 0.0125
0 0.7421875 0.5109375 0.021875 0.02421875
0 0.78984375 0.4078125 0.0078125 0.00859375
0 0.8203125 0.403125 0.03125 0.02578125
0 0.8453125 0.3921875 0.009375 0.01015625
0 0.8171875 0.43359375 0.03359375 0.0265625
0 0.80078125 0.4703125 0.0515625 0.03984375
0 0.9046875 0.39375 0.01640625 0.01796875
0 0.8734375 0.41171875 0.01875 0.0203125
0 0.865625 0.4296875 0.01640625 0.01328125
0 0.878125 0.446875 0.01640625 0.01171875
0 0.8953125 0.46796875 0.009375 0.0234375
0 0.88671875 0.49140625 0.0296875 0.0234375
0 0.82265625 0.5140625 0.0078125 0.01171875
0 0.8296875 0.5421875 0.01953125 0.01953125
0 0.93203125 0.5953125 0.0109375 0.01328125
0 0.9265625 0.5515625 0.01796875 0.021875
0 0.903125 0.5234375 0.02578125 0.03671875
0 0.965625 0.5375 0.04765625 0.04375
0 0.9734375 0.659375 0.028125 0.01953125
0 0 0.6720703125 0.00015625 0.673440625 0.0003390625 0.6746296875 0.00106875 0.6747203125000001 0.0024390625 0.6753609375 0.002075 0.6769140625000001 0.000978125 0.6770968749999999 0.0000640625 0.6769140625000001 0.0003390625 0.6787421874999999 0.0008859374999999999 0.6793812499999999 0.00225625 0.6798390624999999 0.0038093750000000003 0.6802953125 0.00490625 0.68084375 0.0066421875000000005 0.6806609375 0.0070078125 0.681940625 0.0061859375000000005 0.6832203125 0.0056375 0.684409375 0.00445 0.6868765625 0.0038093750000000003 0.6883390625 0.0035359375 0.6901671875 0.0046328125 0.69035 0.006276562500000001 0.6875171875 0.007646875 0.6851406250000001 0.0085609375 0.682671875 0.009565625 0.6831296874999999 0.009109375 0.6845921875000001 0.0081953125 0.6861453125 0.0077390625 0.6879734375 0.007373437500000001 0.68989375 0.007373437500000001 0.6918124999999999 0.007921875 0.693 0.0085609375 0.6919953125 0.0089265625 0.687790625 0.0097484375 0.68376875 0.010296875 0.6805703125 0.010845312499999999 0.677828125 0.0105703125 0.6758171875000001 0.009475 0.6746296875 0.007098437500000001 0.67335 0.000365625 0.670025 0 0.6696015625 0 0.670790625 0 0.6720703125
0 0.022721875 0.655071875 0.020528125 0.655071875 0.01879375 0.6551640625 0.01733125 0.659825 0.01998125 0.664121875 0.0249140625 0.663115625 0.026101562499999998 0.661196875 0.026740625 0.658728125 0.026284375 0.657175 0.024640625 0.6552546875 0.022721875 0.655071875
0 0.056525000000000006 0.64940625 0.056981250000000004 0.6470296875 0.05597656250000001 0.6448359375 0.0540578125 0.6435562499999999 0.051134374999999996 0.64501875 0.047753125 0.647578125 0.044190625 0.6515078125 0.047081250000000005 0.6582609374999999 0.0490328125 0.6574484375 0.05040312500000001 0.656078125 0.051590625 0.65498125 0.053143750000000003 0.6536109375 0.054696875 0.6526046875 0.05597656250000001 0.650959375 0.056525000000000006 0.64940625
0 0 0.620265625 0.000990625 0.622103125 0.001603125 0.6236359375 0.0023171875000000002 0.625475 0.004359375 0.6256796875 0.0048703125 0.6256796875 0.0070140624999999995 0.6255765625 0.0080359375 0.627721875 0.009465625 0.6285390625 0.010996875 0.6292546875 0.0120171875 0.6295609375 0.0129359375 0.6295609375 0.01385625 0.6295609375 0.0151828125 0.6298671875 0.016 0.628334375 0.018246875000000003 0.6279265625 0.01936875 0.6269046875 0.020901562500000002 0.6286421875 0.021410937499999998 0.629765625 0.021921875 0.632421875 0.022840625 0.6343625 0.0242703125 0.6351796875 0.0254953125 0.6355875 0.0275375 0.636303125 0.0295796875 0.6368140624999999 0.030396875 0.6368140624999999 0.03295 0.6368140624999999 0.0330515625 0.6368140624999999 0.0349921875 0.6368140624999999 0.037029687500000005 0.6354171875 0.0377953125 0.6329640624999999 0.037521874999999996 0.6293984375 0.03359375 0.62958125 0.0311265625 0.6296734374999999 0.029939062500000002 0.6280281249999999 0.030578125 0.625103125 0.03094375 0.6230921875 0.029846875000000002 0.6218125 0.029390624999999997 0.62135625 0.028476562500000004 0.619528125 0.0315828125 0.619253125 0.0330453125 0.6191625000000001 0.033684375 0.6162375 0.0334109375 0.6144999999999999 0.03331875 0.6131296875000001 0.0311109375 0.6127015625000001 0.028865625 0.6123953125 0.0274359375 0.6119859375 0.026924999999999998 0.610965625 0.0265171875 0.60994375 0.0257 0.6084109375 0.026618750000000004 0.6074921875 0.027742187499999998 0.6088203125 0.028762500000000003 0.6105562499999999 0.028762500000000003 0.6100453124999999 0.029885937499999998 0.609228125 0.0312140625 0.6085140625000001 0.03264375 0.6068796875 0.031724999999999996 0.604325 0.03141875 0.6028953125000001 0.03264375 0.6009546875 0.0336640625 0.5997281250000001 0.0336640625 0.6018734375 0.0340734375 0.6044265625 0.0351953125 0.6049375 0.037034375 0.605040625 0.039382812499999996 0.6051421875 0.0403015625 0.604325 0.0418328125 0.6035078125 0.0418328125 0.6014640625000001 0.041628125 0.6005453125 0.041015625 0.5989109375 0.0409140625 0.5977875 0.041118749999999996 0.5912499999999999 0.0396890625 0.5899281249999999 0.038871875 0.5888046874999999 0.039484375 0.5871703125 0.040096875 0.585434375 0.0396890625 0.5835953125 0.0384640625 0.582165625 0.0380546875 0.579815625 0.038565625 0.5776703125 0.038565625 0.5769546875 0.037748437499999996 0.57583125 0.03693125 0.5733796875 0.0342765625 0.5733796875 0.033153125 0.5732781250000001 0.0309078125 0.5725625 0.0296828125 0.5699062500000001 0.0290703125 0.5678640625 0.025904687500000002 0.56571875 0.022534375000000002 0.564696875 0.019675 0.5649015625 0.018348437500000002 0.5628625 0.017224999999999997 0.5620453125 0.0161015625 0.5614312499999999 0.014978125 0.5613296875 0.013446875 0.5613296875 0.012221875 0.5616359375 0.011098437499999999 0.560103125 0.0098734375 0.558878125 0.00844375 0.558775 0.0069125 0.5596953124999999 0.00538125 0.560409375 0.0041546874999999995 0.5607171875 0.003440625 0.5612265625 0.0024203124999999997 0.5620453125 0.0008874999999999999 0.5628625 0 0.563371875 0 0.620265625
0 0.0000859375 0.48909843750000004 0.0046328125 0.49166718749999994 0.0077859374999999995 0.485209375 0 0.48 0.0000859375 0.48909843750000004
0 0.08660156249999999 0.49984687499999997 0.090165625 0.4980640625 0.089890625 0.49641875 0.0878359375 0.4969671875 0.08619062499999999 0.4979265625 0.0839984375 0.49641875 0.08153125 0.49655625 0.080846875 0.49683124999999995 0.0796125 0.49724218750000004 0.078790625 0.4982015625 0.078790625 0.4990234375 0.073034375 0.5001203125 0.071253125 0.49874999999999997 0.0589203125 0.48572499999999996 0.057275 0.4864109375 0.057001562500000005 0.48846718750000007 0.07043125 0.5023140625 0.06700468750000001 0.5024515625 0.06316875 0.5027265625 0.060975 0.504096875 0.060153124999999995 0.5056046875 0.05946875 0.5068390625 0.054945312499999996 0.508621875 0.055357812500000006 0.5099921875 0.057550000000000004 0.50971875 0.0587828125 0.5087578125000001 0.0598796875 0.5088953125 0.0605640625 0.5099921875 0.06234531250000001 0.510540625 0.06495 0.50958125 0.06686875 0.508621875 0.06536093750000001 0.5119125 0.065634375 0.5136937500000001 0.06770781249999999 0.513671875 0.069334375 0.5119125 0.0719390625 0.507525 0.075228125 0.506428125 0.07837968749999999 0.50533125 0.0820796875 0.504096875 0.0839984375 0.5031375 0.0859171875 0.502040625 0.08660156249999999 0.49984687499999997
0 0.138665625 0.47668906250000004 0.138528125 0.47614062500000004 0.1381171875 0.47504375000000004 0.138803125 0.4736734375 0.1401734375 0.4727125 0.14030937500000001 0.4713421875 0.138665625 0.47079375 0.13770625 0.472028125 0.136609375 0.47339843750000005 0.133184375 0.473809375 0.12468749999999999 0.48464062500000005 0.123590625 0.48354375000000005 0.1242765625 0.4817625 0.12386562500000001 0.4810765625 0.12276875000000001 0.48148749999999996 0.12276875000000001 0.48244687500000005 0.10600625 0.4679234375 0.105090625 0.46640625 0.101528125 0.46517187499999996 0.10289843750000001 0.4618828125 0.1028859375 0.4603625 0.10226874999999999 0.46018593750000003 0.1006796875 0.46424843750000006 0.10023750000000001 0.46522031249999996 0.097678125 0.46442500000000003 0.09935468750000001 0.4600984375 0.09865 0.45965625 0.0967078125 0.4635421875 0.0960890625 0.46433749999999996 0.0949421875 0.463984375 0.0937953125 0.46336562499999995 0.0941484375 0.4618640625 0.0945890625 0.460715625 0.09503125 0.45992187500000004 0.09511875 0.4587734375 0.0938828125 0.45895 0.09370625 0.45992187500000004 0.0930890625 0.461334375 0.0927359375 0.46204062500000004 0.0924703125 0.4625703125 0.09229375 0.4631 0.08576249999999999 0.46151093750000005 0.08735156250000001 0.4587734375 0.0876171875 0.45718437500000003 0.0866453125 0.456478125 0.085675 0.457890625 0.08505625 0.4591265625 0.08496875000000001 0.45956875 0.0847046875 0.46018593750000003 0.084528125 0.46062812500000005 0.0822328125 0.46027500000000005 0.08240937499999999 0.45939218750000005 0.0832921875 0.45806718750000003 0.084175 0.4567421875 0.084175 0.456125 0.08346875000000001 0.45577187500000005 0.0830265625 0.4559484375 0.0826734375 0.456565625 0.08196718750000001 0.4577140625 0.0815265625 0.458596875 0.08126093749999999 0.4604515625 0.0811734375 0.4603625 0.08055625 0.460009375 0.08037968749999999 0.460009375 0.078878125 0.45974531250000006 0.0786140625 0.45956875 0.07896718750000001 0.457271875 0.0796734375 0.4562125 0.080203125 0.4548 0.078878125 0.4542703125 0.07790781249999999 0.4570953125 0.0776421875 0.4587734375 0.07437656249999999 0.45815625000000004 0.075525 0.455859375 0.076671875 0.4539171875 0.0742890625 0.4548 0.07349531249999999 0.4577140625 0.0613140625 0.45453593750000004 0.060343749999999995 0.4548 0.060343749999999995 0.4563890625 0.0615796875 0.457271875 0.06334375 0.4577140625 0.06502187499999999 0.45797968750000007 0.0670515625 0.458596875 0.069346875 0.45895 0.07049375 0.45930312500000003 0.0727 0.45992187500000004 0.070846875 0.46424843750000006 0.071640625 0.46460156250000006 0.072259375 0.46407187499999997 0.0732296875 0.46212968749999994 0.073671875 0.46107031249999997 0.0742890625 0.46062812500000005 0.0756125 0.461334375 0.0749953125 0.46460156250000006 0.0749953125 0.46575 0.0760546875 0.46548437500000006 0.0775546875 0.46124687499999995 0.080290625 0.4622171875 0.0787015625 0.4666328125 0.079496875 0.46689687500000004 0.08037968749999999 0.46477812500000004 0.0814375 0.46239375000000005 0.084175 0.4631 0.08240937499999999 0.4671625 0.083203125 0.4672515625 0.085321875 0.4635421875 0.09176562499999999 0.46513125000000005 0.089734375 0.46928125 0.0905296875 0.46981093749999997 0.091059375 0.4699 0.093 0.465396875 0.0952078125 0.46610312499999995 0.0937953125 0.4703421875 0.0952078125 0.4707828125 0.09582500000000001 0.46875156249999994 0.0970609375 0.46654375000000003 0.09926718749999999 0.4670734375 0.0972375 0.4714890625 0.098384375 0.47219531249999996 0.100503125 0.46769218749999997 0.10306249999999999 0.4683984375 0.11533125 0.479171875 0.11941874999999999 0.482465625 0.11852031249999999 0.482546875 0.11718906250000001 0.485334375 0.1148875 0.48484999999999995 0.1167046875 0.4804875 0.11537187499999998 0.4796390625 0.1131921875 0.4846078125 0.1108921875 0.483759375 0.11295 0.47854843750000003 0.11149687500000001 0.47854843750000003 0.10992187499999999 0.483153125 0.0955109375 0.4796390625 0.09720625000000001 0.474671875 0.0966015625 0.474065625 0.0936953125 0.47976093750000004 0.0910296875 0.47830625 0.09333125 0.47358124999999995 0.0921203125 0.47321875 0.08981875 0.47830625 0.0876390625 0.47733749999999997 0.08945625 0.4726125 0.088971875 0.47224843749999995 0.08788125 0.472490625 0.0861859375 0.4769734375 0.082553125 0.4761265625 0.085096875 0.47176406249999997 0.0837640625 0.47079531250000006 0.0829171875 0.47285468750000004 0.081946875 0.474671875 0.081584375 0.4757625 0.0784359375 0.47479375 0.08049375 0.470553125 0.07964687499999999 0.47006875 0.0784359375 0.47285468750000004 0.0769828125 0.4744296875 0.07335 0.474309375 0.073228125 0.47564062500000004 0.07456093750000001 0.476246875 0.075771875 0.4766109375 0.0749234375 0.48060937499999995 0.0764984375 0.4802453125 0.0778296875 0.4769734375 0.08049375 0.47782187499999995 0.0792828125 0.4823046875 0.08000937500000001 0.4824265625 0.080978125 0.4818203125 0.08206875 0.47830625 0.0852171875 0.479034375 0.0838859375 0.4823046875 0.084975 0.4833953125 0.08679218749999999 0.480003125 0.0892140625 0.4803671875 0.088003125 0.4838796875 0.0887296875 0.4846078125 0.090425 0.48133593750000003 0.0927265625 0.48157812499999997 0.09139375 0.4850921875 0.092846875 0.4850921875 0.0936953125 0.4830328125 0.094784375 0.48145625000000003 0.1082265625 0.4854546875 0.10689531249999999 0.48909062499999995 0.10871093750000001 0.48921093750000005 0.1093171875 0.488 0.11004375 0.48630312499999995 0.112103125 0.486425 0.11065 0.48981718750000003 0.11270781249999999 0.4903015625 0.1137984375 0.48690937500000003 0.11585625 0.48787812500000005 0.115009375 0.49054374999999995 0.1162203125 0.49127031250000003 0.11730937500000001 0.48896875 0.117915625 0.4876359375 0.12009531250000001 0.4881203125 0.1187625 0.49127031250000003 0.1186421875 0.49429999999999996 0.1239953125 0.497678125 0.1287984375 0.49245625000000004 0.13194999999999998 0.4942375 0.1324984375 0.49231875 0.13112812499999998 0.49108437499999996 0.12920937500000002 0.48971406249999994 0.131265625 0.48847968750000004 0.1381171875 0.47888281250000003 0.13893906250000002 0.47778593750000004 0.138665625 0.47668906250000004
0 0.074475 0.44338125 0.0769046875 0.44077500000000003 0.0788140625 0.43869218749999994 0.0800296875 0.4353921875 0.08089687500000001 0.43348125 0.0838484375 0.4333078125 0.0857578125 0.434003125 0.0902703125 0.43521875000000004 0.0944359375 0.435565625 0.133665625 0.44251250000000003 0.14321250000000002 0.4505 0.146684375 0.451890625 0.148246875 0.451890625 0.15588437500000002 0.45206406250000003 0.15866249999999998 0.43521875000000004 0.15050312500000002 0.43348125 0.1473796875 0.42879375 0.1404359375 0.4260140625 0.13210312500000002 0.42340937500000003 0.0881875 0.4155953125 0.0871453125 0.41889374999999995 0.0819390625 0.418546875 0.0803765625 0.41941562499999996 0.07725156250000001 0.42132500000000006 0.0765578125 0.42149843750000004 0.0753421875 0.4223671875 0.0769046875 0.4244515625 0.077425 0.42532031249999996 0.0746484375 0.42705624999999997 0.071003125 0.427403125 0.06718437499999999 0.43139843750000006 0.06718437499999999 0.4353921875 0.06718437499999999 0.43799687499999995 0.0651015625 0.4393859375 0.0666625 0.44060156250000004 0.06124062500000001 0.4466578125 0.0619765625 0.44841718750000004 0.064059375 0.44980624999999996 0.066315625 0.4505 0.0689203125 0.448590625 0.07048125 0.44615937499999997 0.0715234375 0.4451171875 0.0729125 0.4454640625 0.074475 0.44338125
0 0.0949578125 0.44494375 0.0944359375 0.443728125 0.0914859375 0.4414703125 0.0895765625 0.44164375 0.08511250000000001 0.444921875 0.086625 0.4491109375 0.089403125 0.44980624999999996 0.09131249999999999 0.449459375 0.09200625 0.4491109375 0.093915625 0.44841718750000004 0.0949578125 0.447028125 0.0949578125 0.44494375
0 0.24040625000000002 0.37383125 0.2411 0.375046875 0.24092656250000002 0.3767828125 0.23832343749999998 0.37852031249999996 0.23641406250000002 0.38025625 0.231015625 0.40260468749999995 0.23867031249999998 0.404221875 0.24439843749999998 0.381471875 0.2421421875 0.3773046875 0.2421421875 0.375740625 0.243184375 0.3740046875 0.2428359375 0.3729625 0.2405796875 0.3729625 0.24040625000000002 0.37383125
0 0.2445171875 0.43113906249999995 0.2464265625 0.43478593749999994 0.2481625 0.438259375 0.24330156249999998 0.44155937500000003 0.2257703125 0.45909843749999996 0.22594375000000003 0.46135624999999997 0.224034375 0.46066250000000003 0.2226453125 0.4615296875 0.2226453125 0.46291874999999993 0.2216046875 0.4639609375 0.222125 0.46535000000000004 0.21414062500000003 0.4738609375 0.214834375 0.47455468749999996 0.2216046875 0.46656718750000004 0.2226453125 0.4676078125 0.203725 0.49209531249999994 0.20563437499999998 0.49313593750000007 0.19990625 0.5030359375 0.20146875 0.503903125 0.20927968749999998 0.4919203125 0.211709375 0.49296249999999997 0.20737031250000001 0.49869375 0.21153593750000002 0.49713124999999997 0.2302828125 0.4696921875 0.22507656250000002 0.46656718750000004 0.2254234375 0.46535000000000004 0.2302828125 0.468303125 0.2318453125 0.4663921875 0.2483359375 0.4476375 0.252328125 0.44399062499999997 0.2658671875 0.45371562499999996 0.26795 0.45024218749999995 0.2681234375 0.444684375 0.2681234375 0.439128125 0.26777656250000004 0.43374375 0.2670828125 0.4314859375 0.27958125 0.421240625 0.280621875 0.4182890625 0.278365625 0.4165515625 0.2623953125 0.41186249999999996 0.257015625 0.3974484375 0.2623953125 0.40248437499999995 0.2643046875 0.400921875 0.266040625 0.398490625 0.266040625 0.39553906250000004 0.26482656250000003 0.3925859375 0.26118125000000003 0.39171875 0.25875 0.3938015625 0.2563203125 0.396059375 0.25389062500000004 0.39415 0.25875 0.38372968749999997 0.2573625 0.38372968749999997 0.252328125 0.392934375 0.24902968749999999 0.39658125 0.2479890625 0.39918593750000003 0.24607968750000003 0.40300624999999995 0.2438234375 0.40752187500000003 0.24295468750000002 0.41273125000000005 0.2422609375 0.416725 0.24243437499999998 0.419678125 0.24278125 0.4229765625 0.2438234375 0.42749218750000006 0.2445171875 0.43113906249999995
0 0.231034375 0.45005937500000004 0.23201875 0.4498828125 0.2360109375 0.446409375 0.23514374999999998 0.4441515625 0.23410156249999997 0.4432828125 0.23253906249999998 0.44345625 0.23045624999999997 0.4460609375 0.22906875000000002 0.44745156250000007 0.2302828125 0.4491875 0.231034375 0.45005937500000004
0 0.22962500000000002 0.50428125 0.23184375 0.50428125 0.23261250000000003 0.502571875 0.234746875 0.502315625 0.2371375 0.5031703125 0.23927187499999997 0.502059375 0.2406375 0.501290625 0.24166249999999997 0.50018125 0.2415765625 0.49864375 0.24447968750000001 0.49736250000000004 0.245759375 0.50069375 0.246784375 0.504109375 0.2472109375 0.5049640625 0.2485765625 0.5052203125 0.24977187500000003 0.5070140624999999 0.25088125 0.5081234375 0.2518203125 0.5094046875 0.252503125 0.511284375 0.2533578125 0.5121374999999999 0.25515 0.513078125 0.2566015625 0.5141875 0.2584796875 0.5150421875 0.25890625 0.5143578125 0.25779687500000004 0.5114546875 0.25643125 0.5101734375 0.2542109375 0.5060734375 0.2555765625 0.5045359375 0.2568578125 0.5076968749999999 0.258309375 0.510003125 0.2591625 0.510259375 0.26027187500000004 0.508978125 0.2627484375 0.5086359375 0.264796875 0.5085515625 0.2660765625 0.5104296875000001 0.2671875 0.5088921875 0.2692359375 0.509234375 0.2695765625 0.5075265625000001 0.2682109375 0.5052203125 0.2698328125 0.5062453125 0.271284375 0.5072703125 0.2719671875 0.5072703125 0.272053125 0.5048781250000001 0.27230937499999996 0.5031703125 0.2716265625 0.502059375 0.27213906250000003 0.500009375 0.27273593749999997 0.4983015625 0.27230937499999996 0.4959953125 0.270515625 0.4936046875 0.2682109375 0.49283593750000004 0.264284375 0.4941171875 0.26027187500000004 0.49616718750000005 0.25899218749999997 0.49864375 0.2571984375 0.500265625 0.256259375 0.5024875 0.25463749999999996 0.49941250000000004 0.254125 0.49804531250000006 0.2555765625 0.49719218749999994 0.257284375 0.49684999999999996 0.2556625 0.49445937500000003 0.25438125 0.49403125000000003 0.2520765625 0.49471406250000005 0.2507109375 0.49181093750000004 0.2582234375 0.4897609375 0.257625 0.48839531249999996 0.25608906249999996 0.48839531249999996 0.2549796875 0.4871140625 0.2518203125 0.4876265625 0.249515625 0.48839531249999996 0.246271875 0.48233125 0.24464999999999998 0.4822453125 0.2419171875 0.47771875 0.246015625 0.47686406249999996 0.24558906249999998 0.47097187500000004 0.242771875 0.4675546875 0.2405515625 0.4690078125 0.24123437499999997 0.47276562499999997 0.24217343750000003 0.4755828125 0.243028125 0.4764375 0.2418328125 0.4767796875 0.240125 0.47498593749999996 0.23986875 0.4764375 0.2405515625 0.47737656250000005 0.24294218750000002 0.483184375 0.2404671875 0.48284374999999996 0.2386734375 0.4848921875 0.2394421875 0.487796875 0.24021093750000003 0.4891640625 0.2408078125 0.4900171875 0.2405515625 0.491896875 0.2420890625 0.4925796875 0.2418328125 0.493775 0.239015625 0.49232343749999996 0.23688125000000002 0.49146875 0.22339375 0.493775 0.22339375 0.49522656249999997 0.213746875 0.4964234375 0.213234375 0.4979609375 0.202221875 0.499925 0.20307499999999998 0.5058171875 0.2160515625 0.5083796875 0.21810000000000002 0.5083796875 0.21955156250000002 0.5069281250000001 0.22134375 0.5054765625 0.22339375 0.505390625 0.2257828125 0.5062453125 0.228515625 0.5056468749999999 0.22962500000000002 0.50428125
0 0.28383437499999997 0.5182875 0.285284375 0.51803125 0.2881875 0.5163234375 0.289040625 0.5152125 0.2898953125 0.513675 0.28997968749999997 0.5127359375 0.28997968749999997 0.511284375 0.289296875 0.5094046875 0.2881875 0.5076968749999999 0.2864796875 0.5070140624999999 0.2840046875 0.506671875 0.2810328125 0.5063390625 0.279309375 0.5078671875 0.27794375 0.5105999999999999 0.2777734375 0.5127359375 0.2793953125 0.515725 0.2805890625 0.517775 0.2817 0.5183734375 0.28383437499999997 0.5182875
0 0.286434375 0.4789390625 0.29164218750000004 0.4768265625 0.2920640625 0.4735875 0.29136093750000003 0.4716171875 0.28526250000000003 0.4745921875 0.285590625 0.47781250000000003 0.286434375 0.4789390625
0 0.3308625 0.4459546875 0.3303140625 0.44526875 0.3283953125 0.4468453125 0.32606562499999997 0.4458171875 0.32723125 0.4447203125 0.326271875 0.44355625 0.3240796875 0.44568125 0.322365625 0.4450640625 0.323325 0.4440359375 0.32284531250000004 0.4426640625 0.3201046875 0.444515625 0.3146921875 0.4426640625 0.3156515625 0.44108749999999997 0.31428124999999996 0.44101875 0.3125671875 0.44259531250000006 0.3109234375 0.442115625 0.3116078125 0.440196875 0.3107171875 0.43944218749999997 0.30927812499999996 0.44143125000000005 0.306675 0.44101875 0.30832031249999997 0.43903125000000004 0.3070859375 0.438071875 0.3053734375 0.44033437500000006 0.301946875 0.4396484375 0.29434218749999996 0.39256875 0.2968765625 0.39304843749999996 0.29536875 0.39483125 0.2958484375 0.395859375 0.29769843749999997 0.3934609375 0.300303125 0.3942140625 0.29886406249999997 0.3966140625 0.29954843750000004 0.3975046875 0.3013984375 0.39469375 0.305253125 0.39558593750000004 0.3022390625 0.3975734375 0.3029921875 0.3984640625 0.306075 0.395928125 0.308815625 0.39668281250000004 0.3066921875 0.3985328125 0.306965625 0.39935624999999997 0.30984375000000003 0.397025 0.3232046875 0.40099999999999997 0.3213546875 0.4032625 0.32210937500000003 0.404359375 0.32491875000000003 0.40120625 0.3273171875 0.40202968749999995 0.3252609375 0.4041546875 0.32553437500000004 0.40545625 0.32889218750000004 0.402165625 0.331153125 0.4028515625 0.32998906250000004 0.404359375 0.329578125 0.406415625 0.3321125 0.40360625 0.33574375 0.4040859375 0.3337578125 0.40573125 0.33389375 0.4071015625 0.3371140625 0.4047703125 0.3401984375 0.405525 0.3382796875 0.40703281249999995 0.3384859375 0.4081984375 0.3416375 0.4060046875 0.3427328125 0.4061421875 0.3455421875 0.406896875 0.3455421875 0.4050453125 0.34314374999999997 0.4038109375 0.34526875 0.4017546875 0.3445828125 0.40120625 0.3417734375 0.4032625 0.338690625 0.402303125 0.3409515625 0.40099999999999997 0.3401296875 0.400453125 0.336909375 0.40209687499999996 0.3344421875 0.4014125 0.33636093749999996 0.39915 0.33526406249999996 0.3986703125 0.3334828125 0.40052031250000003 0.3307421875 0.40038437499999996 0.333003125 0.3983265625 0.3318390625 0.3975734375 0.329509375 0.40004062500000004 0.327453125 0.39921875 0.3286875 0.39709374999999997 0.32772812500000004 0.39654531249999997 0.325740625 0.39908125 0.321834375 0.398190625 0.3344421875 0.389553125 0.34129375 0.3929125 0.3538328125 0.3940828125 0.35780781250000004 0.3942875 0.35821875 0.3916828125 0.355478125 0.39106562500000003 0.3557515625 0.38805 0.3579453125 0.390175 0.35986250000000003 0.39051718750000003 0.3617125 0.3917515625 0.3637 0.3928484375 0.364796875 0.3918203125 0.36548125 0.391340625 0.3671953125 0.391203125 0.368565625 0.39024375 0.36931875000000003 0.39024375 0.371375 0.3904484375 0.3730875 0.39010625 0.3733609375 0.3883234375 0.3717859375 0.387775 0.3730875 0.3862671875 0.3717859375 0.380303125 0.3659609375 0.3766703125 0.3632890625 0.3790703125 0.361165625 0.37982343749999997 0.35780781250000004 0.37831562500000004 0.3550671875 0.3853078125 0.346365625 0.3728359375 0.342003125 0.3679703125 0.340084375 0.3667359375 0.338028125 0.3656390625 0.33652187499999997 0.365090625 0.334465625 0.36399375 0.3328890625 0.362965625 0.3300125 0.36193749999999997 0.3283671875 0.3616625 0.32425625 0.3611828125 0.3201453125 0.3611140625 0.3163765625 0.360909375 0.313978125 0.36097812500000004 0.310278125 0.3612515625 0.306784375 0.3624171875 0.30404375 0.36413125 0.3024671875 0.36529687499999997 0.3022609375 0.3678328125 0.3038375 0.3698203125 0.3041796875 0.37084843749999996 0.304590625 0.3718765625 0.306784375 0.373865625 0.3080859375 0.3751671875 0.30945625 0.3761953125 0.31164843750000004 0.37784062500000004 0.31671875 0.3809140625 0.31671875 0.3961328125 0.312403125 0.3949671875 0.314046875 0.3927046875 0.3130875 0.39215625 0.31116875 0.39421249999999997 0.3087703125 0.3935265625 0.3098671875 0.391128125 0.30883906250000004 0.3907171875 0.306715625 0.393253125 0.3041796875 0.3927734375 0.30657812500000003 0.3905109375 0.3051390625 0.3896203125 0.302740625 0.39201874999999997 0.3007546875 0.391265625 0.30267343750000003 0.3892765625 0.30191875 0.388865625 0.299246875 0.391265625 0.2964375 0.3903734375 0.299040625 0.3885921875 0.2976703125 0.387975 0.2951359375 0.38989375000000004 0.2932859375 0.3894828125 0.29266875 0.3881109375 0.2922578125 0.3842734375 0.291571875 0.38153125 0.29095624999999997 0.3809140625 0.290134375 0.3809140625 0.3005484375 0.44170781249999996 0.3035640625 0.4420515625 0.3 0.4453421875 0.3015078125 0.4460265625 0.304659375 0.44253125000000004 0.306646875 0.443559375 0.30431718750000003 0.44650625 0.3052078125 0.44739843749999997 0.3078796875 0.4438328125 0.3107578125 0.44479375 0.3080171875 0.44746718750000003 0.3090453125 0.44794687499999997 0.311990625 0.4450671875 0.318153125 0.4472578125 0.3156171875 0.45006874999999996 0.3168515625 0.4504125 0.3195234375 0.4472578125 0.32185312499999996 0.44842343749999997 0.3193859375 0.45089218750000004 0.3205515625 0.451234375 0.3232234375 0.44849218750000003 0.3262375 0.44910937500000003 0.32301718749999997 0.45171406249999996 0.3242515625 0.45219375 0.3276515625 0.44938593750000005 0.3297 0.4498984375 0.3268828125 0.4530578125 0.3279015625 0.45332656250000003 0.33156093750000004 0.45037031250000004 0.344596875 0.453884375 0.3452515625 0.452125 0.333740625 0.4481484375 0.33476875 0.446709375 0.333809375 0.44622968749999997 0.331615625 0.44780625 0.329834375 0.44766874999999995 0.3308625 0.4459546875
0 0.3421140625 0.3687921875 0.3460765625 0.37286874999999997 0.3486796875 0.3721890625 0.349359375 0.36245 0.343359375 0.3606375 0.34109531249999997 0.349084375 0.3551328125 0.34489375 0.36101875 0.3629015625 0.36169843749999997 0.36154375 0.3570578125 0.3442140625 0.35898125 0.34376093750000003 0.358415625 0.3399109375 0.364415625 0.3384390625 0.3656609375 0.3413828125 0.36883125 0.34115625 0.3697359375 0.3404765625 0.3701890625 0.3348140625 0.37324531250000004 0.3297171875 0.3742640625 0.3297171875 0.373925 0.33356875 0.371434375 0.3426296875 0.3576234375 0.346253125 0.360453125 0.3472734375 0.37301875 0.3431953125 0.3761890625 0.3286984375 0.374490625 0.327453125 0.37188750000000004 0.32801874999999997 0.3671328125 0.3255265625 0.3640765625 0.32020468750000003 0.3598875 0.321903125 0.3598875 0.323715625 0.3520765625 0.3245078125 0.34698125 0.32609374999999996 0.3366796875 0.328925 0.3224234375 0.3327671875 0.326378125 0.346253125 0.3281890625 0.3472734375 0.33056718749999997 0.346253125 0.3335109375 0.3459140625 0.33486875 0.349084375 0.3381515625 0.3493109375 0.3421140625 0.3626765625 0.3421140625 0.3687921875
0 0.361925 0.37444687499999996 0.3598875 0.3734265625 0.36350937499999997 0.3734265625 0.36305624999999997 0.3709359375 0.360453125 0.3705953125 0.3643015625 0.370709375 0.364415625 0.36844375 0.35886874999999996 0.3683296875 0.358303125 0.36164843750000003 0.3570578125 0.36164843750000003 0.3551328125 0.3695765625 0.3527546875 0.3692359375 0.35162343749999997 0.36855625000000003 0.352428125 0.367159375 0.3500390625 0.36810312500000003 0.35185 0.3705953125 0.354 0.3709359375 0.35252812499999997 0.37773124999999996 0.354453125 0.3780703125 0.35694375 0.37444687499999996 0.36271718750000004 0.37603125 0.361925 0.37444687499999996
0 0.34698125 0.41555 0.3478875 0.41781562499999997 0.34969843749999996 0.4175890625 0.34890625000000003 0.41668281250000005 0.3520765625 0.41441875 0.353321875 0.4154375 0.3650953125 0.39958125 0.3643015625 0.3961828125 0.36588750000000003 0.394371875 0.364528125 0.39414531249999996 0.36350937499999997 0.39561718749999997 0.36090625 0.395390625 0.356490625 0.40026093749999997 0.3535484375 0.394371875 0.3520765625 0.3936921875 0.35162343749999997 0.3951640625 0.354 0.40263906250000003 0.33629375 0.3957484375 0.3362265625 0.397315625 0.353321875 0.404225 0.351284375 0.4062640625 0.34981249999999997 0.40988749999999996 0.3507171875 0.4133984375 0.34834062499999996 0.4153234375 0.34698125 0.41555
0 0.34098125 0.41294531250000005 0.335434375 0.4087546875 0.3310203125 0.4054703125 0.330453125 0.40671718749999997 0.3335109375 0.4100015625 0.34223906249999997 0.4151375 0.34098125 0.41294531250000005
0 0.328415625 0.41917499999999996 0.332265625 0.42030781250000004 0.3400765625 0.4222328125 0.3450578125 0.4235921875 0.3520765625 0.42574375 0.35490625 0.42517812499999996 0.35785 0.423025 0.3558125 0.4226859375 0.3386046875 0.4189484375 0.331359375 0.41725 0.32683125 0.4173625 0.3246796875 0.41419218750000003 0.3225296875 0.41521093750000004 0.322303125 0.41804218750000005 0.32377500000000003 0.4190609375 0.3230953125 0.41804218750000005 0.3232078125 0.41634374999999996 0.32377500000000003 0.4156640625 0.3246796875 0.416796875 0.32479375 0.41804218750000005 0.3256984375 0.418834375 0.328415625 0.41917499999999996
0 0.3745078125 0.3406921875 0.3757359375 0.344675 0.37686875 0.3449015625 0.3823015625 0.34399531250000004 0.3868296875 0.34195625 0.38694375000000003 0.3402578125 0.38501875 0.3375390625 0.3745078125 0.3406921875
0 0.33113281250000004 0.3073078125 0.33147187499999997 0.3105921875 0.32875624999999997 0.30844062499999997 0.3254734375 0.3073078125 0.3250203125 0.30515625 0.32377500000000003 0.3041359375 0.32286875 0.3031171875 0.3216234375 0.3016453125 0.3196984375 0.3013046875 0.31867968750000003 0.3008515625 0.317434375 0.2983609375 0.3217375 0.3008515625 0.3204921875 0.2993796875 0.3185671875 0.29745468750000004 0.31675624999999996 0.29485 0.316303125 0.2924703125 0.31585 0.28850625 0.31358593749999997 0.27786093749999996 0.31460468750000004 0.279559375 0.315396875 0.2782 0.3124546875 0.2754828125 0.3114359375 0.270159375 0.30622812499999996 0.271065625 0.3109828125 0.2895171875 0.310415625 0.2912171875 0.31290625 0.2962 0.3149453125 0.2983515625 0.31867968750000003 0.3025421875 0.3184546875 0.30367500000000003 0.31596406250000003 0.303109375 0.3120015625 0.3020890625 0.30690625 0.3011828125 0.30090625000000004 0.3002765625 0.29626562500000003 0.3020890625 0.2966046875 0.2959734375 0.2954734375 0.29518125 0.29490781250000003 0.30175 0.2894734375 0.30378906250000004 0.2895859375 0.301296875 0.289134375 0.2991453125 0.28302031250000004 0.298465625 0.28381249999999997 0.30650625 0.2808703125 0.3074125 0.278265625 0.3108109375 0.27600156249999996 0.3167 0.27713437500000004 0.324175 0.2793984375 0.32813906249999997 0.283134375 0.3341421875 0.28709531250000003 0.337653125 0.2906046875 0.3417296875 0.2924171875 0.33969062499999997 0.29819062500000004 0.3426359375 0.3050953125 0.34376875 0.3097375 0.3445609375 0.3170953125 0.34388125 0.324971875 0.34225 0.3226421875 0.33256406250000003 0.3387171875 0.3289875 0.33985 0.32565468750000004 0.3366796875 0.31788906250000004 0.3435859375 0.31625468749999996 0.336453125 0.3069671875 0.33113281250000004 0.3073078125
0 0.3611328125 0.2905609375 0.35384375 0.2948546875 0.35818906250000004 0.2946390625 0.3611328125 0.2905609375
0 0.4290625 0.38135625 0.42227031249999997 0.380903125 0.4230625 0.3795453125 0.423628125 0.37761875 0.4258921875 0.377959375 0.425553125 0.3764859375 0.4247609375 0.3760328125 0.42510000000000003 0.3744484375 0.427025 0.3744484375 0.4274765625 0.3736546875 0.42634531249999996 0.3732015625 0.42725156249999996 0.37127656249999996 0.4290625 0.37184375 0.4290625 0.3708234375 0.4278171875 0.3699171875 0.43313750000000006 0.3585921875 0.43458593749999996 0.3603234375 0.43552187499999995 0.359384375 0.43401249999999997 0.3575609375 0.43510625 0.35605000000000003 0.4359390625 0.35745781249999997 0.43698125 0.35662343750000003 0.4365640625 0.35579062499999997 0.43588750000000004 0.35469531249999997 0.4367203125 0.3532890625 0.437865625 0.35464375000000004 0.438646875 0.3534453125 0.437396875 0.352090625 0.43859531250000006 0.349746875 0.44020937499999996 0.3514140625 0.440678125 0.350371875 0.4394796875 0.34813125 0.440365625 0.346046875 0.442240625 0.34813125 0.44244843749999996 0.3465171875 0.441303125 0.3445328125 0.44364687500000005 0.34031406249999996 0.44296875 0.3390625 0.44197968750000005 0.33953125 0.4407296875 0.3414078125 0.4391671875 0.3393234375 0.438803125 0.3411984375 0.43974062500000005 0.34260625 0.43875156249999997 0.3448453125 0.43708437499999997 0.342553125 0.4365640625 0.3440125 0.4377625 0.3462 0.43666875000000005 0.34885781250000003 0.4350015625 0.3458875 0.43411718749999995 0.347346875 0.435678125 0.3501078125 0.43484531249999997 0.3515140625 0.43364843750000004 0.349221875 0.4326578125 0.3509421875 0.43437656249999995 0.352765625 0.4333875 0.354015625 0.431825 0.3515140625 0.430940625 0.35318125 0.4325015625 0.3563078125 0.43052343750000005 0.3594859375 0.4253671875 0.3534421875 0.424065625 0.35339062499999996 0.42177499999999996 0.35114999999999996 0.41906718749999994 0.3515671875 0.4200046875 0.35318125 0.4217234375 0.35417187499999997 0.41969218750000004 0.3550046875 0.4093296875 0.3580265625 0.4033921875 0.35813125 0.40136093749999996 0.3607359375 0.39256250000000004 0.362715625 0.3878765625 0.362559375 0.38499531249999996 0.365534375 0.38172656250000003 0.364565625 0.3822109375 0.36262656249999997 0.3824109375 0.3613578125 0.383453125 0.36286874999999996 0.384234375 0.3620875 0.3836609375 0.36005625 0.384078125 0.3588046875 0.3850671875 0.3602640625 0.385796875 0.3590140625 0.385275 0.3567734375 0.385484375 0.3552109375 0.38636875000000004 0.35640937500000003 0.387515625 0.35604375 0.386578125 0.3537515625 0.3924078125 0.3429890625 0.3928765625 0.34142656250000003 0.3914625 0.3415421875 0.385578125 0.35097187500000004 0.384015625 0.34826250000000003 0.3836 0.349565625 0.3847453125 0.3521171875 0.3841203125 0.3550359375 0.3824546875 0.351440625 0.38141250000000004 0.3521171875 0.3830265625 0.3558171875 0.3824546875 0.35774531249999997 0.3813078125 0.35461875 0.38037187499999997 0.3550875 0.3805796875 0.35665 0.3814640625 0.358421875 0.3807875 0.3599328125 0.379121875 0.35711875000000004 0.37875625 0.3582140625 0.37938125 0.3608703125 0.378340625 0.36160000000000003 0.3787046875 0.363684375 0.37896562500000003 0.3646734375 0.3779234375 0.365559375 0.3760484375 0.36238125 0.3750078125 0.3646734375 0.3762578125 0.367175 0.37568437499999996 0.3682171875 0.37396562499999997 0.365403125 0.373496875 0.3668625 0.374590625 0.37014375 0.3743828125 0.371759375 0.37245625000000004 0.3691015625 0.37214375 0.3706125 0.3736015625 0.3726125 0.3725234375 0.3752265625 0.42091093749999997 0.38135625 0.42102500000000004 0.38305625 0.42192968750000004 0.3835078125 0.42215625 0.3823765625 0.4279296875 0.3822625 0.428609375 0.3835078125 0.42962812499999997 0.382715625 0.4290625 0.38135625
0 0.4458953125 0.33147187499999997 0.44483750000000005 0.32873437499999997 0.45163281250000004 0.329528125 0.4420125 0.33526875 0.44289531249999997 0.336946875 0.5468671875 0.285853125 0.5456328125 0.2846171875 0.454096875 0.328159375 0.4443 0.3273640625 0.4400640625 0.3222421875 0.43918125 0.3258625 0.43415 0.3252453125 0.4322078125 0.32100625 0.4328265625 0.3202125 0.43009062499999995 0.3164140625 0.43203125 0.29204375 0.43035468750000005 0.29062968749999996 0.42841250000000003 0.3162375 0.420028125 0.3007859375 0.4180859375 0.30157968749999997 0.4270015625 0.31685625 0.409965625 0.30917343750000004 0.40873125000000005 0.31138125 0.4270015625 0.3183578125 0.4281484375 0.3217703125 0.4255 0.3412859375 0.41764531250000003 0.3402265625 0.41305625 0.3379296875 0.4093484375 0.3358984375 0.40696562500000005 0.336075 0.40343437499999996 0.3388125 0.40378749999999997 0.34040312500000003 0.40608281249999995 0.3399609375 0.4094375 0.3412859375 0.41023125 0.34402343750000003 0.4085546875 0.34631875 0.4059953125 0.3489671875 0.41243749999999996 0.34905624999999996 0.4182625 0.3450828125 0.41746875 0.341815625 0.426471875 0.3420796875 0.42788281250000004 0.3402265625 0.4288546875 0.3341328125 0.43176718750000004 0.339165625 0.4328265625 0.33801875 0.42947187500000006 0.33263125 0.43741562500000003 0.336340625 0.4371515625 0.3378421875 0.38623281249999997 0.3609640625 0.38613749999999997 0.36317187500000003 0.4380359375 0.33800625 0.4406890625 0.33570937500000003 0.4410421875 0.32785156249999997 0.44342499999999996 0.32838124999999996 0.44501406250000003 0.33147187499999997 0.4458953125 0.33147187499999997
0 0.3999125 0.34119375 0.400346875 0.343915625 0.40326093749999997 0.3442703125 0.40281874999999995 0.341796875 0.3999125 0.34119375
0 0.5351484375 0.283534375 0.5321515625 0.280734375 0.5282843749999999 0.28148125 0.5259171874999999 0.283059375 0.5252859375 0.286059375 0.5265593749999999 0.289740625 0.529625 0.29047968750000003 0.533728125 0.2889796875 0.534675 0.287165625 0.5351484375 0.283534375
0 0.48528281250000005 0.3368734375 0.48528281250000005 0.335690625 0.47980156249999995 0.3329390625 0.4792859375 0.33584843750000004 0.4822046875 0.3379 0.48528281250000005 0.3368734375
0 0.5625 0.296875 0.01953125 0.01328125
0 0.449846875 0.373375 0.44692968750000006 0.3754078125 0.4437015625 0.37743906250000003 0.444846875 0.37796093750000004 0.446565625 0.377334375 0.4509171875 0.373903125 0.449846875 0.373375
0 0.44956406250000003 0.38493750000000004 0.44925156250000003 0.3824359375 0.45091875000000003 0.380821875 0.44899218750000003 0.3798828125 0.4469609375 0.3798828125 0.44174375 0.38340312499999996 0.4418046875 0.38441562500000004 0.44326406250000006 0.384884375 0.44487812499999996 0.385196875 0.44555468749999994 0.38415625000000003 0.4467515625 0.3843640625 0.4473765625 0.38530156249999997 0.44956406250000003 0.38493750000000004
0 0.5020515624999999 0.3595484375 0.50080625 0.361246875 0.5013734375000001 0.36396562499999996 0.500240625 0.36464375000000004 0.4969578125 0.3644171875 0.4969578125 0.3684953125 0.49876875 0.369740625 0.49956093749999997 0.37155312500000004 0.49956093749999997 0.3754046875 0.50048125 0.3772078125 0.5020515624999999 0.3727984375 0.50680625 0.37053437499999997 0.507825 0.3674765625 0.5057875000000001 0.3643046875 0.5037499999999999 0.3632859375 0.5029578124999999 0.3615859375 0.5037499999999999 0.3598875 0.5020515624999999 0.3595484375
0 0.48248281249999997 0.3487265625 0.48336875 0.35008125 0.4826921875 0.353728125 0.477953125 0.37560937499999997 0.46977812500000005 0.3751921875 0.4659234375 0.377640625 0.46363281250000005 0.3775890625 0.46122500000000005 0.37679687500000003 0.459425 0.3775046875 0.457496875 0.3794328125 0.45483593750000006 0.383265625 0.45348125 0.3880484375 0.453053125 0.391259375 0.45397968750000006 0.39332968749999997 0.45704687499999996 0.39575625 0.4646796875 0.3989671875 0.46781875 0.399965625 0.4709578125 0.3981828125 0.4830140625 0.397825 0.48786406250000003 0.3990390625 0.49157343750000004 0.4011078125 0.4944265625 0.401465625 0.5017031249999999 0.405390625 0.495140625 0.4090296875 0.49307187499999994 0.409165625 0.48807812500000003 0.41473125 0.487221875 0.4176578125 0.48765000000000003 0.421296875 0.493 0.4277921875 0.45176875 0.42194062499999996 0.4503421875 0.42293906249999996 0.4511265625 0.42379531249999997 0.46296875000000004 0.42607968749999997 0.4635359375 0.42897187499999995 0.467465625 0.42787499999999995 0.4697484375 0.42933750000000004 0.47322031249999996 0.431075 0.49450781250000003 0.4341828125 0.494325 0.4381125 0.49469062499999994 0.4405796875 0.49624375 0.4430484375 0.498253125 0.44478437499999995 0.5012671875 0.44569843750000004 0.5030953125 0.44496718749999997 0.5153375 0.43491406250000003 0.51579375 0.434 0.5288578125 0.435828125 0.53059375 0.4375640625 0.5336093749999999 0.4371078125 0.5365328125 0.4381125 0.5389984375 0.4397578125 0.5435671875 0.43966562500000006 0.5452109375 0.438021875 0.5699703125 0.44185937500000005 0.5722328125 0.4419578125 0.5888953124999999 0.46349062500000004 0.5921937500000001 0.4626234375 0.5960125 0.4593234375 0.5980953125 0.46974375 0.59983125 0.470090625 0.597921875 0.460365625 0.6140656250000001 0.472 0.6154546875 0.47130625000000004 0.597575 0.45776093749999996 0.6086843749999999 0.447340625 0.6215296875 0.46488125 0.6225703125 0.46401250000000005 0.6111140625 0.4495984375 0.6296875 0.45810781250000004 0.6300343749999999 0.457065625 0.6130234375 0.44872968750000003 0.6314234375 0.45133437499999995 0.6623359375 0.455415625 0.6623359375 0.45339062500000005 0.543771875 0.4361390625 0.5403718750000001 0.4317796875 0.541115625 0.43060937499999996 0.5432406249999999 0.430078125 0.5475984375 0.426675 0.5492984375 0.42678125 0.5501484375000001 0.429653125 0.5515296875 0.43060937499999996 0.5528062499999999 0.43220468749999996 0.5551437499999999 0.429334375 0.5544 0.41668125 0.5550375 0.41593749999999996 0.5537625 0.4138109375 0.5523796875 0.4016890625 0.5512109374999999 0.40094531250000004 0.55259375 0.40009531249999997 0.5508921875 0.3875484375 0.5518484375 0.3865921875 0.5499359375 0.384359375 0.5527 0.38074375 0.55323125 0.3795734375 0.5499359375 0.377340625 0.5489796874999999 0.377340625 0.5496171875 0.3741515625 0.544940625 0.3685171875 0.541009375 0.3713875 0.544196875 0.37489531249999997 0.542496875 0.37851093750000003 0.543346875 0.37989375000000003 0.544303125 0.376703125 0.5460046875 0.377340625 0.544834375 0.3788296875 0.545790625 0.380425 0.5465359375000001 0.3814875 0.542071875 0.384465625 0.541221875 0.3839328125 0.5252796875 0.394034375 0.486384375 0.3775546875 0.48489531250000006 0.377446875 0.4800359375 0.375453125 0.4848265625 0.35081093750000003 0.48670156249999996 0.3496640625 0.487221875 0.34857031250000003 0.4865453125 0.3477359375 0.48555624999999997 0.3476328125 0.4842546875 0.347528125 0.48253593749999996 0.3472671875 0.48248281249999997 0.3487265625
0 0.4724640625 0.41313125 0.47131875 0.412975 0.47137031250000005 0.409171875 0.470015625 0.40938125000000003 0.470225 0.41344375 0.46959999999999996 0.4137046875 0.4691828125 0.40964062500000004 0.467725 0.40995312500000003 0.4678296875 0.4145390625 0.46668281250000004 0.4146421875 0.4667875 0.41109999999999997 0.4653296875 0.4111515625 0.46538124999999997 0.41469531249999997 0.462465625 0.415215625 0.4622046875 0.411725 0.46064218749999997 0.411725 0.4611109375 0.415996875 0.46017343750000006 0.4158921875 0.4600171875 0.41250625 0.4586640625 0.4126625 0.4586640625 0.41688281250000003 0.45783125 0.4164140625 0.45762187499999996 0.413028125 0.45616406249999997 0.41344375 0.45647656249999996 0.4169875 0.4544984375 0.41745625000000003 0.43220937499999995 0.416465625 0.432365625 0.41573593750000004 0.4403859375 0.41422499999999995 0.44075 0.4164140625 0.4424171875 0.41620468749999995 0.44184375 0.413496875 0.4429890625 0.41307968749999996 0.4434578125 0.4161015625 0.44434375 0.41552812499999997 0.443978125 0.412975 0.44517656250000004 0.41276718749999997 0.445125 0.4152671875 0.44606250000000003 0.415215625 0.44663437500000003 0.41188125 0.4476234375 0.41229843749999995 0.4477796875 0.41474687499999996 0.448978125 0.41505937499999995 0.4493953125 0.41162031250000003 0.4498640625 0.41141249999999996 0.45048750000000004 0.41474687499999996 0.45205 0.4144859375 0.4519984375 0.41078749999999997 0.45361250000000003 0.41063124999999995 0.45418593749999997 0.408859375 0.45116562499999996 0.40896406250000006 0.45158125 0.40505625 0.449759375 0.40500468749999996 0.4496546875 0.41010937500000005 0.44840468749999995 0.40964062500000004 0.4486140625 0.40568125000000005 0.44757187500000006 0.40573437500000004 0.4473640625 0.4102140625 0.44621875 0.40984999999999994 0.4462703125 0.40599375000000004 0.444603125 0.40568125000000005 0.444759375 0.4088078125 0.44340624999999995 0.40854687500000003 0.44340624999999995 0.40589062499999995 0.442 0.40667187499999996 0.4423640625 0.41010937500000005 0.4416875 0.41078749999999997 0.44147968750000005 0.4074 0.44002187499999995 0.407609375 0.440125 0.4116734375 0.43267812499999997 0.4135484375 0.43252187500000006 0.40938125000000003 0.43064843750000004 0.40938125000000003 0.4307 0.41412187500000003 0.42991875 0.41386093749999997 0.42945 0.41026562499999997 0.4283046875 0.41026562499999997 0.42866875000000004 0.4144859375 0.4279921875 0.414434375 0.42767968749999996 0.41031874999999995 0.426378125 0.4109953125 0.426690625 0.41490312500000004 0.4253359375 0.4150078125 0.42512812499999997 0.4115171875 0.423721875 0.41177656249999994 0.423721875 0.41584062499999996 0.4228890625 0.415215625 0.42304531250000005 0.41188125 0.41830625 0.41245468750000003 0.4178890625 0.41505937499999995 0.41882656249999994 0.41625781249999994 0.415390625 0.4159453125 0.415546875 0.41719531249999997 0.4216390625 0.41745625000000003 0.422003125 0.420946875 0.42340937500000003 0.42032187499999996 0.42330468750000005 0.41735156250000005 0.42497187500000005 0.41750781249999996 0.42455468749999997 0.420946875 0.4253875 0.42068593749999994 0.4260125 0.41750781249999996 0.4266375 0.4176125 0.4266375 0.420165625 0.4282 0.42021718750000003 0.4282 0.41672656249999995 0.42913750000000006 0.41714375 0.4289296875 0.42026874999999997 0.42981406250000004 0.4201125 0.4298671875 0.417246875 0.431584375 0.41771562500000003 0.4316890625 0.4199046875 0.4326265625 0.4194359375 0.4327828125 0.41719531249999997 0.4540296875 0.4186546875 0.4542890625 0.41933125000000004 0.45647656249999996 0.41917499999999996 0.4571015625 0.422821875 0.4585078125 0.42277031249999997 0.4581953125 0.41860156249999997 0.458871875 0.41839375 0.45908125 0.42230156250000006 0.4604859375 0.421884375 0.4605390625 0.41834218749999996 0.4610078125 0.4179765625 0.4615796875 0.4224046875 0.46298593749999994 0.422040625 0.462934375 0.417403125 0.46600625000000007 0.41745625000000003 0.4660578125 0.420946875 0.46767343749999996 0.42068593749999994 0.46762031249999997 0.416465625 0.4687140625 0.416675 0.4687671875 0.42032187499999996 0.470015625 0.41985312500000005 0.470171875 0.41604843750000003 0.47074531249999996 0.4161015625 0.470796875 0.41995625 0.47194375 0.4195390625 0.4722546875 0.415684375 0.4730359375 0.41578906250000003 0.4731921875 0.41948749999999996 0.47444218749999995 0.4190703125 0.47462187499999997 0.41485625 0.482096875 0.413028125 0.48240937500000003 0.4120375 0.48126406250000003 0.41089062500000006 0.47907656249999997 0.4112046875 0.474390625 0.4127140625 0.47397343750000004 0.409015625 0.47267187499999996 0.40896406250000006 0.4724640625 0.41313125
0 0.5355125000000001 0.23384999999999997 0.550859375 0.22349999999999998 0.55024375 0.22144375 0.532359375 0.23213750000000002 0.5319484375 0.233303125 0.5355125000000001 0.23384999999999997
0 0.5618234375 0.24708125 0.5632625 0.24619062500000002 0.564153125 0.24193906250000002 0.5707312499999999 0.25715781249999997 0.569565625 0.26010625 0.5684015625 0.2617515625 0.571415625 0.26230000000000003 0.5722375000000001 0.2596265625 0.5738140625 0.258596875 0.57258125 0.2562671875 0.5718953124999999 0.24296875 0.5729234375 0.24235156249999998 0.5719640625 0.24091093749999998 0.5716218750000001 0.23618125 0.568675 0.2355640625 0.5683328125 0.233303125 0.569565625 0.2316578125 0.5692921875 0.2300125 0.56689375 0.2302859375 0.551065625 0.23816874999999998 0.5488046875 0.23755312499999998 0.548325 0.2390609375 0.549009375 0.23981406249999998 0.5456531250000001 0.24200781249999997 0.5468171875000001 0.2444078125 0.5486671875 0.24365312499999997 0.5496953125 0.24187187500000001 0.5562296875 0.2553796875 0.55394375 0.25805 0.5553140625 0.2606546875 0.558603125 0.25558125 0.5501750000000001 0.24077500000000002 0.550928125 0.23933437500000002 0.5629875 0.24125468749999998 0.5607265625 0.24481875 0.5618234375 0.24708125
0 0.5969828125000001 0.3084140625 0.6003671875000001 0.3196140625 0.60061875 0.31920625 0.6053140625 0.3174 0.6064859375 0.3172703125 0.6034921875 0.3080234375 0.6008890625000001 0.3067203125 0.599846875 0.3054171875 0.598675 0.30606875 0.5989359375000001 0.3075015625 0.5969828125000001 0.3084140625
0 0.6230203125 0.3185734375 0.6240625 0.3207875 0.6251953125 0.32002031249999996 0.6258843749999999 0.318703125 0.6271859375 0.31909375 0.6267953125 0.321959375 0.6291390625 0.3220890625 0.6295296875 0.3192234375 0.628096875 0.3174 0.6245828125 0.3157078125 0.6230203125 0.3185734375
0 0.618203125 0.29421718750000003 0.6169015625000001 0.29395625000000003 0.6063562499999999 0.28496875 0.6049249999999999 0.28575 0.6073984375 0.288615625 0.609871875 0.291871875 0.6140375 0.2944765625 0.6170312499999999 0.29643125000000003 0.6188546875000001 0.299946875 0.617421875 0.2996875 0.6142984375 0.29864531250000004 0.6119546875 0.2974734375 0.6076578125000001 0.2936953125 0.6088296875 0.2912203125 0.6063562499999999 0.2888765625 0.6044031249999999 0.29148125 0.603621875 0.2905703125 0.598025 0.29812343750000003 0.59945625 0.298775 0.6031015625 0.292653125 0.6081796875000001 0.2972125 0.607528125 0.29812343750000003 0.6118234375 0.302421875 0.6116937499999999 0.3043765625 0.6145578125 0.30711093749999996 0.6140375 0.303203125 0.6178125 0.30606875 0.6123453125 0.313884375 0.6142984375 0.31375312499999997 0.6187234375 0.3080234375 0.615990625 0.3155765625 0.6169015625000001 0.3174 0.6171625 0.316359375 0.6218484375 0.30567812499999997 0.622759375 0.303334375 0.6228906249999999 0.30046875 0.6196359375 0.298515625 0.6210671875 0.2965609375 0.619765625 0.295128125 0.6185937499999999 0.29669218750000004 0.618203125 0.29421718750000003
0 0.6497531249999999 0.3689953125 0.6510546875000001 0.3661296875 0.6575640625 0.36717187500000004 0.6595171875 0.3648265625 0.657303125 0.36026875 0.6561312499999999 0.3576625 0.6524859375000001 0.3575328125 0.648059375 0.3551890625 0.6467578125 0.3579234375 0.648059375 0.36105 0.6444156249999999 0.3631328125 0.6457171875000001 0.3661296875 0.649621875 0.36443593750000003 0.6471484375000001 0.36743125 0.648190625 0.36886406250000003 0.6497531249999999 0.3689953125
0 0.5821546875 0.40532500000000005 0.5839765625 0.40766875 0.58345625 0.4104046875 0.5861890625 0.40819062500000003 0.5880124999999999 0.40480312500000004 0.58879375 0.40272031249999996 0.589834375 0.401546875 0.591396875 0.40415156249999995 0.6002500000000001 0.40740781249999997 0.5998593750000001 0.41014375000000003 0.6015515625 0.41157656249999997 0.6023328125 0.40845000000000004 0.6042859375 0.40858125 0.6046765625 0.4106640625 0.6057171875 0.413009375 0.6062390625 0.4104046875 0.6080609375 0.4106640625 0.6076703125 0.41261875000000003 0.6093625 0.4139203125 0.6100140625 0.4111859375 0.6126171874999999 0.41209687500000003 0.6145703124999999 0.4107953125 0.6133984375 0.40962343749999997 0.610275 0.40792968749999997 0.610275 0.40714843749999996 0.608190625 0.4058453125 0.6075406250000001 0.40845000000000004 0.6066296875 0.40727812500000005 0.6064984375 0.40454375000000004 0.604546875 0.40350156249999997 0.6038953125 0.40610625 0.602984375 0.40480312500000004 0.603375 0.40350156249999997 0.5997296875 0.4019375 0.59946875 0.40467343749999996 0.5920484375 0.4014171875 0.595303125 0.3985515625 0.5943921875 0.39594687500000003 0.6036343750000001 0.380578125 0.6027234375 0.378103125 0.5993390625 0.38318281249999997 0.5969953125 0.3808375 0.597646875 0.379275 0.5989484375 0.3721109375 0.6050671875 0.3649484375 0.6049359375 0.3680734375 0.6064984375 0.3680734375 0.60636875 0.365209375 0.6091031250000001 0.3657296875 0.6091031250000001 0.36885625 0.61014375 0.3710703125 0.6111859374999999 0.3670328125 0.614309375 0.3684640625 0.614309375 0.37120000000000003 0.61548125 0.37198125000000004 0.6158718750000001 0.3682046875 0.6178250000000001 0.368725 0.617434375 0.372503125 0.61860625 0.37341406250000003 0.6192578125 0.3702875 0.6218609374999999 0.3709390625 0.6217312500000001 0.37315312500000003 0.622771875 0.37406562499999996 0.62394375 0.3709390625 0.6331875 0.37510781249999997 0.635140625 0.3749765625 0.6356609375 0.3791453125 0.6338375 0.38070781249999996 0.6337078125 0.3848765625 0.6348796875 0.3864390625 0.636571875 0.3833125 0.6363109375 0.387090625 0.63774375 0.38734999999999997 0.638915625 0.3839640625 0.6390453125 0.3868296875 0.6409984375 0.3863078125 0.6398265624999999 0.3827921875 0.6439921875 0.3816203125 0.6441234375 0.38344374999999997 0.645815625 0.3833125 0.6459453125 0.3801875 0.6475078125 0.3820109375 0.64776875 0.3843546875 0.64998125 0.3839640625 0.6489390625 0.38122968749999997 0.6510234374999999 0.3822703125 0.651934375 0.3860484375 0.6314953125 0.413009375 0.6300625 0.41144687500000005 0.621990625 0.4119671875 0.62095 0.3859171875 0.6193875 0.384615625 0.6178250000000001 0.4106640625 0.611315625 0.4025890625 0.6088421875 0.40102656249999996 0.6093625 0.40350156249999997 0.6157421875 0.41209687500000003 0.6133984375 0.41222812500000006 0.6105343750000001 0.4123578125 0.609884375 0.41457187500000003 0.6107953125 0.4188703125 0.6118359375 0.4209546875 0.6226421875 0.419390625 0.622771875 0.4208234375 0.624725 0.4205640625 0.6245953125 0.41900000000000004 0.6264171875 0.41900000000000004 0.6264171875 0.4208234375 0.6283703125 0.4212140625 0.628890625 0.41913125000000007 0.6300625 0.41913125000000007 0.6331875 0.41952187500000004 0.66000625 0.37627968749999996 0.658703125 0.37484687499999997 0.6551890625000001 0.3810984375 0.6538875 0.380578125 0.6538875 0.37875468749999996 0.651934375 0.3777125 0.651934375 0.3795359375 0.6501109375 0.378884375 0.6501109375 0.377190625 0.6493296875000001 0.3758890625 0.64855 0.37901406249999997 0.645815625 0.3779734375 0.6469875 0.3757578125 0.647246875 0.37510781249999997 0.645425 0.370809375 0.6421703125 0.3706796875 0.639565625 0.372503125 0.638134375 0.3727625 0.6380046875 0.3709390625 0.6367015625 0.3710703125 0.6367015625 0.37354375 0.633578125 0.372371875 0.623553125 0.3682046875 0.6234234375 0.36638125 0.6218609374999999 0.36560000000000004 0.622121875 0.3674234375 0.6200390625 0.366771875 0.62081875 0.36481718750000003 0.6178250000000001 0.36481718750000003 0.6180859375 0.3657296875 0.6157421875 0.3649484375 0.616003125 0.36299375 0.61405 0.362734375 0.6144406250000001 0.3649484375 0.611315625 0.3636453125 0.611315625 0.3615609375 0.6100140625 0.3605203125 0.6094937500000001 0.36299375 0.606759375 0.361953125 0.6072796874999999 0.3597375 0.6055875000000001 0.3592171875 0.6049359375 0.36143125 0.602853125 0.3597375 0.60103125 0.36234375 0.6019421875 0.36390625 0.5977765625 0.3693765625 0.596084375 0.3685953125 0.5943921875 0.36924687500000003 0.5864499999999999 0.35452812499999997 0.5847578125 0.3559609375 0.5917875 0.37120000000000003 0.5940015625 0.3713296875 0.5949125000000001 0.373284375 0.5923078125 0.372503125 0.58879375 0.37406562499999996 0.5881421875 0.37289374999999997 0.5867109375 0.3752375 0.5851484375 0.3747171875 0.5773375 0.37654062499999996 0.5721296875 0.377321875 0.5697859375000001 0.37627968749999996 0.5667921875 0.38005625 0.5665312499999999 0.3822703125 0.5648390625 0.3818796875 0.5636671875 0.38344374999999997 0.5624953125000001 0.3863078125 0.5604125 0.3863078125 0.5583296875 0.389434375 0.56155625 0.39228593749999996 0.5632765625 0.3923 0.563928125 0.3882625 0.5671828125 0.38656875 0.583325 0.399984375 0.5848875 0.40206875000000003 0.5824140625 0.40297968749999996 0.5821546875 0.40532500000000005
0 0.60859375 0.39130937499999996 0.6091031250000001 0.39464375 0.6157421875 0.39620781250000003 0.6158718750000001 0.39399375000000003 0.60859375 0.39130937499999996
0 0.7352984375 0.3825421875 0.7313921875 0.3812390625 0.7251296875000001 0.3851234375 0.7261859375 0.3929609375 0.7352984375 0.387621875 0.7352984375 0.3825421875
0 0.7325640625000001 0.39205 0.730871875 0.389965625 0.7311328125000001 0.39608750000000004 0.7331046875 0.39912187499999996 0.7329546875 0.3962171875 0.7325640625000001 0.39205
0 0.7878937500000001 0.3516734375 0.78633125 0.351153125 0.78633125 0.34997968749999997 0.7877640625 0.3488078125 0.786853125 0.3467234375 0.7881546875 0.34555156249999996 0.7865921874999999 0.34385937499999997 0.787503125 0.34255625 0.7858109375 0.34138437499999996 0.7859406250000001 0.33604375000000003 0.78724375 0.333959375 0.7858109375 0.331615625 0.786853125 0.330053125 0.785159375 0.327446875 0.7869828125 0.3269265625 0.78568125 0.3241921875 0.7845093750000001 0.3208046875 0.723321875 0.3296625 0.7237125 0.33109375 0.73204375 0.3303125 0.7352984375 0.3792859375 0.73581875 0.383975 0.7381624999999999 0.38384375 0.73894375 0.3812390625 0.7379015625 0.37837343749999997 0.739334375 0.3768109375 0.736990625 0.37329375 0.739725 0.3714703125 0.73738125 0.3682140625 0.73894375 0.367303125 0.736340625 0.3645671875 0.7392046875 0.3631359375 0.7360796875 0.3619625 0.7349078125 0.3491984375 0.737771875 0.347896875 0.73581875 0.3447703125 0.736990625 0.342165625 0.7346468749999999 0.3402125 0.73673125 0.3387796875 0.7346468749999999 0.33708593750000004 0.734778125 0.335653125 0.7364703125000001 0.33448125 0.7352984375 0.33200625 0.7356890625 0.3309640625 0.7371218749999999 0.33265781250000004 0.7382921875 0.330834375 0.736340625 0.3292703125 0.7375109375 0.329140625 0.7832078124999999 0.3236703125 0.78411875 0.351021875 0.7819046875 0.352325 0.781775 0.3537578125 0.78568125 0.35310625 0.78476875 0.3589671875 0.78555 0.3614421875 0.7869828125 0.3678234375 0.7835984375 0.364828125 0.7833375 0.368996875 0.7835984375 0.3743359375 0.7849 0.3736859375 0.7854203125 0.368475 0.7876328125 0.3687359375 0.7873734375 0.35545 0.7904984374999999 0.353496875 0.791278125 0.35024062499999997 0.7878937500000001 0.3516734375
0 0.7157703125 0.3856671875 0.7214984375 0.379546875 0.7239718749999999 0.36860624999999997 0.7191546875 0.354409375 0.7222796875 0.3537578125 0.71980625 0.3493296875 0.7218890625000001 0.3520640625 0.7237125 0.3503703125 0.72293125 0.34815625 0.724753125 0.3489390625 0.7257953125000001 0.347896875 0.72358125 0.3456828125 0.7244937499999999 0.3447703125 0.72514375 0.3459421875 0.7268359375 0.34529062499999996 0.7264453125 0.3428171875 0.7323046875 0.33487187500000004 0.7350375 0.3361734375 0.73581875 0.33435000000000004 0.7345171875000001 0.33265781250000004 0.7350375 0.3314859375 0.7372515625 0.33409062500000003 0.7384234375000001 0.3325265625 0.73673125 0.33044375000000004 0.7386828125 0.32640625 0.7403765625000001 0.3269265625 0.7429796875 0.32640625 0.7401156249999999 0.3247125 0.743240625 0.322759375 0.7415468749999999 0.320675 0.7399859375 0.3228890625 0.7368609375 0.3197625 0.7360796875 0.32145625 0.7386828125 0.3240609375 0.7376421875 0.3248421875 0.73581875 0.3224984375 0.7343875 0.322759375 0.7368609375 0.3265359375 0.7362093749999999 0.3278390625 0.7330859375000001 0.32575468750000003 0.73204375 0.326796875 0.7334765625 0.330053125 0.732434375 0.33044375000000004 0.7311328125000001 0.3278390625 0.730221875 0.328359375 0.7329546875 0.3318765625 0.73204375 0.33265781250000004 0.72891875 0.3296625 0.7276171875 0.3297921875 0.7303515625 0.3337 0.7243625 0.3420359375 0.72136875 0.33903906250000004 0.7204578125000001 0.340471875 0.723321875 0.34333749999999996 0.722409375 0.34411875 0.71980625 0.34099375 0.718375 0.3426859375 0.7200671875 0.34529062499999996 0.7195453125 0.3456828125 0.7177234375 0.34333749999999996 0.7166812499999999 0.34411875 0.7185046875000001 0.347896875 0.7145984375000001 0.346203125 0.7174625 0.3514125 0.7168125 0.351934375 0.715640625 0.34997968749999997 0.710953125 0.34750625 0.705225 0.34503125 0.70066875 0.34385937499999997 0.7035328125 0.341253125 0.710303125 0.34425 0.7113437499999999 0.341775 0.717071875 0.3403421875 0.7174625 0.33513281250000004 0.7142078125 0.3297921875 0.7116046875 0.32575468750000003 0.7073078125000001 0.3318765625 0.704834375 0.333309375 0.7024921875000001 0.3318765625 0.7013203125 0.3334390625 0.7031421875 0.33461093750000004 0.7031421875 0.3357828125 0.7015796875 0.33409062500000003 0.7000171875000001 0.33513281250000004 0.7023609375000001 0.33890937499999996 0.70145 0.3394296875 0.6992375 0.33695624999999996 0.697675 0.3378671875 0.7004078125000001 0.34086249999999996 0.698715625 0.342165625 0.6967625 0.33890937499999996 0.6961125 0.3398203125 0.697934375 0.34333749999999996 0.6961125 0.3443796875 0.6873890625 0.34411875 0.685696875 0.3415140625 0.6881703124999999 0.33995156249999997 0.686609375 0.33799687500000003 0.6810109375 0.33903906250000004 0.68075 0.34138437499999996 0.6836140625 0.34255625 0.684915625 0.3447703125 0.6778859374999999 0.3463328125 0.671246875 0.3529765625 0.6690328125 0.3508921875 0.6685125000000001 0.3476359375 0.6663 0.3443796875 0.6630453125 0.3497203125 0.6603109375 0.3488078125 0.6580984375 0.3484171875 0.6614828125 0.3514125 0.657446875 0.352325 0.6603109375 0.354278125 0.6571859375 0.3549296875 0.6592687500000001 0.3564921875 0.6638265624999999 0.3541484375 0.6638265624999999 0.3619625 0.6603109375 0.37277343749999997 0.6621328125 0.3804578125 0.6698140625 0.3890546875 0.67463125 0.38944531250000003 0.6851765624999999 0.39556718750000003 0.6890828124999999 0.4091125 0.6923375 0.411065625 0.69533125 0.410675 0.7031421875 0.3986921875 0.7145984375000001 0.3921796875 0.7157703125 0.394525 0.7104328125 0.398171875 0.71824375 0.41054531250000004 0.7260546875 0.40442343750000004 0.7173171875000001 0.39033281249999996 0.7211078125 0.387490625 0.723321875 0.383975 0.7264453125 0.3792859375 0.727096875 0.3736859375 0.725534375 0.37642031249999997 0.7208484375 0.3820203125 0.7157703125 0.3856671875
0 0.687934375 0.45695312499999996 0.686609375 0.4574828125 0.68625625 0.46048437499999995 0.6872281250000001 0.4615453125 0.688021875 0.4598671875 0.689875 0.46136875 0.6920828125 0.4610140625 0.7039093750000001 0.47205312499999996 0.7041734374999999 0.49218593750000006 0.7069109375 0.4929796875 0.713 0.4864453125 0.7158249999999999 0.4759375 0.7311828125 0.4759375 0.7302109375 0.47346562499999995 0.71794375 0.47311249999999994 0.7167953125000001 0.45651093749999994 0.7345359375 0.45818906249999997 0.7337421875000001 0.4553640625 0.716178125 0.453596875 0.71520625 0.4451203125 0.713265625 0.43955781250000003 0.7110593749999999 0.43637812499999995 0.7088515625 0.43408281249999997 0.7072640625 0.43408281249999997 0.7062375000000001 0.4352265625 0.70638125 0.44776875 0.6961421875 0.45333281249999996 0.69631875 0.45598124999999995 0.7057625 0.44988906249999994 0.7047921875000001 0.4687859375 0.6932296874999999 0.46013125 0.6903171875 0.45598124999999995 0.687934375 0.45695312499999996
0 0.730653125 0.42463749999999995 0.7243859375 0.42587343750000006 0.7235031249999999 0.42560937499999996 0.73109375 0.45192343749999997 0.7375375 0.450775 0.730653125 0.42463749999999995
0 0.7513062500000001 0.46746406250000005 0.73895 0.45130468749999997 0.73856875 0.451778125 0.7347125 0.45545468749999996 0.7485703125 0.47320312500000006 0.75139375 0.47382187499999995 0.7520125 0.47700156250000003 0.754484375 0.4753234375 0.754571875 0.47249687500000004 0.7522765625 0.47152656249999997 0.7513062500000001 0.46746406250000005
0 0.8234234375 0.45581250000000006 0.8220218750000001 0.4602203125 0.8278296875000001 0.4634265625 0.8300328125 0.4618234375 0.8234234375 0.45581250000000006
0 0.8486874999999999 0.5236140625 0.853259375 0.53390625 0.8559265625 0.5311109375 0.853640625 0.5208171875 0.8602453125 0.5328890625 0.86215 0.53085625 0.8659609375 0.530475 0.8687546875000001 0.5290781250000001 0.8673578125000001 0.5245031250000001 0.8613890625 0.5245031250000001 0.8566890624999999 0.5167515625 0.8538953125000001 0.5191656250000001 0.8513546875 0.51929375 0.84945 0.5175140625 0.8554187499999999 0.5163703125 0.850465625 0.5073484374999999 0.8484328124999999 0.5077296875 0.8521171875 0.5140828125 0.8410671875 0.5163703125 0.8358593750000001 0.5098906249999999 0.8338265625 0.510271875 0.8381453125 0.5201828125 0.84475 0.5184031250000001 0.8465281250000001 0.5199281250000001 0.8409390625000001 0.52005625 0.8410671875 0.5236140625 0.845765625 0.5340328125 0.8502109375 0.5336515625 0.8486874999999999 0.5236140625
0 0.86215 0.507475 0.8584671875 0.49934375 0.85618125 0.499215625 0.85465625 0.49705625 0.8566890624999999 0.49654687500000005 0.8613890625 0.49934375 0.8645640625000001 0.49362500000000004 0.8577046875000001 0.49032187499999996 0.8545296875 0.49133750000000004 0.8537671874999999 0.49235468750000005 0.848940625 0.49006718749999995 0.8481328124999999 0.49132968750000006 0.8564343750000001 0.5065859374999999 0.854784375 0.5081109374999999 0.8558 0.5100171875 0.8588484375000001 0.5076031249999999 0.861896875 0.5129390625 0.869390625 0.5083656249999999 0.8674843750000001 0.5053156249999999 0.86215 0.507475
0 0.9000546875 0.6282875 0.8991875 0.6242921875 0.90144375 0.618040625 0.918509375 0.6308359375 0.9096578125000001 0.6416031249999999 0.9120874999999999 0.6422984375 0.918509375 0.6369140625 0.9268421874999999 0.6431671875 0.926321875 0.6459453125 0.9221546875 0.651328125 0.9207671875000001 0.6534125000000001 0.925453125 0.6560171875 0.9285781249999999 0.6492453125 0.93274375 0.65098125 0.9438531250000001 0.638825 0.9386453124999999 0.6324 0.9336125 0.6362203125 0.913303125 0.6204171875 0.9207109375 0.6190828125000001 0.9233156250000001 0.6100531250000001 0.9250515625 0.6006750000000001 0.9200171875 0.5989375 0.9149828125000001 0.5925125 0.899534375 0.5857390625 0.8971046875 0.5829609375 0.8946734375000001 0.583134375 0.888078125 0.58191875 0.8851828125000001 0.5853375 0.8825234375000001 0.5834828125 0.8764484375 0.5980703125 0.8837390624999999 0.60466875 0.87853125 0.6081421875 0.8795718750000001 0.6128312499999999 0.8851265625 0.611615625 0.88235 0.618909375 0.8840859375000001 0.62099375 0.8903343749999999 0.6095312500000001 0.8986984375 0.613975 0.896584375 0.6225562499999999 0.8929390625 0.623425 0.8872109375000001 0.624640625 0.88460625 0.629328125 0.888771875 0.6321078124999999 0.8938062499999999 0.6315859374999999 0.9000546875 0.6282875
0 0.8097921875 0.5918171875 0.811528125 0.605884375 0.8179515625 0.6126578125 0.8349624999999999 0.6104 0.8412109375 0.6036265625 0.8471125 0.59164375 0.8747125 0.625334375 0.8722828125 0.6357546875 0.8783578125 0.631065625 0.882003125 0.633496875 0.8703734375 0.6385328125 0.8710671874999999 0.64044375 0.8759265624999999 0.6411374999999999 0.8771421875 0.6439171875 0.8818296875 0.640790625 0.8870359375 0.6425265625 0.8941531250000001 0.6510359375 0.9035265625 0.653815625 0.8936328124999999 0.6427015625 0.8939796875000001 0.64200625 0.9090812500000001 0.6531203125 0.914115625 0.655378125 0.9148093749999999 0.6526 0.90995 0.648084375 0.9128999999999999 0.6482578125 0.9101234375 0.6444375 0.90144375 0.6402703125 0.909428125 0.6400953125 0.9057828125 0.6352328125 0.897278125 0.639921875 0.895021875 0.6376640625000001 0.8960625 0.6336703124999999 0.88929375 0.6340171875 0.8840859375000001 0.6286343750000001 0.8488484375 0.5895609375 0.849715625 0.584003125 0.8552703125000001 0.5853921875 0.8566593749999999 0.584003125 0.8494359375 0.5803390625 0.84936875 0.5735828125 0.8483281249999999 0.568546875 0.8438140625000001 0.5635109375 0.8356562500000001 0.55916875 0.8255890625 0.560384375 0.8165625000000001 0.5671578125 0.81118125 0.5801828125 0.8097921875 0.5918171875
0 0.8401687499999999 0.6255078125 0.8438140625000001 0.62325 0.8450296875 0.6175203125000001 0.8403421874999999 0.614046875 0.8365234375 0.620125 0.8401687499999999 0.6255078125
0 0.8818296875 0.64356875 0.8780109375 0.6463484375 0.878878125 0.6531203125 0.8861687500000001 0.6546828125 0.8901609374999999 0.6531203125 0.8927640625000001 0.6491265625 0.8869796875 0.6437062499999999 0.8818296875 0.64356875
0 0.913303125 0.6568859375 0.9129546875000001 0.6601859375 0.918509375 0.66400625 0.9249328125 0.6681734374999999 0.9277093750000001 0.660359375 0.9188578125 0.6575796875 0.913303125 0.6568859375
0 0.9308343750000001 0.6685218749999999 0.9311812500000001 0.6647000000000001 0.9379515625 0.6662640625 0.9403812500000001 0.663659375 0.930828125 0.660415625 0.9280578125 0.6662640625 0.92823125 0.6702578124999999 0.9308343750000001 0.6685218749999999
0 0.8919515625000001 0.5584390625 0.8888281250000001 0.5589593749999999 0.8851828125000001 0.562259375 0.8831 0.566253125 0.8862234375 0.5683374999999999 0.8888281250000001 0.56260625 0.8995890624999999 0.5678156249999999 0.896465625 0.571984375 0.8973328125 0.576846875 0.9013249999999999 0.572853125 0.90063125 0.568684375 0.904103125 0.5705953125 0.8980281250000001 0.577715625 0.8980281250000001 0.5806671875 0.9042765625 0.5730265625000001 0.9013249999999999 0.580840625 0.90219375 0.5827515625 0.9041234375 0.581640625 0.9072265625 0.571984375 0.9101781250000001 0.5700734375 0.9110453125 0.5650375000000001 0.8929937499999999 0.5518390625 0.8900421875 0.5520125 0.88986875 0.5547921875 0.8929937499999999 0.5567015625 0.8919515625000001 0.5584390625
0 0.8844875 0.5506234375 0.8846921875 0.54664375 0.8803171875 0.5472171875 0.8766718750000001 0.548259375 0.8704281249999999 0.5511453125 0.867871875 0.5521140625000001 0.864903125 0.5549796875 0.8657890625 0.5582109375 0.8674546875000001 0.5588875 0.86906875 0.559409375 0.8739125 0.564409375 0.8743812500000001 0.5669625 0.8782390625 0.567121875 0.8803218749999999 0.565384375 0.8770234374999999 0.5633015625 0.874940625 0.5600015625 0.88255625 0.5648796875000001 0.8843796875000001 0.5615453125000001 0.8836499999999999 0.5593046875 0.8805781250000001 0.5595656250000001 0.88099375 0.5580015625 0.881046875 0.5513328125 0.882925 0.5501031249999999 0.8844875 0.5506234375
0 0.8567140625 0.5608703125 0.86695625 0.5516656249999999 0.861228125 0.5473234375 0.85011875 0.5579171875 0.8567140625 0.5608703125
